A4-A4b-A4c	867878	0.0	0.003203692122605479	0.0055971401059988005	0.00649274919289673	0.005250488448232916	0.005485294579934013	0.005319221632243552	0.005519890859416156	0.07958540516549603	0.08444232150147243	0.07792601785631695	0.08210075577216536	0.07878016939669066	0.08188201973279172	0.08146920681697233	0.08039522823984202	0.0351874411167909	0.03854931667419516
A4	868430	0.003203692122605479	0.0	0.0023951760377824436	0.0032911105563443654	0.0020481929859614036	0.0022830745629074185	0.0021169298295740852	0.0023177987654003796	0.07638497099130087	0.08124188732727727	0.07472558368212179	0.0789003215979702	0.0755797352224955	0.07868158555859656	0.07826877264277717	0.07719479406564686	0.031987006942595736	0.0353488825
A4-A4.3-A4a-A4e	868127	0.0055971401059988005	0.0023951760377824436	0.0	0.001648140097376662	0.0014271487853098565	0.0016619905534393123	0.0014959947903119375	0.0005242599924767111	0.0787783817821327	0.0836352981181091	0.07711899447295362	0.08129373238880204	0.07797314601332733	0.08107499634942839	0.08066218343360901	0.07958820485647869	0.03438041773342757	0.037742293290831834
A4-A4a-A4.3-A4s-A4e	868128	0.00649274919289673	0.0032911105563443654	0.001648140097376662	0.0	0.0030015380314168585	0.0032363797995463143	0.0030703004531355965	0.0021183178836971656	0.07967384277152284	0.08453075910749924	0.07801445546234376	0.08218919337819218	0.07886860700271747	0.08197045733881854	0.08155764442299915	0.08048366584586883	0.03527587872281771	0.03863775428022197
A4-A4.3-A4e	868129	0.005250488448232916	0.0020481929859614036	0.0014271487853098565	0.0030015380314168585	0.0	0.0003875983533724232	0.0005881873266577662	0.0011075519085810433	0.0784317673169283	0.0832886836529047	0.07677238000774922	0.08094711792359763	0.07762653154812293	0.08072838188422399	0.08031556896840461	0.07924159039127429	0.03403380326822318	0.03739567882562744
A4-A4.3-A4e-A4o	868130	0.005485294579934013	0.0022830745629074185	0.0016619905534393123	0.0032363797995463143	0.0003875983533724232	0.0	0.00020058897328534308	0.0011382228643013934	0.0786665734486294	0.0835234897846058	0.07700718613945032	0.08118192405529873	0.07786133767982403	0.0809631880159251	0.0805503751001057	0.07947639652297539	0.034268609399924266	0.03763048495732853
A4/A4.3-A4e-A4o-A4bg	868131	0.005319221632243552	0.0021169298295740852	0.0014959947903119375	0.0030703004531355965	0.0005881873266577662	0.00020058897328534308	0.0	0.0009718860798851247	0.07850040851933526	0.08335732485531167	0.07684102121015618	0.08101575912600459	0.0776951727505299	0.08079702308663095	0.08038421017081156	0.07931023159368125	0.034102444470630135	0.0374643200280344
A4/A4.3-A4a-A4e-A4o-A4bg	868171	0.005519890859416156	0.0023177987654003796	0.0005242599924767111	0.0021183178836971656	0.0011075519085810433	0.0011382228643013934	0.0009718860798851247	0.0	0.07870099948778192	0.08355791582375832	0.07704161217860284	0.08121635009445126	0.07789576371897655	0.08099761405507762	0.08058480113925823	0.07951082256212792	0.0343030354390768	0.03766491099648105
A3-A3at	867888	0.07958540516549603	0.07638497099130087	0.0787783817821327	0.07967384277152284	0.0784317673169283	0.0786665734486294	0.07850040851933526	0.07870099948778192	0.0	0.00657444352929707	0.0016601068372262774	0.0042332579619738025	0.0008055677024186462	0.004015627312660915	0.0040575047127144465	0.003711966682262677	0.05676362113389661	0.060125496691300864
A3-A3s-A3q-A3r	868014	0.08444232150147243	0.08124188732727727	0.0836352981181091	0.08453075910749924	0.0832886836529047	0.0835234897846058	0.08335732485531167	0.08355791582375832	0.00657444352929707	0.0	0.006517024573062693	0.007132151687231277	0.007154844505594399	0.008757750931375633	0.008913977581730936	0.008568447905261675	0.06162053746987301	0.06498241302727727
A3/A3bi	868016	0.07792601785631695	0.07472558368212179	0.07711899447295362	0.07801445546234376	0.07677238000774922	0.07700718613945032	0.07684102121015618	0.07704161217860284	0.0016601068372262774	0.006517024573062693	0.0	0.004175839005739425	0.0008545391348076311	0.003956888905804627	0.00354437806001996	0.002470003824836821	0.055104233824717526	0.05846610938212178
A3ac-A3	868221	0.08210075577216536	0.0789003215979702	0.08129373238880204	0.08218919337819218	0.08094711792359763	0.08118192405529873	0.08101575912600459	0.08121635009445126	0.0042332579619738025	0.007132151687231277	0.004175839005739425	0.0	0.004813658938271132	0.006416458692672322	0.006572633585903823	0.006227348192860213	0.05927897174056594	0.0626408472979702
A3-A3at-A3bi	868255	0.07878016939669066	0.0755797352224955	0.07797314601332733	0.07886860700271747	0.07762653154812293	0.07786133767982403	0.0776951727505299	0.07789576371897655	0.0008055677024186462	0.007154844505594399	0.0008545391348076311	0.004813658938271132	0.0	0.004594833936209187	0.004182427899118979	0.0031081420937012594	0.055958385365091234	0.059320260922495496
A3-A3bi-A3au-A3av-A3aw	868318	0.08188201973279172	0.07868158555859656	0.08107499634942839	0.08197045733881854	0.08072838188422399	0.0809631880159251	0.08079702308663095	0.08099761405507762	0.004015627312660915	0.008757750931375633	0.003956888905804627	0.006416458692672322	0.004594833936209187	0.0	0.0012510313670090914	0.0027421187056371806	0.0590602357011923	0.06242211125859656
A3-A3bi-A3au-A3av-A3cy-A3aw	868319	0.08146920681697233	0.07826877264277717	0.08066218343360901	0.08155764442299915	0.08031556896840461	0.0805503751001057	0.08038421017081156	0.08058480113925823	0.0040575047127144465	0.008913977581730936	0.00354437806001996	0.006572633585903823	0.004182427899118979	0.0012510313670090914	0.0	0.0014912414769996751	0.05864742278537291	0.062009298342777165
A3-A3bi-A3cy-A3au	868342	0.08039522823984202	0.07719479406564686	0.07958820485647869	0.08048366584586883	0.07924159039127429	0.07947639652297539	0.07931023159368125	0.07951082256212792	0.003711966682262677	0.008568447905261675	0.002470003824836821	0.006227348192860213	0.0031081420937012594	0.0027421187056371806	0.0014912414769996751	0.0	0.05757344420824261	0.06093531976564687
A1/A1h	867896	0.0351874411167909	0.031987006942595736	0.03438041773342757	0.03527587872281771	0.03403380326822318	0.034268609399924266	0.034102444470630135	0.0343030354390768	0.05676362113389661	0.06162053746987301	0.055104233824717526	0.05927897174056594	0.055958385365091234	0.0590602357011923	0.05864742278537291	0.05757344420824261	0.0	0.00516753784259574
A13	868443	0.03854931667419516	0.0353488825	0.037742293290831834	0.03863775428022197	0.03739567882562744	0.03763048495732853	0.0374643200280344	0.03766491099648105	0.060125496691300864	0.06498241302727727	0.05846610938212178	0.0626408472979702	0.059320260922495496	0.06242211125859656	0.062009298342777165	0.06093531976564687	0.00516753784259574	0.0
