A4-A4b-A4c	867878	0.0	0.002347376318038196	0.003986874253607525	0.004660588601620063	0.003678203439786021	0.0038042475916234787	0.0038728945220773883	0.003962115634184966	0.07881496048588141	0.08034132930790273	0.07745223003647635	0.08146027333553243	0.07852404628251175	0.07971503585197715	0.0794875572981434	0.07894462333705014	0.03388586919122088	0.037693683875532444
A4	868430	0.002347376318038196	0.0	0.0016406453913326005	0.002314790453779244	0.0013317118332766722	0.001457807086422715	0.001526513804919016	0.0016158894861127773	0.07647015911034896	0.07799652793237029	0.0751074286609439	0.07911547195999999	0.0761792449069793	0.07737023447644471	0.07714275592261095	0.07659982196151768	0.03154106781568843	0.0353488825
A4-A4.3-A4a-A4e	868127	0.003986874253607525	0.0016406453913326005	0.0	0.0014543029124652975	0.0009838924377314994	0.000995772542747204	0.0010644741785051789	0.00036778600490167384	0.0781096570459183	0.07963602586793962	0.07674692659651323	0.08075496989556932	0.07781874284254864	0.07900973241201403	0.07878225385818029	0.07823931989708702	0.03318056575125776	0.036988380435569325
A4-A4a-A4.3-A4s-A4e	868128	0.004660588601620063	0.002314790453779244	0.0014543029124652975	0.0	0.0022040800106226457	0.0023301325867326533	0.00239882470814837	0.0017020543902219554	0.07878330129378228	0.08030967011580359	0.07742057084437722	0.08142861414343332	0.07849238709041262	0.07968337665987801	0.07945589810604427	0.078912964144951	0.03385420999912174	0.03766202468343331
A4-A4.3-A4e	868129	0.003678203439786021	0.0013317118332766722	0.0009838924377314994	0.0022040800106226457	0.0	0.00016218995954930796	0.0004245222390534072	0.0007895555350057525	0.0778009862320968	0.07932735505411811	0.07643825578269173	0.08044629908174783	0.07751007202872713	0.07870106159819254	0.07847358304435878	0.07793064908326552	0.03287189493743626	0.036679709621747825
A4-A4.3-A4e-A4o	868130	0.0038042475916234787	0.001457807086422715	0.000995772542747204	0.0023301325867326533	0.00016218995954930796	0.0	0.0002623322795040992	0.0006282469627574486	0.07792703038393425	0.07945339920595557	0.07656429993452918	0.08057234323358528	0.07763611618056458	0.07882710575002999	0.07859962719619623	0.07805669323510298	0.03299793908927371	0.036805753773585276
A4/A4.3-A4e-A4o-A4bg	868131	0.0038728945220773883	0.001526513804919016	0.0010644741785051789	0.00239882470814837	0.0004245222390534072	0.0002623322795040992	0.0	0.0006967703179264147	0.07799567731438815	0.07952204613640948	0.07663294686498309	0.0806409901640392	0.07770476311101848	0.0788957526804839	0.07866827412665015	0.07812534016555689	0.033066586019727624	0.03687440070403919
A4/A4.3-A4a-A4e-A4o-A4bg	868171	0.003962115634184966	0.0016158894861127773	0.00036778600490167384	0.0017020543902219554	0.0007895555350057525	0.0006282469627574486	0.0006967703179264147	0.0	0.07808489842649573	0.07961126724851705	0.07672216797709067	0.08073021127614677	0.07779398422312608	0.07898497379259148	0.07875749523875772	0.07821456127766446	0.0331558071318352	0.03696362181614676
A3-A3at	867888	0.07881496048588141	0.07647015911034896	0.0781096570459183	0.07878330129378228	0.0778009862320968	0.07792703038393425	0.07799567731438815	0.07808489842649573	0.0	0.0020271455843984265	0.0013632955928907103	0.0031470672787281277	0.00032747469524047567	0.00208612718537396	0.0018098167337196166	0.001374551580264982	0.0564028701260374	0.06021068481034896
A3-A3s-A3q-A3r	868014	0.08034132930790273	0.07799652793237029	0.07963602586793962	0.08030967011580359	0.07932735505411811	0.07945339920595557	0.07952204613640948	0.07961126724851705	0.0020271455843984265	0.0	0.0028896644149120345	0.0041025401590702795	0.002354513334800046	0.003612222862024358	0.0033359928328301047	0.002900784829400883	0.057929238948058716	0.06173705363237029
A3/A3bi	868016	0.07745223003647635	0.0751074286609439	0.07674692659651323	0.07742057084437722	0.07643825578269173	0.07656429993452918	0.07663294686498309	0.07672216797709067	0.0013632955928907103	0.0028896644149120345	0.0	0.004009243299056094	0.001072264801179882	0.002263157145234858	0.0020357988425777312	0.0014929158525777383	0.055040139676632335	0.0588479543609439
A3ac-A3	868221	0.08146027333553243	0.07911547195999999	0.08075496989556932	0.08142861414343332	0.08044629908174783	0.08057234323358528	0.0806409901640392	0.08073021127614677	0.0031470672787281277	0.0041025401590702795	0.004009243299056094	0.0	0.0034744169864673537	0.004731898383355328	0.004455730423034786	0.004020663110179965	0.05904818297568843	0.06285599766
A3-A3at-A3bi	868255	0.07852404628251175	0.0761792449069793	0.07781874284254864	0.07849238709041262	0.07751007202872713	0.07763611618056458	0.07770476311101848	0.07779398422312608	0.00032747469524047567	0.002354513334800046	0.001072264801179882	0.0034744169864673537	0.0	0.0017950963936631313	0.001518785942008788	0.0010835207885541533	0.05611195592266773	0.0599197706069793
A3-A3bi-A3au-A3av-A3aw	868318	0.07971503585197715	0.07737023447644471	0.07900973241201403	0.07968337665987801	0.07870106159819254	0.07882710575002999	0.0788957526804839	0.07898497379259148	0.00208612718537396	0.003612222862024358	0.002263157145234858	0.004731898383355328	0.0017950963936631313	0.0	0.0006039687736055628	0.001257255942481504	0.057302945492133134	0.061110760176444706
A3-A3bi-A3au-A3av-A3cy-A3aw	868319	0.0794875572981434	0.07714275592261095	0.07878225385818029	0.07945589810604427	0.07847358304435878	0.07859962719619623	0.07866827412665015	0.07875749523875772	0.0018098167337196166	0.0033359928328301047	0.0020357988425777312	0.004455730423034786	0.001518785942008788	0.0006039687736055628	0.0	0.0007019764309693762	0.05707546693829938	0.06088328162261095
A3-A3bi-A3cy-A3au	868342	0.07894462333705014	0.07659982196151768	0.07823931989708702	0.078912964144951	0.07793064908326552	0.07805669323510298	0.07812534016555689	0.07821456127766446	0.001374551580264982	0.002900784829400883	0.0014929158525777383	0.004020663110179965	0.0010835207885541533	0.001257255942481504	0.0007019764309693762	0.0	0.056532532977206125	0.06034034766151769
A1/A1h	867896	0.03388586919122088	0.03154106781568843	0.03318056575125776	0.03385420999912174	0.03287189493743626	0.03299793908927371	0.033066586019727624	0.0331558071318352	0.0564028701260374	0.057929238948058716	0.055040139676632335	0.05904818297568843	0.05611195592266773	0.057302945492133134	0.05707546693829938	0.056532532977206125	0.0	0.004721598715688431
A13	868443	0.037693683875532444	0.0353488825	0.036988380435569325	0.03766202468343331	0.036679709621747825	0.036805753773585276	0.03687440070403919	0.03696362181614676	0.06021068481034896	0.06173705363237029	0.0588479543609439	0.06285599766	0.0599197706069793	0.061110760176444706	0.06088328162261095	0.06034034766151769	0.004721598715688431	0.0
