A4-A4b-A4c	867878	0	1.0	1.0	0.5429722851385743	1.0	1.0	1.0	0.5615165772513412	0.6356236437635624	0.5429745702542974	0.5429768553471698	0.5889161662575061	0.6280555791663125	1.0	1.0	1.0	1.0	1.0
A3-A3at	867888	1.0	0	1.0	1.0	1.0	0.36044959325610115	0.3597464025359746	1.0	1.0	1.0	1.0	1.0	1.0	0.5505144948550514	0.16596251056234157	0.5630787384252315	0.5582388352232955	0.42623860642090367
A1/A1h	867896	1.0	1.0	0	1.0	1.0	1.0	1.0	1.0	1.0	1.0	1.0	1.0	1.0	1.0	1.0	1.0	1.0	1.0
A4	868430	0.5429722851385743	1.0	1.0	0	1.0	1.0	1.0	0.5615143848561515	0.6356218218908906	0.48054259728701354	0.5360646393536065	0.5889141108588914	0.6280537194628054	1.0	1.0	1.0	1.0	1.0
A13	868443	1.0	1.0	1.0	1.0	0	1.0	1.0	1.0	1.0	1.0	1.0	1.0	1.0	1.0	1.0	1.0	1.0	1.0
A3-A3s-A3q-A3r	868014	1.0	0.36044959325610115	1.0	1.0	1.0	0	0.36044959325610115	1.0	1.0	1.0	1.0	1.0	1.0	0.5505167422488663	0.3604527909441811	0.5630809229769256	0.5582410439739006	0.4262414751704966
A3/A3bi	868016	1.0	0.3597464025359746	1.0	1.0	1.0	0.36044959325610115	0	1.0	1.0	1.0	1.0	1.0	1.0	0.5505144948550514	0.19378209326860096	0.376772464550709	0.41061178776424473	0.25269120963185554
A4-A4.3-A4a-A4e	868127	0.5615165772513412	1.0	1.0	0.5615143848561515	1.0	1.0	1.0	0	0.16274255886161706	0.20736188957165644	0.20736585268294633	0.249115017699646	0.1877762444751105	1.0	1.0	1.0	1.0	1.0
A4-A4a-A4.3-A4s-A4e	868128	0.6356236437635624	1.0	1.0	0.6356218218908906	1.0	1.0	1.0	0.16274255886161706	0	0.36144638553614467	0.3614495782563262	0.3614495782563262	0.22671159932601012	1.0	1.0	1.0	1.0	1.0
A4-A4.3-A4e	868129	0.5429745702542974	1.0	1.0	0.48054259728701354	1.0	1.0	1.0	0.20736188957165644	0.36144638553614467	0	0.08763368549471758	0.20558191627125594	0.3184502232466513	1.0	1.0	1.0	1.0	1.0
A4-A4.3-A4e-A4o	868130	0.5429768553471698	1.0	1.0	0.5360646393536065	1.0	1.0	1.0	0.20736585268294633	0.3614495782563262	0.08763368549471758	0	0.11794764104717906	0.23081538369232615	1.0	1.0	1.0	1.0	1.0
A4/A4.3-A4e-A4o-A4bg	868131	0.5889161662575061	1.0	1.0	0.5889141108588914	1.0	1.0	1.0	0.249115017699646	0.3614495782563262	0.20558191627125594	0.11794764104717906	0	0.1370372592548149	1.0	1.0	1.0	1.0	1.0
A4/A4.3-A4a-A4e-A4o-A4bg	868171	0.6280555791663125	1.0	1.0	0.6280537194628054	1.0	1.0	1.0	0.1877762444751105	0.22671159932601012	0.3184502232466513	0.23081538369232615	0.1370372592548149	0	1.0	1.0	1.0	1.0	1.0
A3ac-A3	868221	1.0	0.5505144948550514	1.0	1.0	1.0	0.5505167422488663	0.5505144948550514	1.0	1.0	1.0	1.0	1.0	1.0	0	0.5505167422488663	0.5630787384252315	0.5582388352232955	0.5505167422488663
A3-A3at-A3bi	868255	1.0	0.16596251056234157	1.0	1.0	1.0	0.3604527909441811	0.19378209326860096	1.0	1.0	1.0	1.0	1.0	1.0	0.5505167422488663	0	0.3971150721231969	0.4106147346316342	0.2602747945041099
A3-A3bi-A3au-A3av-A3aw	868318	1.0	0.5630787384252315	1.0	1.0	1.0	0.5630809229769256	0.376772464550709	1.0	1.0	1.0	1.0	1.0	1.0	0.5630787384252315	0.3971150721231969	0	0.10101696949091528	0.280807979800505
A3-A3bi-A3au-A3av-A3cy-A3aw	868319	1.0	0.5582388352232955	1.0	1.0	1.0	0.5582410439739006	0.41061178776424473	1.0	1.0	1.0	1.0	1.0	1.0	0.5582388352232955	0.4106147346316342	0.10101696949091528	0	0.20570985725356866
A3-A3bi-A3cy-A3au	868342	1.0	0.42623860642090367	1.0	1.0	1.0	0.4262414751704966	0.25269120963185554	1.0	1.0	1.0	1.0	1.0	1.0	0.5505167422488663	0.2602747945041099	0.280807979800505	0.20570985725356866	0
