23
22403      0.0000000 0.0043579 0.0635026 0.0682059 0.0087210 0.0175703 0.0636800 0.0588235 0.0265256 0.0636800 0.0588235 0.0086980 0.0043390 0.0087210 0.0087361 0.0685893 0.0489928 0.0174771 0.0637927 0.0636800 0.0043390 0.0444330 0.0489928 
34696      0.0043579 0.0000000 0.0685176 0.0732658 0.0131692 0.0221120 0.0687105 0.0637922 0.0311579 0.0687105 0.0637922 0.0131341 0.0087361 0.0131692 0.0131341 0.0736811 0.0538146 0.0219937 0.0688321 0.0687105 0.0087361 0.0492120 0.0538146 
37645      0.0635026 0.0685176 0.0000000 0.0042649 0.0731368 0.0820210 0.0085710 0.0042649 0.0927616 0.0085710 0.0042649 0.0729317 0.0682059 0.0731368 0.0732658 0.0129204 0.0395143 0.0824535 0.0085861 0.0085710 0.0682059 0.0350414 0.0395143 
37646      0.0682059 0.0732658 0.0042649 0.0000000 0.0779001 0.0867919 0.0128868 0.0085487 0.0976446 0.0128868 0.0085487 0.0776808 0.0729317 0.0779001 0.0780375 0.0172669 0.0440092 0.0872500 0.0042827 0.0128868 0.0729317 0.0395143 0.0440092 
50831      0.0087210 0.0131692 0.0731368 0.0779001 0.0000000 0.0176173 0.0733432 0.0683971 0.0265972 0.0733432 0.0683971 0.0087210 0.0131114 0.0087442 0.0087592 0.0783425 0.0583379 0.0175236 0.0734728 0.0733432 0.0043504 0.0537212 0.0583379 
50832      0.0175703 0.0221120 0.0820210 0.0867919 0.0176173 0.0000000 0.0822522 0.0772736 0.0357290 0.0822522 0.0772736 0.0175703 0.0220146 0.0176173 0.0176479 0.0872845 0.0671026 0.0264798 0.0823966 0.0822522 0.0131464 0.0624789 0.0671026 
38165      0.0636800 0.0687105 0.0085710 0.0128868 0.0733432 0.0822522 0.0000000 0.0042760 0.0930285 0.0000010 0.0042760 0.0731368 0.0683971 0.0733432 0.0734728 0.0129543 0.0396211 0.0826872 0.0086084 0.0085934 0.0683971 0.0351356 0.0396211 
29206      0.0588235 0.0637922 0.0042649 0.0085487 0.0683971 0.0772736 0.0042760 0.0000000 0.0879031 0.0042760 0.0000010 0.0682059 0.0635026 0.0683971 0.0685176 0.0085934 0.0350414 0.0776808 0.0042827 0.0042760 0.0635026 0.0305897 0.0350414 
63388      0.0265256 0.0311579 0.0927616 0.0976446 0.0265972 0.0357290 0.0930285 0.0879031 0.0000000 0.0930285 0.0879031 0.0176007 0.0310192 0.0265972 0.0266430 0.0982102 0.0773810 0.0087592 0.0883119 0.0930285 0.0220527 0.0726517 0.0773810 
62749      0.0636800 0.0687105 0.0085710 0.0128868 0.0733432 0.0822522 0.0000010 0.0042760 0.0930285 0.0000000 0.0042396 0.0731368 0.0683971 0.0733432 0.0734728 0.0129543 0.0396211 0.0826872 0.0086084 0.0085934 0.0683971 0.0351356 0.0396211 
1265442    0.0588235 0.0637922 0.0042649 0.0085487 0.0683971 0.0772736 0.0042760 0.0000010 0.0879031 0.0042396 0.0000000 0.0682059 0.0635026 0.0683971 0.0685176 0.0085934 0.0350414 0.0776808 0.0042827 0.0042760 0.0635026 0.0305897 0.0350414 
22438      0.0086980 0.0131341 0.0729317 0.0776808 0.0087210 0.0175703 0.0731368 0.0682059 0.0176007 0.0731368 0.0682059 0.0000000 0.0130774 0.0087210 0.0087361 0.0781207 0.0581778 0.0086980 0.0732657 0.0731368 0.0043390 0.0535744 0.0581778 
43946      0.0043390 0.0087361 0.0682059 0.0729317 0.0131114 0.0220146 0.0683971 0.0635026 0.0310192 0.0683971 0.0635026 0.0130774 0.0000000 0.0131114 0.0131341 0.0733432 0.0535744 0.0218973 0.0685175 0.0683971 0.0086980 0.0489928 0.0535744 
364589     0.0087210 0.0131692 0.0731368 0.0779001 0.0087442 0.0176173 0.0733432 0.0683971 0.0265972 0.0733432 0.0683971 0.0087210 0.0131114 0.0000000 0.0087592 0.0783425 0.0583379 0.0175236 0.0734728 0.0733432 0.0043504 0.0537212 0.0583379 
35893      0.0087361 0.0131341 0.0732658 0.0780375 0.0087592 0.0176479 0.0734728 0.0685176 0.0266430 0.0734728 0.0685176 0.0087361 0.0131341 0.0087592 0.0000000 0.0784815 0.0584394 0.0175538 0.0736029 0.0734728 0.0043579 0.0538146 0.0584394 
45238      0.0685893 0.0736811 0.0129204 0.0172669 0.0783425 0.0872845 0.0129543 0.0085934 0.0982102 0.0129543 0.0085934 0.0781207 0.0733432 0.0783425 0.0784815 0.0000000 0.0442471 0.0877477 0.0129763 0.0042760 0.0733432 0.0397279 0.0442471 
2111       0.0489928 0.0538146 0.0395143 0.0440092 0.0583379 0.0671026 0.0396211 0.0350414 0.0773810 0.0396211 0.0350414 0.0581778 0.0535744 0.0583379 0.0584394 0.0442471 0.0000000 0.0674520 0.0396892 0.0396211 0.0535744 0.0042649 0.0085487 
22472      0.0174771 0.0219937 0.0824535 0.0872500 0.0175236 0.0264798 0.0826872 0.0776808 0.0087592 0.0826872 0.0776808 0.0086980 0.0218973 0.0175236 0.0175538 0.0877477 0.0674520 0.0000000 0.0780376 0.0826872 0.0130774 0.0628038 0.0674520 
43731      0.0637927 0.0688321 0.0085861 0.0042827 0.0734728 0.0823966 0.0086084 0.0042827 0.0883119 0.0086084 0.0042827 0.0732657 0.0685175 0.0734728 0.0736029 0.0129763 0.0396892 0.0780376 0.0000000 0.0086084 0.0685175 0.0351957 0.0396892 
40166      0.0636800 0.0687105 0.0085710 0.0128868 0.0733432 0.0822522 0.0085934 0.0042760 0.0930285 0.0085934 0.0042760 0.0731368 0.0683971 0.0733432 0.0734728 0.0042760 0.0396211 0.0826872 0.0086084 0.0000000 0.0683971 0.0351356 0.0396211 
22385      0.0043390 0.0087361 0.0682059 0.0729317 0.0043504 0.0131464 0.0683971 0.0635026 0.0220527 0.0683971 0.0635026 0.0043390 0.0086980 0.0043504 0.0043579 0.0733432 0.0535744 0.0130774 0.0685175 0.0683971 0.0000000 0.0489928 0.0535744 
883        0.0444330 0.0492120 0.0350414 0.0395143 0.0537212 0.0624789 0.0351356 0.0305897 0.0726517 0.0351356 0.0305897 0.0535744 0.0489928 0.0537212 0.0538146 0.0397279 0.0042649 0.0628038 0.0351957 0.0351356 0.0489928 0.0000000 0.0042649 
8181       0.0489928 0.0538146 0.0395143 0.0440092 0.0583379 0.0671026 0.0396211 0.0350414 0.0773810 0.0396211 0.0350414 0.0581778 0.0535744 0.0583379 0.0584394 0.0442471 0.0085487 0.0674520 0.0396892 0.0396211 0.0535744 0.0042649 0.0000000 
