B5-B5a-B5b-B5e-B5f-B5d-B5c	1459712	0	0.1368758937231883	1.0	1.0	1.0	1.0	1.0	1.0	1.0	0.20266392008239753	1.0	1.0	1.0	1.0	1.0	1.0	1.0	1.0	0.8554936126596835	1.0	0.5990320290391288	0.23701670441534547	0.3633859153521162	1.0	1.0	0.4208202712905048	1.0	0.36338273234535307	0.5661708457288568	0.6002439914602989	0.9448511029779404	1.0	0.6001039963601273	0.21478748243811466	1.0	1.0	1.0	1.0	1.0	1.0	1.0	1.0	1.0	1.0	1.0	1.0	1.0	1.0	0.5837824865254042	1.0	1.0	1.0	1.0	1.0	1.0	1.0	1.0	1.0	1.0	1.0	1.0	1.0	1.0	1.0	1.0	1.0	1.0	1.0	1.0	1.0	1.0	1.0	1.0	1.0	1.0	0.3633890983270502	1.0	1.0	1.0	1.0	1.0	0.5755548555800547	1.0	1.0	1.0	0.5658430247092587	1.0	1.0	1.0	1.0	1.0	1.0	1.0	1.0	1.0	1.0	1.0	1.0	1.0	0.3633890983270502	1.0	1.0	1.0	1.0	1.0	1.0	1.0	1.0	1.0	1.0	1.0	1.0	1.0	1.0	1.0	1.0	1.0	1.0	1.0	1.0	1.0	1.0	1.0	1.0	0.17338719757610907	0.3633890983270502	0.09579616815327387	0.20486385408437746	1.0	0.21350752723654673	1.0	0.4915227119322017	0.5907002324941877
B5-B5a-B5b-B5d-B5c	1459713	0.1368758937231883	0	1.0	1.0	1.0	1.0	1.0	1.0	1.0	0.11625767484650307	1.0	1.0	1.0	1.0	1.0	1.0	1.0	1.0	0.8554921676174857	1.0	0.5126797464050719	0.2500987475313117	0.38345924811127835	1.0	1.0	0.33446663833404167	1.0	0.3834561654383456	0.5661665075023875	0.5138921526961826	1.0	1.0	0.513752156196095	0.14416139596510089	1.0	1.0	1.0	1.0	1.0	1.0	1.0	1.0	1.0	1.0	1.0	1.0	1.0	1.0	0.497430051398972	1.0	1.0	1.0	1.0	1.0	1.0	1.0	1.0	1.0	1.0	1.0	1.0	1.0	1.0	1.0	1.0	1.0	1.0	1.0	1.0	1.0	1.0	1.0	1.0	1.0	1.0	0.38346233075338493	1.0	1.0	1.0	1.0	1.0	0.48920276993075174	1.0	1.0	1.0	0.5658386832263355	1.0	1.0	1.0	1.0	1.0	1.0	1.0	1.0	1.0	1.0	1.0	1.0	1.0	0.38346233075338493	1.0	1.0	1.0	1.0	1.0	1.0	1.0	1.0	1.0	1.0	1.0	1.0	1.0	1.0	1.0	1.0	1.0	1.0	1.0	1.0	1.0	1.0	1.0	1.0	0.23465678701245457	0.38346233075338493	0.1624351269461916	0.23535529289414212	1.0	0.20411989700257493	1.0	0.405168922466163	0.5906961395579067
B1-B5de-B1br-B1dr-B1dq-B1ev	1460230	1.0	1.0	0	0.41385051523196686	0.38139855804325873	0.4925202991880325	0.47991080356785726	0.19227615447691046	0.3381032379352413	1.0	0.9097427077187684	0.33810654733631657	1.0	0.4598689045883394	0.4327898523551676	0.3381032379352413	0.33810654733631657	0.33810654733631657	0.24136517269654606	0.509379812403752	1.0	1.0	1.0	1.0	0.3380999285010725	1.0	1.0	1.0	1.0	1.0	1.0	0.41358052468163614	1.0	1.0	1.0	1.0	0.4631307373852523	1.0	0.8910327241818955	0.3381032379352413	0.3381131660391886	0.3381098567042989	1.0	0.33810654733631657	1.0	1.0	0.3381131660391886	0.3381098567042989	1.0	0.2683582910427239	0.3381098567042989	0.3381098567042989	0.495622696978636	0.4502419903203872	0.7200283991480255	0.6726498205053848	0.38965525861853456	0.33810654733631657	0.7827765167044989	0.8073257802265932	0.33810654733631657	0.38983830485085447	0.4147534098636055	0.33810654733631657	0.33810654733631657	0.3381098567042989	0.3381098567042989	0.2237355252894942	0.45879164833406666	0.4034838606455742	0.666669999900003	0.41879034233801815	0.4470221191152354	0.43869806509674514	0.3381032379352413	1.0	0.890423287301381	1.0	0.3381032379352413	0.3381032379352413	1.0	1.0	1.0	1.0	0.33810654733631657	1.0	0.33810654733631657	0.3381164753409864	0.2502324930252092	0.4552017919283229	0.33810654733631657	0.5361362352317669	0.3381098567042989	0.3381098567042989	0.3381032379352413	0.33810654733631657	0.5025949221523355	0.3381032379352413	0.33810654733631657	1.0	0.42949996750113745	0.926712198634041	0.43952961646342376	0.39651112211072614	0.3381098567042989	0.9061732839350622	0.3381032379352413	0.3381098567042989	1.0	1.0	0.3381032379352413	0.7065673358166046	0.3381032379352413	0.3381131660391886	0.33810654733631657	0.7761778337758178	0.35021949341519754	0.9509812254693633	0.43783686489405316	0.518392040198995	0.4334398296059638	1.0	0.6771580710482238	0.3381032379352413	1.0	1.0	1.0	1.0	0.33810654733631657	1.0	1.0	1.0	0.4093118137637247
B1-B1x-B1t-B14b-B1af-B1ag-B1ae-B1bh-B1be	1459733	1.0	1.0	0.41385051523196686	0	0.102011429599964	0.43605537750801215	0.4158262878170482	0.41384465388365294	0.41384465388365294	1.0	0.9097431589894354	0.3293301200963971	1.0	0.19592216311347546	0.3025778968841246	0.41384465388365294	0.41384758457246285	0.41384758457246285	0.41384465388365294	0.509382265443364	1.0	1.0	1.0	1.0	0.4138417231655367	1.0	1.0	1.0	1.0	1.0	1.0	0.32168713251469944	1.0	1.0	1.0	1.0	0.46313342166445837	1.0	0.8910332690019299	0.41384465388365294	0.3814347426102956	0.3785317513887014	1.0	0.41384758457246285	1.0	1.0	0.4138534458621655	0.41385051523196686	1.0	0.41384758457246285	0.36238231661891834	0.41385051523196686	0.29537523123843806	0.3657285422156003	0.8589149379771708	0.6493322733704321	0.3293301200963971	0.27188184354469364	0.7827776027839025	0.8073267435639753	0.41384758457246285	0.3396831110911118	0.28567214475348607	0.41384758457246285	0.41384758457246285	0.41385051523196686	0.38724144654937076	0.41384465388365294	0.3476993535290912	0.29175187116579754	0.5131570395036174	0.3342766289348426	0.1692373843177057	0.34560599167045813	0.41384465388365294	1.0	0.8904238351657692	1.0	0.41384465388365294	0.41384465388365294	1.0	1.0	1.0	0.9324113517729645	0.41384758457246285	1.0	0.41384758457246285	0.4138563764630592	0.41385051523196686	0.34344954477048534	0.36149915502534924	0.4575716971321147	0.3506527271545496	0.39035133770318037	0.41384465388365294	0.41384758457246285	0.3812316568920088	0.41384465388365294	0.25217243482695517	1.0	0.3138474461021559	0.9267125650602229	0.22847086116555337	0.22216111355545778	0.41385051523196686	0.906173753049878	0.41384465388365294	0.21135760248391305	1.0	1.0	0.41384465388365294	0.706568802935912	0.41384465388365294	0.4138534458621655	0.41384758457246285	0.7761789528418863	0.3771018014369497	0.9509814705558833	0.32694355697550587	0.43387698369048927	0.2984580616775329	1.0	0.5893923182304531	0.41384465388365294	1.0	1.0	1.0	1.0	0.41384758457246285	1.0	1.0	1.0	0.41384465388365294
B1-B1x-B1t-B1az-B14b-B1ae-B1af-B1ag	1459736	1.0	1.0	0.38139855804325873	0.102011429599964	0	0.4360525578976841	0.41582336706531736	0.38139237215255695	0.38139237215255695	1.0	0.9097427077187684	0.2985475363115922	1.0	0.17392891248806291	0.30424435144769935	0.38139237215255695	0.3813954651133722	0.3813954651133722	0.38139237215255695	0.509379812403752	1.0	1.0	1.0	1.0	0.3813892791608126	1.0	1.0	1.0	1.0	1.0	1.0	0.32141375051873183	1.0	1.0	1.0	1.0	0.4631307373852523	1.0	0.8910327241818955	0.38139237215255695	0.3489827856025039	0.34607961761147166	1.0	0.3813954651133722	1.0	1.0	0.381401650942217	0.38139855804325873	1.0	0.3813954651133722	0.3299301020969371	0.38139855804325873	0.3160707768150433	0.3673953041878325	0.8589142325730228	0.6493305200843975	0.30680732981675457	0.247108822279443	0.7827765167044989	0.8073257802265932	0.3813954651133722	0.3156705298841035	0.2916783328666853	0.3813954651133722	0.3813954651133722	0.38139855804325873	0.3547893563193104	0.38139237215255695	0.31064757409703614	0.281378744850206	0.46929592112236634	0.33594324198653047	0.1390344386224551	0.3456027198640068	0.38139237215255695	1.0	0.890423287301381	1.0	0.38139237215255695	0.38139237215255695	1.0	1.0	1.0	0.9311610325845112	0.3813954651133722	1.0	0.3813954651133722	0.3814047438102476	0.38139855804325873	0.3061677532898684	0.28340791480212996	0.457568985085522	0.3182004539863804	0.35789926302210934	0.38139237215255695	0.3813954651133722	0.37997860064198075	0.38139237215255695	0.20769980750481237	1.0	0.31985380511682093	0.926712198634041	0.16939907103251386	0.15653952111676092	0.38139855804325873	0.9061732839350622	0.38139237215255695	0.11785646430607082	1.0	1.0	0.3202435951280974	0.7065673358166046	0.38139237215255695	0.381401650942217	0.3813954651133722	0.7761778337758178	0.3446496605101847	0.9509812254693633	0.32694019179424616	0.43554411139721505	0.30012449564265253	1.0	0.5893902652433689	0.38139237215255695	1.0	1.0	1.0	1.0	0.3813954651133722	1.0	1.0	1.0	0.4093118137637247
B1-B14e-B14c-B1ai-B1x-B1ao-B1j-B1am	1459740	1.0	1.0	0.4925202991880325	0.43605537750801215	0.4360525578976841	0	0.06996650167491625	0.4925152245432637	0.4925152245432637	1.0	0.9097436102555898	0.359162429314974	1.0	0.43605537750801215	0.39091740871660774	0.4925152245432637	0.49251776187833424	0.49251776187833424	0.4925152245432637	0.5093847184584462	1.0	1.0	1.0	1.0	0.49251268718282043	1.0	1.0	1.0	1.0	1.0	1.0	0.1735371908264128	1.0	1.0	1.0	1.0	0.4925152245432637	1.0	0.8910338138165165	0.4925152245432637	0.4601042953067112	0.45720171193152276	1.0	0.49251776187833424	1.0	1.0	0.4925228364723587	0.4925202991880325	1.0	0.49251776187833424	0.44105235790568376	0.4925202991880325	0.43916084615346157	0.1447127643617819	0.8589156433742651	0.6358745650173993	0.3481228157014504	0.40728074517391893	0.782778688852446	0.8073277068917243	0.49251776187833424	0.390414383424663	0.35246237688115595	0.49251776187833424	0.49251776187833424	0.4925202991880325	0.4659113635454582	0.4925152245432637	0.3173541322933853	0.3904204789760512	0.4984400623975041	0.3904174312155953	0.4360581970901455	0.15040097594144353	0.4925152245432637	1.0	0.890424383024679	1.0	0.4925152245432637	0.4925152245432637	1.0	1.0	1.0	1.0	0.49251776187833424	1.0	0.49251776187833424	0.49252537373131344	0.4925202991880325	0.33151342432878356	0.3686520971765988	0.09733062012209451	0.4390924363025479	0.4925202991880325	0.4925152245432637	0.49251776187833424	0.3370565177392904	0.4925152245432637	0.3769318073867415	1.0	0.3439295231714573	0.9267129314827407	0.36209870555824986	0.3890974906129224	0.4925202991880325	0.9061742221600028	0.4925152245432637	0.4360525578976841	1.0	1.0	0.4925152245432637	0.7065702700405486	0.4925152245432637	0.4925228364723587	0.49251776187833424	0.7761800718967646	0.4925202991880325	0.9509817156399526	0.3340966361345546	0.4162904298349558	0.3904174312155953	1.0	0.5231166909158179	0.4925152245432637	1.0	1.0	1.0	1.0	0.49251776187833424	1.0	1.0	1.0	0.4925152245432637
B1-B14c-B14e-B1x-B1ai-B1ao-B1j-B1am-B1an	1459741	1.0	1.0	0.47991080356785726	0.4158262878170482	0.41582336706531736	0.06996650167491625	0	0.479905602831915	0.479905602831915	1.0	0.9097436102555898	0.3659621913233037	1.0	0.4158262878170482	0.37068831902564386	0.479905602831915	0.4799082032128876	0.4799082032128876	0.479905602831915	0.5093847184584462	1.0	1.0	1.0	1.0	0.4799030024249394	1.0	1.0	1.0	1.0	1.0	1.0	0.15732792024358905	1.0	1.0	1.0	1.0	0.479905602831915	1.0	0.8910338138165165	0.479905602831915	0.4474948627311771	0.44459221631134754	1.0	0.4799082032128876	1.0	1.0	0.47991340389682463	0.47991080356785726	1.0	0.4799082032128876	0.4284428622855086	0.47991080356785726	0.4315412652304123	0.14359282035898205	0.8589156433742651	0.6358745650173993	0.32617358392456264	0.38705145319913803	0.782778688852446	0.8073277068917243	0.4799082032128876	0.3701851925922963	0.33223338833058347	0.4799082032128876	0.4799082032128876	0.47991080356785726	0.453301867925283	0.479905602831915	0.3063946802659867	0.3701914904254787	0.4812407503699852	0.37018834152463137	0.415829208539573	0.15297082175069496	0.479905602831915	1.0	0.890424383024679	1.0	0.479905602831915	0.479905602831915	1.0	1.0	1.0	1.0	0.4799082032128876	1.0	0.4799082032128876	0.47991600419979	0.47991080356785726	0.3383130843457827	0.3830715924942627	0.1596778144983476	0.4264829406823727	0.47991080356785726	0.479905602831915	0.4799082032128876	0.3247970081196752	0.479905602831915	0.3659621913233037	1.0	0.3295801688923998	0.9267129314827407	0.341869615867286	0.3688684009219585	0.47991080356785726	0.9061742221600028	0.479905602831915	0.41582336706531736	1.0	1.0	0.479905602831915	0.7065702700405486	0.479905602831915	0.47991340389682463	0.4799082032128876	0.7761800718967646	0.47991080356785726	0.9509817156399526	0.3138674453021879	0.4086706965256216	0.37018834152463137	1.0	0.5108571200008	0.479905602831915	1.0	1.0	1.0	1.0	0.4799082032128876	1.0	1.0	1.0	0.479905602831915
B1-B1br-B1g-B1dr-B1dq	1459751	1.0	1.0	0.19227615447691046	0.41384465388365294	0.38139237215255695	0.4925152245432637	0.479905602831915	0	0.25392746072539274	1.0	0.9097418051638967	0.2539311910321345	1.0	0.45986350341241466	0.4327841803954901	0.25392746072539274	0.2539311910321345	0.2539311910321345	0.38024619753802463	0.5093749062509375	1.0	1.0	1.0	1.0	0.2539237303813481	1.0	1.0	1.0	1.0	1.0	1.0	0.41357466063348414	1.0	1.0	0.9153704231478843	1.0	0.46312536874631255	1.0	0.8910316345254821	0.25392746072539274	0.2767380815479613	0.2757344853102938	1.0	0.2539311910321345	1.0	1.0	0.26907827304317394	0.25393492130157397	1.0	0.09805352919706205	0.2933741325173497	0.30232395352092956	0.41136060237891675	0.45023649290521284	0.8589128217435651	0.6726465470690586	0.3896491552626711	0.27535086973695394	0.7827743445131098	0.8073238535229296	0.2539311910321345	0.3898322033559329	0.4147475575732728	0.2539311910321345	0.2539311910321345	0.25393492130157397	0.28269434611307775	0.12132878671213287	0.4587862364129076	0.4034778956631301	0.6666666666666666	0.41878453038674035	0.44701658950231493	0.4386924523019079	0.25392746072539274	1.0	0.8904221915561689	1.0	0.25392746072539274	0.25392746072539274	1.0	1.0	1.0	1.0	0.18291225631615526	1.0	0.2539311910321345	0.2808915732528024	0.1400271994560109	0.4551963441096767	0.2539311910321345	0.5361315967100823	0.25393492130157397	0.25393492130157397	0.25392746072539274	0.2539311910321345	0.502589948201036	0.3001569984300157	0.2857207141892872	1.0	0.42949426264343393	0.9267114657706846	0.4395240118997025	0.3965050873728157	0.25393492130157397	0.9061723456913577	0.25392746072539274	0.3027339453210936	1.0	1.0	0.25392746072539274	0.706564401533977	0.25392746072539274	0.25393865153371165	0.2539311910321345	0.7761755956101097	0.3502129957400852	0.9509807352889706	0.4378312433751325	0.5183872241916371	0.43343416414589636	1.0	0.6771548426773598	0.25392746072539274	1.0	1.0	1.0	1.0	0.2539311910321345	1.0	1.0	1.0	0.4093059069409306
B1-B5cc	1459753	1.0	1.0	0.3381032379352413	0.41384465388365294	0.38139237215255695	0.4925152245432637	0.479905602831915	0.25392746072539274	0	1.0	0.9097418051638967	0.22109168362474563	1.0	0.45986350341241466	0.4327841803954901	0.09312906870931291	0.0956435653465198	0.19355209671854923	0.38024619753802463	0.5093749062509375	1.0	1.0	1.0	1.0	0.04021479892600537	1.0	1.0	1.0	1.0	1.0	1.0	0.41357466063348414	1.0	1.0	1.0	1.0	0.46312536874631255	1.0	0.8910316345254821	0.054379456205437944	0.2767380815479613	0.2757344853102938	1.0	0.13168302475462867	1.0	1.0	0.26907827304317394	0.20513589728205436	1.0	0.15587266191007135	0.2933741325173497	0.30232395352092956	0.49561765338213165	0.45023649290521284	0.8589128217435651	0.6726465470690586	0.3896491552626711	0.27535086973695394	0.7827743445131098	0.8073238535229296	0.10807337889931651	0.3898322033559329	0.4147475575732728	0.21681174782378265	0.2018119728204077	0.2391052178956421	0.28269434611307775	0.23529764702352976	0.4587862364129076	0.4034778956631301	0.6666666666666666	0.41878453038674035	0.44701658950231493	0.4386924523019079	0.16913830861691384	1.0	0.8904221915561689	1.0	0.04169958300416996	0.23282767172328278	1.0	1.0	1.0	1.0	0.16371254431183532	1.0	0.0813937790933136	0.333150005499835	0.24584508309833802	0.4551963441096767	0.24967125493117603	0.5361315967100823	0.2243655126897462	0.20775584488310234	0.22906770932290677	0.20952185717214242	0.502589948201036	0.3001569984300157	0.2857207141892872	1.0	0.42949426264343393	0.9267114657706846	0.4395240118997025	0.3965050873728157	0.1742365152696946	0.9061723456913577	0.24549754502454976	0.3027339453210936	1.0	1.0	0.0967390326096739	0.706564401533977	0.16551834481655184	0.23344916377090572	0.1982320265196022	0.7761755956101097	0.3502129957400852	0.9509807352889706	0.4378312433751325	0.5183872241916371	0.43343416414589636	1.0	0.6771548426773598	0.1048589514104859	1.0	1.0	1.0	1.0	0.14482282765758514	1.0	1.0	1.0	0.4093059069409306
B5-B5a-B5b	1460267	0.20266392008239753	0.11625767484650307	1.0	1.0	1.0	1.0	1.0	1.0	1.0	0	1.0	1.0	1.0	1.0	1.0	1.0	1.0	1.0	0.8554921676174857	1.0	0.5161496770064599	0.22424939376515587	0.30235046474302885	1.0	1.0	0.33793655158621033	1.0	0.3023469765302347	0.5661665075023875	0.5173620659483513	1.0	1.0	0.5172220694482638	0.24526886827829306	1.0	1.0	1.0	1.0	1.0	1.0	1.0	1.0	1.0	1.0	1.0	1.0	1.0	1.0	0.50089998200036	1.0	1.0	1.0	1.0	1.0	1.0	1.0	1.0	1.0	1.0	1.0	1.0	1.0	1.0	1.0	1.0	1.0	1.0	1.0	1.0	1.0	1.0	1.0	1.0	1.0	1.0	0.3023539529209416	1.0	1.0	1.0	1.0	1.0	0.4926726831829204	1.0	1.0	1.0	0.5658386832263355	1.0	1.0	1.0	1.0	1.0	1.0	1.0	1.0	1.0	1.0	1.0	1.0	1.0	0.3023539529209416	1.0	1.0	1.0	1.0	1.0	1.0	1.0	1.0	1.0	1.0	1.0	1.0	1.0	1.0	1.0	1.0	1.0	1.0	1.0	1.0	1.0	1.0	1.0	1.0	0.19355822546210882	0.3023539529209416	0.25009249722508325	0.19184616307673846	1.0	0.20086997825054373	1.0	0.42334864977025344	0.5906961395579067
B1ec/B5aj/B1do-B1-B5db	1459757	1.0	1.0	0.9097427077187684	0.9097431589894354	0.9097427077187684	0.9097436102555898	0.9097436102555898	0.9097418051638967	0.9097418051638967	1.0	0	0.9097422564435889	1.0	0.9097431589894354	0.9097431589894354	0.9097418051638967	0.9097422564435889	0.9097422564435889	0.9097418051638967	0.9097418051638967	1.0	1.0	1.0	1.0	0.9097413538796918	1.0	1.0	1.0	1.0	1.0	1.0	0.9097431589894354	1.0	1.0	1.0	1.0	0.9097418051638967	0.15871523854284372	0.6558086047848803	0.9097418051638967	0.9097431589894354	0.9097427077187684	1.0	0.9097422564435889	1.0	1.0	0.9097431589894354	0.9097427077187684	1.0	0.9097422564435889	0.9097427077187684	0.9097427077187684	0.9097440615172318	0.9097436102555898	0.9097427077187684	0.9097427077187684	0.9097422564435889	0.9097422564435889	0.6558103256902293	0.6558103256902293	0.9097422564435889	0.9097427077187684	0.9097436102555898	0.9097422564435889	0.9097422564435889	0.9097427077187684	0.9097427077187684	0.9097418051638967	0.9097436102555898	0.9097436102555898	0.9097427077187684	0.9097431589894354	0.9097436102555898	0.9097445127743613	0.9097418051638967	1.0	0.6558103256902293	1.0	0.9097418051638967	0.6769164616707666	0.3960450988725282	1.0	1.0	1.0	0.9097422564435889	1.0	0.9097422564435889	0.9097436102555898	0.9097427077187684	0.9097436102555898	0.9097422564435889	0.9097431589894354	0.9097427077187684	0.9097427077187684	0.9097418051638967	0.9097422564435889	0.9097427077187684	0.9097418051638967	0.9097422564435889	1.0	0.9097431589894354	0.41282761517154487	0.9097431589894354	0.9097431589894354	0.9097427077187684	0.8492252771153009	0.9097418051638967	0.9097427077187684	1.0	1.0	0.9097418051638967	0.9097422564435889	0.9097418051638967	0.9097431589894354	0.9097422564435889	0.9097431589894354	0.9097427077187684	0.4181745456363591	0.9097427077187684	0.9097422564435889	0.9097431589894354	1.0	0.9097422564435889	0.9097418051638967	1.0	1.0	1.0	1.0	0.9097422564435889	1.0	1.0	1.0	0.9097418051638967
B1-B1ai-B1x	1460268	1.0	1.0	0.33810654733631657	0.3293301200963971	0.2985475363115922	0.359162429314974	0.3659621913233037	0.2539311910321345	0.22109168362474563	1.0	0.9097422564435889	0	1.0	0.370628881133566	0.34524964251072465	0.22109168362474563	0.22109557808843824	0.22109557808843824	0.3802492962605561	0.5093773593396099	1.0	1.0	1.0	1.0	0.22108778912210877	1.0	1.0	1.0	1.0	1.0	1.0	0.25014249572512826	1.0	1.0	1.0	1.0	0.4631280530792038	1.0	0.8910321793564129	0.22109168362474563	0.2443226703198904	0.24041898952526186	1.0	0.22109557808843824	1.0	1.0	0.26908192754217375	0.22109947251318718	1.0	0.22109557808843824	0.2419089522761931	0.30232744181395466	0.4227530898764049	0.2863049793257236	0.8589135271618209	0.6493287667808305	0.3004139917201656	0.18611627767444652	0.7827754306142346	0.807324816879578	0.22109557808843824	0.31566710832229194	0.2995745148919788	0.22109557808843824	0.22109557808843824	0.23910902227444314	0.2560885977850554	0.23530147047794284	0.35363262285819996	0.32837350692725753	0.6052598685032874	0.33140005799826006	0.36848210312639057	0.27572259248333825	0.22109168362474563	1.0	0.8904227394315142	1.0	0.22109168362474563	0.2328315075273871	1.0	1.0	1.0	1.0	0.22109557808843824	1.0	0.22109557808843824	0.33315333963311283	0.24584885377865554	0.31225407110751124	0.09799804003919922	0.3764187074387768	0.17094072648183795	0.22109947251318718	0.2290715639265411	0.22109557808843824	0.4488137796555086	0.3001604975925361	0.1373672526549469	1.0	0.37128886133415995	0.9267118322041948	0.3557193284201474	0.3072707818765437	0.22109947251318718	0.9061728148155556	0.2455013174802378	0.22917927051823705	1.0	1.0	0.22109168362474563	0.7065658686826264	0.22109168362474563	0.2334529964101077	0.22109557808843824	0.7761767146985591	0.3502162445938852	0.9509809803803924	0.36079598010049746	0.4291514169716606	0.3441996740097797	1.0	0.6348773024539509	0.22109168362474563	1.0	1.0	1.0	1.0	0.22109557808843824	1.0	1.0	1.0	0.4093088603670945
B19i/B6g-B6-B6a-B6b-B6i-B19as-B19af-B6h-B6c	1459759	1.0	1.0	1.0	1.0	1.0	1.0	1.0	1.0	1.0	1.0	1.0	1.0	0	1.0	1.0	1.0	1.0	1.0	1.0	1.0	1.0	1.0	1.0	1.0	1.0	1.0	1.0	1.0	1.0	1.0	1.0	1.0	1.0	1.0	1.0	1.0	1.0	1.0	1.0	1.0	1.0	1.0	1.0	1.0	1.0	1.0	1.0	1.0	1.0	1.0	1.0	1.0	1.0	1.0	1.0	1.0	1.0	1.0	1.0	1.0	1.0	1.0	1.0	1.0	1.0	1.0	1.0	1.0	1.0	1.0	1.0	1.0	1.0	1.0	1.0	1.0	1.0	1.0	1.0	1.0	1.0	1.0	1.0	1.0	1.0	1.0	1.0	1.0	1.0	1.0	1.0	1.0	1.0	1.0	1.0	1.0	1.0	1.0	1.0	1.0	1.0	1.0	1.0	1.0	1.0	1.0	1.0	1.0	1.0	1.0	1.0	1.0	1.0	1.0	1.0	1.0	1.0	1.0	1.0	1.0	1.0	0.43727376357418557	1.0	1.0	1.0	1.0	1.0	1.0	1.0	1.0	0.2958822470651761	1.0	1.0
B1-B1x-B1af-B1ae-B14d-B1ag-B1t-B1az	1459761	1.0	1.0	0.4598689045883394	0.19592216311347546	0.17392891248806291	0.43605537750801215	0.4158262878170482	0.45986350341241466	0.45986350341241466	1.0	0.9097431589894354	0.370628881133566	1.0	0	0.3024079036838526	0.45986350341241466	0.45986620401387956	0.45986620401387956	0.45986350341241466	0.509382265443364	1.0	1.0	1.0	1.0	0.4598608027839443	1.0	1.0	1.0	1.0	1.0	1.0	0.39503419863205474	1.0	1.0	1.0	1.0	0.46313342166445837	1.0	0.8910332690019299	0.45986350341241466	0.42745290188392465	0.4245501407450739	1.0	0.45986620401387956	1.0	1.0	0.45987160513579456	0.4598689045883394	1.0	0.45986620401387956	0.4084007059752909	0.4598689045883394	0.38186090695465225	0.37021834017469213	0.8589149379771708	0.5794047208347708	0.2993210203693889	0.29548113556593303	0.7827776027839025	0.8073267435639753	0.45986620401387956	0.31577394791182306	0.31831067601957913	0.45986620401387956	0.45986620401387956	0.4598689045883394	0.4332598359057433	0.45986350341241466	0.29540170692318846	0.3148408321625527	0.4142805001824936	0.30711771529138837	0.06627201775920083	0.37782421966791824	0.45986350341241466	1.0	0.8904238351657692	1.0	0.45986350341241466	0.45986350341241466	1.0	1.0	1.0	0.9549309013819723	0.45986620401387956	1.0	0.45986620401387956	0.4598743056562455	0.4598689045883394	0.25036373363198655	0.3411097667069988	0.4575716971321147	0.3508827191048313	0.4598689045883394	0.45986350341241466	0.45986620401387956	0.33382331618393357	0.3899352516187095	0.3170104896853094	1.0	0.3317367305307788	0.9267125650602229	0.1486240550377985	0.1532638694452222	0.4598689045883394	0.906173753049878	0.45986350341241466	0.23197688080917167	1.0	1.0	0.41896452588685285	0.706568802935912	0.45986350341241466	0.45987160513579456	0.45986620401387956	0.7761789528418863	0.4598689045883394	0.9509814705558833	0.3129040483583075	0.34123976280711577	0.28873845046198154	1.0	0.5649530514084578	0.45986350341241466	1.0	1.0	1.0	1.0	0.45986620401387956	1.0	1.0	1.0	0.45986350341241466
B1-B14d-B1x-B1co-B1l-B14b-B1ao-B5dc	1459763	1.0	1.0	0.4327898523551676	0.3025778968841246	0.30424435144769935	0.39091740871660774	0.37068831902564386	0.4327841803954901	0.4327841803954901	1.0	0.9097431589894354	0.34524964251072465	1.0	0.3024079036838526	0	0.4327841803954901	0.43278701638950834	0.43278701638950834	0.4327841803954901	0.509382265443364	1.0	1.0	1.0	1.0	0.43278134437311255	1.0	1.0	1.0	1.0	1.0	1.0	0.2954881804727811	1.0	1.0	1.0	1.0	0.46313342166445837	1.0	0.8910332690019299	0.4327841803954901	0.4003739850405984	0.3974710885119021	1.0	0.43278701638950834	1.0	1.0	0.4327926882924683	0.4327898523551676	1.0	0.43278701638950834	0.381321653742119	0.4327898523551676	0.37706114694265286	0.3175707093180807	0.8589149379771708	0.4863579774707885	0.10932672019839405	0.23105306840794776	0.7827776027839025	0.8073267435639753	0.43278701638950834	0.20193793217237396	0.18254678539465724	0.43278701638950834	0.43278701638950834	0.4327898523551676	0.40618078367257143	0.4327841803954901	0.1989360478778455	0.09182086806093726	0.4951476698315559	0.15645374185032598	0.30237139328730206	0.30046847423391715	0.4327841803954901	1.0	0.8904238351657692	1.0	0.4327841803954901	0.4327841803954901	1.0	1.0	1.0	1.0	0.43278701638950834	1.0	0.43278701638950834	0.43279552420141093	0.4327898523551676	0.27328270227839746	0.3388198354049379	0.4124335026598936	0.306594269200578	0.4092906748263811	0.4327841803954901	0.43278701638950834	0.33870314538991136	0.32266693332666685	0.2995510134695959	1.0	0.20101195952161913	0.9267125650602229	0.2613695452181913	0.27580896764129437	0.4327898523551676	0.906173753049878	0.4327841803954901	0.28038518651847183	1.0	1.0	0.4327841803954901	0.706568802935912	0.4327841803954901	0.4327926882924683	0.43278701638950834	0.7761789528418863	0.3960411385601504	0.9509814705558833	0.08881189158379457	0.22084337469875903	0.08992640294388224	1.0	0.4792756217313481	0.4327841803954901	1.0	1.0	1.0	1.0	0.43278701638950834	1.0	1.0	1.0	0.4327841803954901
B1-B1ed	1459766	1.0	1.0	0.3381032379352413	0.41384465388365294	0.38139237215255695	0.4925152245432637	0.479905602831915	0.25392746072539274	0.09312906870931291	1.0	0.9097418051638967	0.22109168362474563	1.0	0.45986350341241466	0.4327841803954901	0	0.0956435653465198	0.19355209671854923	0.38024619753802463	0.5093749062509375	1.0	1.0	1.0	1.0	0.09312453437732811	1.0	1.0	1.0	1.0	1.0	1.0	0.41357466063348414	1.0	1.0	1.0	1.0	0.46312536874631255	1.0	0.8910316345254821	0.09312906870931291	0.2767380815479613	0.2757344853102938	1.0	0.13168302475462867	1.0	1.0	0.26907827304317394	0.20513589728205436	1.0	0.15587266191007135	0.2933741325173497	0.30232395352092956	0.49561765338213165	0.45023649290521284	0.8589128217435651	0.6726465470690586	0.3896491552626711	0.27535086973695394	0.7827743445131098	0.8073238535229296	0.06393404098938515	0.3898322033559329	0.4147475575732728	0.21681174782378265	0.2018119728204077	0.2391052178956421	0.28269434611307775	0.23529764702352976	0.4587862364129076	0.4034778956631301	0.6666666666666666	0.41878453038674035	0.44701658950231493	0.4386924523019079	0.16913830861691384	1.0	0.8904221915561689	1.0	0.09312906870931291	0.23282767172328278	1.0	1.0	1.0	1.0	0.16371254431183532	1.0	0.09313360299595506	0.333150005499835	0.24584508309833802	0.4551963441096767	0.24967125493117603	0.5361315967100823	0.2243655126897462	0.20775584488310234	0.22906770932290677	0.20952185717214242	0.502589948201036	0.3001569984300157	0.2857207141892872	1.0	0.42949426264343393	0.9267114657706846	0.4395240118997025	0.3965050873728157	0.1742365152696946	0.9061723456913577	0.24549754502454976	0.3027339453210936	1.0	1.0	0.0967390326096739	0.706564401533977	0.16551834481655184	0.23344916377090572	0.1982320265196022	0.7761755956101097	0.25708485830283395	0.9509807352889706	0.4378312433751325	0.5183872241916371	0.43343416414589636	1.0	0.6771548426773598	0.1048589514104859	1.0	1.0	1.0	1.0	0.14482282765758514	1.0	1.0	1.0	0.4093059069409306
B1-B1as-B1cg-B1e	1459767	1.0	1.0	0.33810654733631657	0.41384758457246285	0.3813954651133722	0.49251776187833424	0.4799082032128876	0.2539311910321345	0.0956435653465198	1.0	0.9097422564435889	0.22109557808843824	1.0	0.45986620401387956	0.43278701638950834	0.0956435653465198	0	0.19355612887742246	0.3802492962605561	0.5093773593396099	1.0	1.0	1.0	1.0	0.0956390436095639	1.0	1.0	1.0	1.0	1.0	1.0	0.41357759267221983	1.0	1.0	1.0	1.0	0.4631280530792038	1.0	0.8910321793564129	0.0956435653465198	0.27674169774906754	0.2757381065473363	1.0	0.13168736625267494	1.0	1.0	0.26908192754217375	0.20513987150321242	1.0	0.15587688246235076	0.29337766555836103	0.30232744181395466	0.4956201751929923	0.45023924162654305	0.8589135271618209	0.6726481837954051	0.3896522069558609	0.2753544929101418	0.7827754306142346	0.807324816879578	0.10807783844323114	0.38983525411864706	0.41475048373306933	0.21681566368672628	0.20181596368072638	0.23910902227444314	0.2826979325516862	0.23530147047794284	0.45878894238701645	0.4034808781692641	0.6666683332916677	0.4187874363769087	0.4470193543225987	0.4386952587133579	0.16914246286305706	1.0	0.8904227394315142	1.0	0.0956435653465198	0.2328315075273871	1.0	1.0	1.0	1.0	0.1637167256654867	1.0	0.059198816023679525	0.33315333963311283	0.24584885377865554	0.45519906803261884	0.24967500649987	0.5361339159825205	0.22436939076523088	0.2077598060048499	0.2290715639265411	0.20952580948381033	0.5025924351891202	0.3001604975925361	0.2857242855142897	1.0	0.4294971150865474	0.9267118322041948	0.43952681419557416	0.39650810475685727	0.1742406439839004	0.9061728148155556	0.2142417863732044	0.3027374315642109	1.0	1.0	0.0967435488467673	0.6753064938701226	0.16552251716224256	0.2334529964101077	0.19823603527929443	0.7449176524704259	0.3502162445938852	0.9509809803803924	0.4378340541486463	0.5183896322073559	0.4334369968900933	1.0	0.6771564568708626	0.10486342704859428	1.0	1.0	1.0	1.0	0.14482710345793084	1.0	1.0	1.0	0.4093088603670945
B1-B10b-B1bw	1460279	1.0	1.0	0.33810654733631657	0.41384758457246285	0.3813954651133722	0.49251776187833424	0.4799082032128876	0.2539311910321345	0.19355209671854923	1.0	0.9097422564435889	0.22109557808843824	1.0	0.45986620401387956	0.43278701638950834	0.19355209671854923	0.19355612887742246	0	0.3802492962605561	0.5093773593396099	1.0	1.0	1.0	1.0	0.1935480645193548	1.0	1.0	1.0	1.0	1.0	1.0	0.41357759267221983	1.0	1.0	1.0	1.0	0.4631280530792038	1.0	0.8910321793564129	0.19355209671854923	0.258302250932472	0.2572985675358116	1.0	0.1751164976700466	1.0	1.0	0.2506424807255782	0.18670033249168771	1.0	0.19355612887742246	0.2749381265468363	0.2838879028024299	0.4956201751929923	0.45023924162654305	0.8589135271618209	0.6726481837954051	0.3896522069558609	0.2753544929101418	0.7827754306142346	0.807324816879578	0.19355612887742246	0.38983525411864706	0.41475048373306933	0.1983760324793504	0.18337633247335053	0.22066948326291844	0.2642583935401615	0.23530147047794284	0.45878894238701645	0.4034808781692641	0.6666683332916677	0.4187874363769087	0.4470193543225987	0.4386952587133579	0.19355209671854923	1.0	0.8904227394315142	1.0	0.19355209671854923	0.2328315075273871	1.0	1.0	1.0	1.0	0.19355612887742246	1.0	0.19355612887742246	0.3147139850105246	0.24584885377865554	0.45519906803261884	0.24967500649987	0.5361339159825205	0.22436939076523088	0.18932026699332516	0.2290715639265411	0.19108617827643448	0.5025924351891202	0.3001604975925361	0.2857242855142897	1.0	0.4294971150865474	0.9267118322041948	0.43952681419557416	0.39650810475685727	0.16522086947826303	0.9061728148155556	0.2455013174802378	0.3027374315642109	1.0	1.0	0.19355209671854923	0.7065658686826264	0.19355209671854923	0.21501354959351218	0.1506969860602788	0.7761767146985591	0.33177670558236044	0.9509809803803924	0.4378340541486463	0.5183896322073559	0.4334369968900933	1.0	0.6771564568708626	0.19355209671854923	1.0	1.0	1.0	1.0	0.19355612887742246	1.0	1.0	1.0	0.4093088603670945
B1/B5de-B5	1460291	0.8554936126596835	0.8554921676174857	0.24136517269654606	0.41384465388365294	0.38139237215255695	0.4925152245432637	0.479905602831915	0.38024619753802463	0.38024619753802463	0.8554921676174857	0.9097418051638967	0.3802492962605561	1.0	0.45986350341241466	0.4327841803954901	0.38024619753802463	0.3802492962605561	0.3802492962605561	0	0.5093749062509375	0.8554921676174857	0.8554928901421972	0.8554914450855492	1.0	0.3802430987845061	0.8554928901421972	1.0	0.8554907225463872	0.8554914450855492	0.8554928901421972	1.0	0.41357466063348414	0.8554928901421972	0.8554928901421972	1.0	1.0	0.46312536874631255	1.0	0.8910316345254821	0.38024619753802463	0.3802554936126597	0.38025239495210095	1.0	0.3802492962605561	1.0	1.0	0.3802554936126597	0.38025239495210095	0.8554921676174857	0.3802492962605561	0.38025239495210095	0.38025239495210095	0.49561765338213165	0.45023649290521284	0.623177536449271	0.6726465470690586	0.3896491552626711	0.3802492962605561	0.7827743445131098	0.8073238535229296	0.3802492962605561	0.3898322033559329	0.4147475575732728	0.3802492962605561	0.3802492962605561	0.38025239495210095	0.38025239495210095	0.38024619753802463	0.4587862364129076	0.4034778956631301	0.6666666666666666	0.41878453038674035	0.44701658950231493	0.4386924523019079	0.38024619753802463	0.8554921676174857	0.8904221915561689	1.0	0.38024619753802463	0.38024619753802463	1.0	0.8554928901421972	1.0	1.0	0.3802492962605561	0.8554921676174857	0.3802492962605561	0.38025859224223274	0.38025239495210095	0.4551963441096767	0.3802492962605561	0.5361315967100823	0.38025239495210095	0.38025239495210095	0.38024619753802463	0.3802492962605561	0.502589948201036	0.38024619753802463	0.3802492962605561	0.8554921676174857	0.42949426264343393	0.9267114657706846	0.4395240118997025	0.3965050873728157	0.38025239495210095	0.9061723456913577	0.38024619753802463	0.38025239495210095	1.0	1.0	0.38024619753802463	0.706564401533977	0.38024619753802463	0.3802554936126597	0.3802492962605561	0.7761755956101097	0.38025239495210095	0.9509807352889706	0.4378312433751325	0.5183872241916371	0.43343416414589636	1.0	0.6771548426773598	0.38024619753802463	0.8554943351699449	0.8554921676174857	0.8554936126596835	0.8554921676174857	0.3802492962605561	0.8554928901421972	1.0	0.8554914450855492	0.26479735202647975
B19/B1	1460294	1.0	1.0	0.509379812403752	0.509382265443364	0.509379812403752	0.5093847184584462	0.5093847184584462	0.5093749062509375	0.5093749062509375	1.0	0.9097418051638967	0.5093773593396099	1.0	0.509382265443364	0.509382265443364	0.5093749062509375	0.5093773593396099	0.5093773593396099	0.5093749062509375	0	1.0	1.0	1.0	0.6685033149668503	0.5093724531377343	1.0	1.0	1.0	1.0	1.0	1.0	0.509382265443364	1.0	1.0	1.0	1.0	0.5093749062509375	1.0	0.8910316345254821	0.5093749062509375	0.509382265443364	0.509379812403752	1.0	0.5093773593396099	1.0	1.0	0.509382265443364	0.509379812403752	1.0	0.5093773593396099	0.509379812403752	0.509379812403752	0.5093871714489993	0.5093847184584462	0.8589128217435651	0.6726465470690586	0.5093773593396099	0.5093773593396099	0.7827743445131098	0.8073238535229296	0.5093773593396099	0.509379812403752	0.5093847184584462	0.5093773593396099	0.5093773593396099	0.509379812403752	0.509379812403752	0.5093749062509375	0.5093847184584462	0.5093847184584462	0.6666666666666666	0.509382265443364	0.5093847184584462	0.5093896244150234	0.5093749062509375	1.0	0.8904221915561689	1.0	0.5093749062509375	0.5093749062509375	1.0	1.0	1.0	1.0	0.5093773593396099	1.0	0.5093773593396099	0.5093847184584462	0.509379812403752	0.5093847184584462	0.5093773593396099	0.5361315967100823	0.509379812403752	0.509379812403752	0.5093749062509375	0.5093773593396099	0.509379812403752	0.5093749062509375	0.5093773593396099	1.0	0.509382265443364	0.9267114657706846	0.509382265443364	0.509382265443364	0.509379812403752	0.9061723456913577	0.5093749062509375	0.509379812403752	1.0	1.0	0.5093749062509375	0.706564401533977	0.5093749062509375	0.509382265443364	0.5093773593396099	0.7761755956101097	0.509379812403752	0.9509807352889706	0.509379812403752	0.5183872241916371	0.509382265443364	0.9050528484145476	0.6771548426773598	0.5093749062509375	1.0	1.0	1.0	1.0	0.5093773593396099	1.0	1.0	1.0	0.5093749062509375
B5/B5a/B5p/B5ae-B5m	1459789	0.5990320290391288	0.5126797464050719	1.0	1.0	1.0	1.0	1.0	1.0	1.0	0.5161496770064599	1.0	1.0	1.0	1.0	1.0	1.0	1.0	1.0	0.8554921676174857	1.0	0	0.568740781480463	0.700644490332645	1.0	1.0	0.4249643758906027	1.0	0.7006429935700643	0.37103943440848386	0.06985325366865829	1.0	1.0	0.23738906527336817	0.5789305267368315	1.0	1.0	1.0	1.0	1.0	1.0	1.0	1.0	1.0	1.0	1.0	1.0	1.0	1.0	0.24650506989860202	1.0	1.0	1.0	1.0	1.0	1.0	1.0	1.0	1.0	1.0	1.0	1.0	1.0	1.0	1.0	1.0	1.0	1.0	1.0	1.0	1.0	1.0	1.0	1.0	1.0	1.0	0.7006459870802584	1.0	1.0	1.0	1.0	1.0	0.10810229744256393	0.942070579294207	1.0	1.0	0.7006459870802584	1.0	1.0	1.0	1.0	1.0	1.0	1.0	1.0	1.0	1.0	1.0	1.0	1.0	0.7006459870802584	1.0	1.0	1.0	1.0	1.0	1.0	1.0	1.0	1.0	1.0	1.0	1.0	1.0	1.0	1.0	1.0	1.0	1.0	1.0	1.0	1.0	1.0	1.0	1.0	0.6304029358972436	0.7006459870802584	0.6389308320750378	0.5776784464310714	1.0	0.538561535961601	1.0	0.4249586256206157	0.700644490332645
B5-B5a-B5d-B5ae-B5v-B5g	1459791	0.23701670441534547	0.2500987475313117	1.0	1.0	1.0	1.0	1.0	1.0	1.0	0.22424939376515587	1.0	1.0	1.0	1.0	1.0	1.0	1.0	1.0	0.8554928901421972	1.0	0.568740781480463	0	0.254834903301934	1.0	1.0	0.444326670199894	1.0	0.254831177532337	0.5661686766264674	0.5699529014129576	1.0	1.0	0.6236112916612502	0.3267201983940482	1.0	1.0	1.0	1.0	1.0	1.0	1.0	1.0	1.0	1.0	1.0	1.0	1.0	1.0	0.6072898177545561	1.0	1.0	1.0	1.0	1.0	1.0	1.0	1.0	1.0	1.0	1.0	1.0	1.0	1.0	1.0	1.0	1.0	1.0	1.0	1.0	1.0	1.0	1.0	1.0	1.0	1.0	0.2548386290342741	1.0	1.0	1.0	1.0	1.0	0.5990620281391559	0.9462008069878952	1.0	1.0	0.5658408539786506	1.0	1.0	1.0	1.0	1.0	1.0	1.0	1.0	1.0	1.0	1.0	1.0	1.0	0.2548386290342741	1.0	1.0	1.0	1.0	1.0	1.0	1.0	1.0	1.0	1.0	1.0	1.0	1.0	1.0	1.0	1.0	1.0	1.0	1.0	1.0	1.0	1.0	1.0	1.0	0.202871885124595	0.2730481737956551	0.24796632117875875	0.16904077398065048	1.0	0.08184754457366279	1.0	0.5150296994060118	0.5906981860362793
B5-B5ay	1460306	0.3633859153521162	0.38345924811127835	1.0	1.0	1.0	1.0	1.0	1.0	1.0	0.30235046474302885	1.0	1.0	1.0	1.0	1.0	1.0	1.0	1.0	0.8554914450855492	1.0	0.700644490332645	0.254834903301934	0	1.0	1.0	0.5224295514089718	1.0	0.14271428642856784	0.6382136178638214	0.7018559628807424	1.0	1.0	0.7017159656806864	0.4600807983840323	1.0	1.0	1.0	1.0	1.0	1.0	1.0	1.0	1.0	1.0	1.0	1.0	1.0	1.0	0.6853947190792138	1.0	1.0	1.0	1.0	1.0	1.0	1.0	1.0	1.0	1.0	1.0	1.0	1.0	1.0	1.0	1.0	1.0	1.0	1.0	1.0	1.0	1.0	1.0	1.0	1.0	1.0	0.23962140567891482	1.0	1.0	1.0	1.0	1.0	0.6771664566708666	1.0	1.0	1.0	0.5658365124523133	1.0	1.0	1.0	1.0	1.0	1.0	1.0	1.0	1.0	1.0	1.0	1.0	1.0	0.20050199247011294	1.0	1.0	1.0	1.0	1.0	1.0	1.0	1.0	1.0	1.0	1.0	1.0	1.0	1.0	1.0	1.0	1.0	1.0	1.0	1.0	1.0	1.0	1.0	1.0	0.3047708568742938	0.2730409043864342	0.391395215119622	0.2878706819397709	1.0	0.30502389952200953	1.0	0.6078439215607844	0.5906940930590694
B19au/B19	1460310	1.0	1.0	1.0	1.0	1.0	1.0	1.0	1.0	1.0	1.0	1.0	1.0	1.0	1.0	1.0	1.0	1.0	1.0	1.0	0.6685033149668503	1.0	1.0	1.0	0	1.0	1.0	1.0	1.0	1.0	1.0	1.0	1.0	1.0	1.0	1.0	1.0	1.0	1.0	1.0	1.0	1.0	1.0	1.0	1.0	1.0	1.0	1.0	1.0	1.0	1.0	1.0	1.0	1.0	1.0	1.0	1.0	1.0	1.0	1.0	1.0	1.0	1.0	1.0	1.0	1.0	1.0	1.0	1.0	1.0	1.0	1.0	1.0	1.0	1.0	1.0	1.0	1.0	1.0	1.0	1.0	1.0	1.0	1.0	1.0	1.0	1.0	1.0	1.0	1.0	1.0	1.0	1.0	1.0	1.0	1.0	1.0	1.0	1.0	1.0	1.0	1.0	1.0	1.0	1.0	1.0	1.0	1.0	1.0	1.0	1.0	1.0	1.0	1.0	1.0	1.0	1.0	1.0	1.0	1.0	1.0	1.0	0.9050528484145476	1.0	1.0	1.0	1.0	1.0	1.0	1.0	1.0	1.0	1.0	1.0
