B5-B5a-B5b-B5e-B5f-B5d-B5c	1459712	0	0.20241392758217253	1.0	1.0	1.0	1.0	1.0	1.0	1.0	0.39414514637134074	1.0	1.0	1.0	1.0	1.0	1.0	1.0	1.0	0.7806743865122697	1.0	0.6026299342516437	0.40594782156535303	0.6390272194556109	1.0	1.0	0.4999525011874703	1.0	0.6390254146187807	0.5442513937151571	0.6201913942581723	0.8978115328270075	1.0	0.600839979000525	0.2634920952371429	1.0	1.0	1.0	1.0	1.0	1.0	1.0	1.0	1.0	1.0	1.0	1.0	1.0	1.0	0.5252118697032574	1.0	1.0	1.0	1.0	1.0	1.0	1.0	1.0	1.0	1.0	1.0	1.0	1.0	1.0	1.0	1.0	1.0	1.0	1.0	1.0	1.0	1.0	1.0	1.0	1.0	1.0	0.6390308290751278	1.0	1.0	1.0	1.0	1.0	0.5887523374298771	1.0	1.0	1.0	0.6434189145271368	1.0	1.0	1.0	1.0	1.0	1.0	1.0	1.0	1.0	1.0	1.0	1.0	1.0	0.6390308290751278	1.0	1.0	1.0	1.0	1.0	1.0	1.0	1.0	1.0	1.0	1.0	1.0	1.0	1.0	1.0	1.0	1.0	1.0	1.0	1.0	1.0	1.0	1.0	1.0	0.25331240062798116	0.6390308290751278	0.15139394424223032	0.30247092587222385	1.0	0.40594485137871555	1.0	0.42004159916801664	0.6390272194556109
B5-B5a-B5b-B5d-B5c	1459713	0.20241392758217253	0	1.0	1.0	1.0	1.0	1.0	1.0	1.0	0.2370790730231744	1.0	1.0	1.0	1.0	1.0	1.0	1.0	1.0	0.7806743865122697	1.0	0.5221219469513262	0.3439196824095277	0.6023179536409272	1.0	1.0	0.4109947251318717	1.0	0.6023159652605211	0.5442513937151571	0.5483835484935452	1.0	1.0	0.5227519312017199	0.18466446006619802	1.0	1.0	1.0	1.0	1.0	1.0	1.0	1.0	1.0	1.0	1.0	1.0	1.0	1.0	0.44470388240293995	1.0	1.0	1.0	1.0	1.0	1.0	1.0	1.0	1.0	1.0	1.0	1.0	1.0	1.0	1.0	1.0	1.0	1.0	1.0	1.0	1.0	1.0	1.0	1.0	1.0	1.0	0.6023219303420897	1.0	1.0	1.0	1.0	1.0	0.5082447526574203	1.0	1.0	1.0	0.6434189145271368	1.0	1.0	1.0	1.0	1.0	1.0	1.0	1.0	1.0	1.0	1.0	1.0	1.0	0.6023219303420897	1.0	1.0	1.0	1.0	1.0	1.0	1.0	1.0	1.0	1.0	1.0	1.0	1.0	1.0	1.0	1.0	1.0	1.0	1.0	1.0	1.0	1.0	1.0	1.0	0.31665050048498544	0.6023219303420897	0.30214791408343666	0.260432187034389	1.0	0.29556761080972976	1.0	0.30282394352112957	0.6023179536409272
B1-B5de-B1br-B1dr-B1dq-B1ev	1460230	1.0	1.0	0	0.6992490225293241	0.6696282592935177	0.7119272018199545	0.7214583562493125	0.2658246835063299	0.5983240167598324	1.0	0.8616027679446411	0.5983240167598324	1.0	0.7017659646807064	0.6901477463063423	0.5983240167598324	0.5983260251096234	0.5983240167598324	0.43149568504314956	0.5983240167598324	1.0	1.0	1.0	1.0	0.5983220083899581	1.0	1.0	1.0	1.0	1.0	1.0	0.7044003459878905	1.0	1.0	1.0	1.0	0.5983240167598324	1.0	0.8551528969420612	0.5983240167598324	0.612169695757606	0.5983280334393312	1.0	0.5983260251096234	1.0	1.0	0.5983280334393312	0.5983260251096234	1.0	0.46951530484695153	0.5983260251096234	0.6083397915052123	0.7304780856574303	0.7149671258218544	0.6439253411198832	0.7307953840923181	0.6532269354612907	0.5983260251096234	0.7660246795064098	0.7944641107177857	0.5983240167598324	0.6748865022699546	0.6856978575535612	0.5983280334393312	0.5983280334393312	0.5983280334393312	0.5983280334393312	0.36654950175747364	0.7011159776804464	0.6796580085497863	0.7623435648465273	0.6995090147295581	0.7129371765705858	0.7176570585735357	0.5983260251096234	1.0	0.8200335993280135	1.0	0.5983240167598324	0.5983240167598324	1.0	1.0	1.0	1.0	0.5983240167598324	1.0	0.5983240167598324	0.6565185870353241	0.4003419931601368	0.6972475688107798	0.5983320500384989	0.7085658286834263	0.5983280334393312	0.5983260251096234	0.5983240167598324	0.5983260251096234	0.6629867402651947	0.5983240167598324	0.5983300417489563	1.0	0.6921876953076173	0.8527722084168737	0.6918192454226373	0.6587968240635187	0.5983260251096234	0.870522589548209	0.5983240167598324	0.6133096672583186	1.0	1.0	0.5983240167598324	0.7200355992880142	0.5983260251096234	0.5983260251096234	0.5983280334393312	0.795773063404049	0.6067958980615291	0.8717019244711329	0.6901892943211704	0.6914561708765825	0.6926592202233933	1.0	0.74982500349993	0.5983260251096234	1.0	1.0	1.0	1.0	0.5983260251096234	1.0	1.0	1.0	0.5983240167598324
B1-B1x-B1t-B14b-B1af-B1ag-B1ae-B1bh-B1be	1459733	1.0	1.0	0.6992490225293241	0	0.15965781539830706	0.6167972441240144	0.6244187790610469	0.6992520299188032	0.6992490225293241	1.0	0.8616055357785689	0.5853624391268262	1.0	0.2564597416103356	0.5009924553395098	0.6992490225293241	0.6992505262315819	0.6992490225293241	0.6992490225293241	0.6992490225293241	1.0	1.0	1.0	1.0	0.6992475188120297	1.0	1.0	1.0	1.0	1.0	1.0	0.5434151121688308	1.0	1.0	1.0	1.0	0.6992490225293241	1.0	0.8551557937682492	0.6992490225293241	0.6193271302791374	0.6111255549778009	1.0	0.6992505262315819	1.0	1.0	0.6992520299188032	0.6992505262315819	1.0	0.6992490225293241	0.5900643477478288	0.6992535335909884	0.3904304784760762	0.6010879510422031	0.8107566235181769	0.6589436422543098	0.5853665853365866	0.4926377576784813	0.7660293588256469	0.7944682212711491	0.6992490225293241	0.5877664893404264	0.49680264388102535	0.6992520299188032	0.6992520299188032	0.6992520299188032	0.6177452901883924	0.6992505262315819	0.5148094076236951	0.49794259258333373	0.4849580264690736	0.5856307184640768	0.26272317745701446	0.571859266333015	0.6992505262315819	1.0	0.8200371985120595	1.0	0.6992490225293241	0.6992490225293241	1.0	1.0	1.0	0.8988325291867704	0.6992490225293241	1.0	0.6992490225293241	0.6992535335909884	0.6992520299188032	0.5085621147048383	0.5542122893855307	0.5946862125514979	0.5142994280228791	0.6183733569325074	0.6992490225293241	0.6992505262315819	0.4872805087796488	0.6992490225293241	0.4225159867805949	1.0	0.50863211155498	0.8527751528696496	0.335793210339483	0.40375384984600615	0.6992505262315819	0.8705251789928403	0.6992490225293241	0.3148408321625527	1.0	1.0	0.6992490225293241	0.7200411983520659	0.6992505262315819	0.6992505262315819	0.6992520299188032	0.795777147799827	0.6069737559185429	0.871704490342838	0.5128943552822359	0.5853665853365866	0.4954052297385131	1.0	0.5670373185072597	0.6992505262315819	1.0	1.0	1.0	1.0	0.6992505262315819	1.0	1.0	1.0	0.6992490225293241
B1-B1x-B1t-B1az-B14b-B1ae-B1af-B1ag	1459736	1.0	1.0	0.6696282592935177	0.15965781539830706	0	0.6167953281868725	0.6244169012394443	0.6696315628952987	0.6696282592935177	1.0	0.861604843830466	0.5496312592185195	1.0	0.17336893208737694	0.4857805687772489	0.6696282592935177	0.6696299111026669	0.6696282592935177	0.6696282592935177	0.6696282592935177	1.0	1.0	1.0	1.0	0.6696266074678506	1.0	1.0	1.0	1.0	1.0	1.0	0.5434128293585321	1.0	1.0	1.0	1.0	0.6696282592935177	1.0	0.8551550695725649	0.6696282592935177	0.5897064117435302	0.5815046473373432	1.0	0.6696299111026669	1.0	1.0	0.6696315628952987	0.6696299111026669	1.0	0.6696282592935177	0.5604431867043989	0.6696332146714131	0.44835482403291854	0.6002859885604576	0.8107556773296801	0.6589419370322038	0.5496357627483038	0.45494635160945174	0.7660281890133845	0.7944671936482223	0.6696282592935177	0.5634052808151715	0.4812907483700652	0.6696315628952987	0.6696315628952987	0.6696315628952987	0.5881244156454524	0.6696299111026669	0.4289799857005005	0.47835086596536136	0.3987480375588732	0.5847986840592173	0.18173273069077236	0.5718571257149714	0.6696299111026669	1.0	0.8200362987295444	1.0	0.6696282592935177	0.6696282592935177	1.0	1.0	1.0	0.8913721725565489	0.6696282592935177	1.0	0.6696282592935177	0.6696332146714131	0.6696315628952987	0.4280228790848366	0.42255598498067587	0.5885743998960037	0.4844580439684611	0.5887523374298771	0.6696282592935177	0.6696299111026669	0.45019924302649406	0.6696282592935177	0.35578576856925725	1.0	0.499610015599376	0.852774416767497	0.2220150093245804	0.2649957251496198	0.6696299111026669	0.8705245316413925	0.6696282592935177	0.16961321547138114	1.0	1.0	0.5675908102297442	0.7200397986070488	0.6696299111026669	0.6696299111026669	0.6696315628952987	0.7957761267161985	0.5773526794196174	0.8717038488845334	0.5038323275452604	0.5714649987250446	0.4827032783524741	1.0	0.566635167769128	0.6696299111026669	1.0	1.0	1.0	1.0	0.6696299111026669	1.0	1.0	1.0	0.6696282592935177
B1-B14e-B14c-B1ai-B1x-B1ao-B1j-B1am	1459740	1.0	1.0	0.7119272018199545	0.6167972441240144	0.6167953281868725	0	0.07184176712047957	0.7119300824471143	0.7119272018199545	1.0	0.861604843830466	0.5065623359416015	1.0	0.6167934122305719	0.53206871725131	0.7119272018199545	0.7119286421407358	0.7119272018199545	0.7119272018199545	0.7119272018199545	1.0	1.0	1.0	1.0	0.7119257614847703	1.0	1.0	1.0	1.0	1.0	1.0	0.14321283935803208	1.0	1.0	1.0	1.0	0.7119272018199545	1.0	0.8551550695725649	0.7119272018199545	0.6320047198112075	0.6238031668891589	1.0	0.7119286421407358	1.0	1.0	0.7119300824471143	0.7119286421407358	1.0	0.7119272018199545	0.6167914962551123	0.7119315227390904	0.6353464094115765	0.11267549298028079	0.8107556773296801	0.6043638472653458	0.44956926507572237	0.5294241172764818	0.7660281890133845	0.7944671936482223	0.7119272018199545	0.5320663776767813	0.44923203071877127	0.7119300824471143	0.7119300824471143	0.7119300824471143	0.6304229351972681	0.7119286421407358	0.42647007354742583	0.53206871725131	0.5402937911862644	0.5320710568024439	0.6178052877884884	0.124935002599896	0.7119286421407358	1.0	0.8200362987295444	1.0	0.7119272018199545	0.7119272018199545	1.0	1.0	1.0	1.0	0.7119272018199545	1.0	0.7119272018199545	0.7119315227390904	0.7119300824471143	0.4391724331026759	0.5065722042508087	0.10363137290194843	0.5409360672376466	0.7119286421407358	0.7119272018199545	0.7119286421407358	0.4898778542751004	0.7119272018199545	0.5065697372105116	1.0	0.49402023919043236	0.852774416767497	0.5098820553075112	0.5220067297644583	0.7119286421407358	0.8705245316413925	0.7119272018199545	0.6167953281868725	1.0	1.0	0.7119272018199545	0.7200397986070488	0.7119286421407358	0.7119286421407358	0.7119300824471143	0.7957761267161985	0.7119286421407358	0.8717038488845334	0.4374053167607458	0.5320663776767813	0.5320710568024439	1.0	0.5328463503777368	0.7119286421407358	1.0	1.0	1.0	1.0	0.7119286421407358	1.0	1.0	1.0	0.7119272018199545
B1-B14c-B14e-B1x-B1ai-B1ao-B1j-B1am-B1an	1459741	1.0	1.0	0.7214583562493125	0.6244187790610469	0.6244169012394443	0.07184176712047957	0	0.7214611415543378	0.7214583562493125	1.0	0.8616055357785689	0.5382938511844645	1.0	0.6244150233990641	0.5420006099725513	0.7214583562493125	0.7214597489087882	0.7214583562493125	0.7214583562493125	0.7214583562493125	1.0	1.0	1.0	1.0	0.7214569635759106	1.0	1.0	1.0	1.0	1.0	1.0	0.1246181460019699	1.0	1.0	1.0	1.0	0.7214583562493125	1.0	0.8551557937682492	0.7214583562493125	0.6415361308741107	0.6333346666133355	1.0	0.7214597489087882	1.0	1.0	0.7214611415543378	0.7214597489087882	1.0	0.7214583562493125	0.6244131455399061	0.7214625341859616	0.6334383280835958	0.1390487428065737	0.8107566235181769	0.6043658253669854	0.46135154593816247	0.5370462033828816	0.7660293588256469	0.7944682212711491	0.7214583562493125	0.5419983200671973	0.45842437090330934	0.7214611415543378	0.7214611415543378	0.7214611415543378	0.639954401823927	0.7214597489087882	0.4411523539058438	0.5420006099725513	0.5405760798372057	0.5420028998550073	0.6244169012394443	0.1518581663825128	0.7214597489087882	1.0	0.8200371985120595	1.0	0.7214583562493125	0.7214583562493125	1.0	1.0	1.0	1.0	0.7214583562493125	1.0	0.7214583562493125	0.7214625341859616	0.7214611415543378	0.4709038093285802	0.5383030848457577	0.16952321907123716	0.5515579376824927	0.7214597489087882	0.7214583562493125	0.7214597489087882	0.499690012399504	0.7214583562493125	0.538300776465059	1.0	0.5016424260908259	0.8527751528696496	0.5175041247937603	0.5296288148474061	0.7214597489087882	0.8705251789928403	0.7214583562493125	0.6244169012394443	1.0	1.0	0.7214583562493125	0.7214611415543378	0.7214597489087882	0.7214597489087882	0.7214611415543378	0.795777147799827	0.7214597489087882	0.871704490342838	0.44733763311834407	0.5419983200671973	0.5420028998550073	1.0	0.5350385984560617	0.7214597489087882	1.0	1.0	1.0	1.0	0.7214597489087882	1.0	1.0	1.0	0.7214583562493125
B1-B1br-B1g-B1dr-B1dq	1459751	1.0	1.0	0.2658246835063299	0.6992520299188032	0.6696315628952987	0.7119300824471143	0.7214611415543378	0	0.5132097358052838	1.0	0.8616041518754437	0.5132097358052838	1.0	0.7017689469315921	0.6901508447204348	0.5132097358052838	0.5132121696957576	0.5132097358052838	0.5132097358052838	0.5132097358052838	1.0	1.0	1.0	1.0	0.5132073018904716	1.0	1.0	1.0	1.0	1.0	1.0	0.7044033018514166	1.0	1.0	0.856422153667695	1.0	0.5132097358052838	1.0	0.8551543453696389	0.5132097358052838	0.6121735739249127	0.5934121976340709	1.0	0.5132121696957576	1.0	1.0	0.5665930022099337	0.5132121696957576	1.0	0.20566588668226635	0.5816904577385565	0.6083437079702211	0.6246350145994161	0.7149699760508382	0.8107547311317217	0.7307980760577183	0.6532304030879074	0.5615009624759381	0.7660270191894243	0.7944661660150195	0.5132097358052838	0.6748897533074008	0.6857010004649837	0.5132146035618932	0.5132146035618932	0.5267641970740877	0.5759927202183934	0.24506887327816804	0.701118966431007	0.679661211857585	0.7623459413514662	0.6995120195192193	0.7129400470983516	0.7176598819041333	0.5132121696957576	1.0	0.8200353989380319	1.0	0.5132097358052838	0.5132097358052838	1.0	1.0	1.0	1.0	0.369632607347853	1.0	0.5132097358052838	0.5644152454664086	0.30098097057088286	0.697250596229132	0.5668373265069397	0.7085687429377119	0.5392038238852834	0.5271418214544636	0.5132097358052838	0.5132121696957576	0.6629901102966911	0.5132097358052838	0.5778247761328353	1.0	0.6921907733229337	0.8527736806579835	0.6918223271069157	0.6588002359929203	0.5132121696957576	0.8705238842834715	0.5132097358052838	0.6133135340263091	1.0	1.0	0.5132097358052838	0.7200383988480346	0.5132121696957576	0.5435114122146947	0.5132146035618932	0.7957751056223594	0.6067998300042499	0.8717032074198146	0.6901923923043078	0.6914592562223133	0.6926622935082597	1.0	0.7498275051748448	0.5132121696957576	1.0	1.0	1.0	1.0	0.5132121696957576	1.0	1.0	1.0	0.5132097358052838
B1-B5cc	1459753	1.0	1.0	0.5983240167598324	0.6992490225293241	0.6696282592935177	0.7119272018199545	0.7214583562493125	0.5132097358052838	0	1.0	0.8616027679446411	0.4096559034409656	1.0	0.7017659646807064	0.6901477463063423	0.23760762392376075	0.3578596321055184	0.3816361836381636	0.4882151178488215	0.5053049469505305	1.0	1.0	1.0	1.0	0.1638041809790951	1.0	1.0	1.0	1.0	1.0	1.0	0.7044003459878905	1.0	1.0	1.0	1.0	0.46653533464665353	1.0	0.8551528969420612	0.1920980790192098	0.612169695757606	0.5934081318373633	1.0	0.39592906106408404	1.0	1.0	0.5665886682266355	0.48661770073448896	1.0	0.33577664223357767	0.5816862747058794	0.6083397915052123	0.7304780856574303	0.7149671258218544	0.8107528387074194	0.7307953840923181	0.6532269354612907	0.5614965775513368	0.7660246795064098	0.7944641107177857	0.36597634023659764	0.6748865022699546	0.6856978575535612	0.5029699406011879	0.49637007259854804	0.5267594648107038	0.5759884802303954	0.43960840587391187	0.7011159776804464	0.6796580085497863	0.7623435648465273	0.6995090147295581	0.7129371765705858	0.7176570585735357	0.3828592571111433	1.0	0.8200335993280135	1.0	0.16711832881671182	0.2996970030299697	1.0	1.0	1.0	1.0	0.4006659933400666	1.0	0.2915970840291597	0.6565185870353241	0.5757284854302914	0.6972475688107798	0.5668329950101497	0.7085658286834263	0.5391992160156797	0.5271370929436059	0.33201667983320166	0.49134762978555324	0.6629867402651947	0.34172658273417267	0.5778205544861379	1.0	0.6921876953076173	0.8527722084168737	0.6918192454226373	0.6587968240635187	0.43141852872206915	0.870522589548209	0.3017969820301797	0.6133096672583186	1.0	1.0	0.24596754032459675	0.7200355992880142	0.3778493322600161	0.543506847397289	0.4902801943961121	0.795773063404049	0.6067958980615291	0.8717019244711329	0.6901892943211704	0.6914561708765825	0.6926592202233933	1.0	0.74982500349993	0.32498012529812054	1.0	1.0	1.0	1.0	0.4130288045679315	1.0	1.0	1.0	0.44394556054439455
B5-B5a-B5b	1460267	0.39414514637134074	0.2370790730231744	1.0	1.0	1.0	1.0	1.0	1.0	1.0	0	1.0	1.0	1.0	1.0	1.0	1.0	1.0	1.0	0.7806732899006514	1.0	0.49413011739765206	0.4188145296367591	0.4728079078813818	1.0	1.0	0.36851262974740506	1.0	0.4728052719472805	0.5442491150176997	0.5483812904677383	1.0	1.0	0.5227495450090999	0.4010249743756406	1.0	1.0	1.0	1.0	1.0	1.0	1.0	1.0	1.0	1.0	1.0	1.0	1.0	1.0	0.4221315573688526	1.0	1.0	1.0	1.0	1.0	1.0	1.0	1.0	1.0	1.0	1.0	1.0	1.0	1.0	1.0	1.0	1.0	1.0	1.0	1.0	1.0	1.0	1.0	1.0	1.0	1.0	0.5229619259518512	1.0	1.0	1.0	1.0	1.0	0.4961825954351141	1.0	1.0	1.0	0.6434171316573668	1.0	1.0	1.0	1.0	1.0	1.0	1.0	1.0	1.0	1.0	1.0	1.0	1.0	0.47281317967050823	1.0	1.0	1.0	1.0	1.0	1.0	1.0	1.0	1.0	1.0	1.0	1.0	1.0	1.0	1.0	1.0	1.0	1.0	1.0	1.0	1.0	1.0	1.0	1.0	0.41485462863428413	0.538041548961276	0.47703830365937194	0.3042973925651859	1.0	0.39722205555888884	1.0	0.3253101203481948	0.5560566591501127
B1ec/B5aj/B1do-B1-B5db	1459757	1.0	1.0	0.8616027679446411	0.8616055357785689	0.861604843830466	0.861604843830466	0.8616055357785689	0.8616041518754437	0.8616027679446411	1.0	0	0.8616027679446411	1.0	0.8616041518754437	0.861604843830466	0.8616027679446411	0.8616034599135022	0.8616027679446411	0.8616027679446411	0.8616027679446411	1.0	1.0	1.0	1.0	0.8616020759688605	1.0	1.0	1.0	1.0	1.0	1.0	0.8616062277197526	1.0	1.0	1.0	1.0	0.8616027679446411	0.1616209594760131	0.6258112256632301	0.8616027679446411	0.861604843830466	0.8616041518754437	1.0	0.8616034599135022	1.0	1.0	0.8616041518754437	0.8616034599135022	1.0	0.8616027679446411	0.8616034599135022	0.861604843830466	0.8616055357785689	0.861604843830466	0.8616034599135022	0.8616041518754437	0.8616041518754437	0.8616034599135022	0.6258112256632301	0.6258112256632301	0.8616027679446411	0.8616041518754437	0.861604843830466	0.8616041518754437	0.8616041518754437	0.8616041518754437	0.8616041518754437	0.8616034599135022	0.8616041518754437	0.861604843830466	0.8616034599135022	0.8616055357785689	0.861604843830466	0.861604843830466	0.8616034599135022	1.0	0.6258112256632301	1.0	0.8616027679446411	0.625807483850323	0.2670146597068059	1.0	1.0	1.0	0.8616027679446411	1.0	0.8616027679446411	0.861604843830466	0.8616041518754437	0.861604843830466	0.8616055357785689	0.8616041518754437	0.8616041518754437	0.8616034599135022	0.8616027679446411	0.8616034599135022	0.8616041518754437	0.8616027679446411	0.861604843830466	1.0	0.861604843830466	0.3854753631159221	0.8616055357785689	0.8616041518754437	0.8616034599135022	0.7652170434886953	0.8616027679446411	0.861604843830466	1.0	1.0	0.8616027679446411	0.8616041518754437	0.8616034599135022	0.8616034599135022	0.8616041518754437	0.8616034599135022	0.8616034599135022	0.39557511062223444	0.8616055357785689	0.8616041518754437	0.8616055357785689	1.0	0.8616041518754437	0.8616034599135022	1.0	1.0	1.0	1.0	0.8616034599135022	1.0	1.0	1.0	0.8616027679446411
B1-B1ai-B1x	1460268	1.0	1.0	0.5983240167598324	0.5853624391268262	0.5496312592185195	0.5065623359416015	0.5382938511844645	0.5132097358052838	0.4096559034409656	1.0	0.8616027679446411	0	1.0	0.5692786144277114	0.5698607534811629	0.4096559034409656	0.40965885511717326	0.4096559034409656	0.4882151178488215	0.5053049469505305	1.0	1.0	1.0	1.0	0.4096529517352413	1.0	1.0	1.0	1.0	1.0	1.0	0.48823791167309144	1.0	1.0	1.0	1.0	0.46653533464665353	1.0	0.8551528969420612	0.4096559034409656	0.5322416939576511	0.505279894402112	1.0	0.40965885511717326	1.0	1.0	0.5665886682266355	0.48661770073448896	1.0	0.4096559034409656	0.472497912531312	0.6083397915052123	0.628241152765417	0.49534261643458916	0.8107528387074194	0.6589368212635748	0.5204395912081758	0.39748903766443505	0.7660246795064098	0.7944641107177857	0.4096559034409656	0.5633987320253595	0.49062273443163923	0.5029699406011879	0.49637007259854804	0.5267594648107038	0.49448011039779205	0.43960840587391187	0.5162596748065039	0.5673908152296192	0.6603450948235776	0.5847924562263133	0.6060598485037874	0.5032524186895327	0.40965885511717326	1.0	0.8200335993280135	1.0	0.4096559034409656	0.4096559034409656	1.0	1.0	1.0	1.0	0.4096559034409656	1.0	0.4096559034409656	0.6565185870353241	0.5757284854302914	0.48028299292517684	0.296621101366959	0.46543069138617227	0.36820263594728103	0.5271370929436059	0.4096559034409656	0.49134762978555324	0.5521789564208716	0.4096559034409656	0.295697607559811	1.0	0.5942901427464313	0.8527722084168737	0.5732028039158825	0.5193396132077358	0.43141852872206915	0.870522589548209	0.4096559034409656	0.4877228069298268	1.0	1.0	0.4096559034409656	0.7200355992880142	0.40965885511717326	0.543506847397289	0.4902801943961121	0.795773063404049	0.6067958980615291	0.8717019244711329	0.5763327100186995	0.5365892682146357	0.5639430817075488	1.0	0.6597568048639028	0.40965885511717326	1.0	1.0	1.0	1.0	0.4130288045679315	1.0	1.0	1.0	0.44394556054439455
B19i/B6g-B6-B6a-B6b-B6i-B19as-B19af-B6h-B6c	1459759	1.0	1.0	1.0	1.0	1.0	1.0	1.0	1.0	1.0	1.0	1.0	1.0	0	1.0	1.0	1.0	1.0	1.0	1.0	1.0	1.0	1.0	1.0	1.0	1.0	1.0	1.0	1.0	1.0	1.0	1.0	1.0	1.0	1.0	1.0	1.0	1.0	1.0	1.0	1.0	1.0	1.0	1.0	1.0	1.0	1.0	1.0	1.0	1.0	1.0	1.0	1.0	1.0	1.0	1.0	1.0	1.0	1.0	1.0	1.0	1.0	1.0	1.0	1.0	1.0	1.0	1.0	1.0	1.0	1.0	1.0	1.0	1.0	1.0	1.0	1.0	1.0	1.0	1.0	1.0	1.0	1.0	1.0	1.0	1.0	1.0	1.0	1.0	1.0	1.0	1.0	1.0	1.0	1.0	1.0	1.0	1.0	1.0	1.0	1.0	1.0	1.0	1.0	1.0	1.0	1.0	1.0	1.0	1.0	1.0	1.0	1.0	1.0	1.0	1.0	1.0	1.0	1.0	1.0	1.0	1.0	0.44530773461326933	1.0	1.0	1.0	1.0	1.0	1.0	1.0	1.0	0.2747298898560579	1.0	1.0
B1-B1x-B1af-B1ae-B14d-B1ag-B1t-B1az	1459761	1.0	1.0	0.7017659646807064	0.2564597416103356	0.17336893208737694	0.6167934122305719	0.6244150233990641	0.7017689469315921	0.7017659646807064	1.0	0.8616041518754437	0.5692786144277114	1.0	0	0.4764283250086247	0.7017659646807064	0.7017674558136047	0.7017659646807064	0.7017659646807064	0.7017659646807064	1.0	1.0	1.0	1.0	0.7017644735328971	1.0	1.0	1.0	1.0	1.0	1.0	0.6065777040033199	1.0	1.0	1.0	1.0	0.7017659646807064	1.0	0.8551543453696389	0.7017659646807064	0.621843235486758	0.6136415907522774	1.0	0.7017674558136047	1.0	1.0	0.7017689469315921	0.7017674558136047	1.0	0.7017659646807064	0.5925801854953626	0.7017704380346688	0.5497780088796448	0.6002839900603479	0.8107547311317217	0.5538833834984951	0.46422607321780346	0.4642233944151396	0.7660270191894243	0.7944661660150195	0.7017659646807064	0.4852254432367029	0.48698795542156026	0.7017689469315921	0.7017689469315921	0.7017689469315921	0.6202613921582353	0.7017674558136047	0.42465726028219153	0.48444804431844884	0.31406714832129196	0.4879304827806888	0.07793227237046703	0.6102436414725485	0.7017674558136047	1.0	0.8200353989380319	1.0	0.7017659646807064	0.7017659646807064	1.0	1.0	1.0	0.914351284730729	0.7017659646807064	1.0	0.7017659646807064	0.7017704380346688	0.7017689469315921	0.33382331618393357	0.3983940642374305	0.5883623491295261	0.4272771816845495	0.7017674558136047	0.7017659646807064	0.7017674558136047	0.4002579922602322	0.5967080658386832	0.49081782137625185	1.0	0.4988175413860515	0.8527736806579835	0.1593936242550298	0.2111236662900113	0.7017674558136047	0.8705238842834715	0.7017659646807064	0.24393646222382218	1.0	1.0	0.623297534049319	0.7200383988480346	0.7017674558136047	0.7017674558136047	0.7017689469315921	0.7957751056223594	0.7017674558136047	0.8717032074198146	0.4828606855725771	0.46422607321780346	0.46800127994880203	1.0	0.5547033588992331	0.7017674558136047	1.0	1.0	1.0	1.0	0.7017674558136047	1.0	1.0	1.0	0.7017659646807064
B1-B14d-B1x-B1co-B1l-B14b-B1ao-B5dc	1459763	1.0	1.0	0.6901477463063423	0.5009924553395098	0.4857805687772489	0.53206871725131	0.5420006099725513	0.6901508447204348	0.6901477463063423	1.0	0.861604843830466	0.5698607534811629	1.0	0.4764283250086247	0	0.6901477463063423	0.6901492955211344	0.6901477463063423	0.6901477463063423	0.6901477463063423	1.0	1.0	1.0	1.0	0.6901461970760585	1.0	1.0	1.0	1.0	1.0	1.0	0.4573671316434178	1.0	1.0	1.0	1.0	0.6901477463063423	1.0	0.8551550695725649	0.6901477463063423	0.610225590976361	0.6020239291624793	1.0	0.6901492955211344	1.0	1.0	0.6901508447204348	0.6901492955211344	1.0	0.6901477463063423	0.5809625711228663	0.6901523939042439	0.5438705258263378	0.5138194472221111	0.8107556773296801	0.3921112761053363	0.17168899088531903	0.31804045878623644	0.7660281890133845	0.7944671936482223	0.6901477463063423	0.30384436544720933	0.2892684292628295	0.6901508447204348	0.6901508447204348	0.6901508447204348	0.6086436974705886	0.6901492955211344	0.30406435774747886	0.1204351825926963	0.5257442276731698	0.24583393747281373	0.5077196912123515	0.4853905843766249	0.6901492955211344	1.0	0.8200362987295444	1.0	0.6901477463063423	0.6901477463063423	1.0	1.0	1.0	1.0	0.6901477463063423	1.0	0.6901477463063423	0.6901523939042439	0.6901508447204348	0.3976340946362146	0.4286057127429266	0.5018974335898243	0.3986210482633108	0.6092717218483445	0.6901477463063423	0.6901492955211344	0.4447394341198058	0.5555411114722132	0.48549058037678494	1.0	0.3042978280868765	0.852774416767497	0.4581043853026614	0.45728899488517905	0.6901492955211344	0.8705245316413925	0.6901477463063423	0.39488420463181473	1.0	1.0	0.6901477463063423	0.7200397986070488	0.6901492955211344	0.6901492955211344	0.6901508447204348	0.7957761267161985	0.6057718268451946	0.8717038488845334	0.12251948662310196	0.2543160989365372	0.12459939302731377	1.0	0.440779572714955	0.6901492955211344	1.0	1.0	1.0	1.0	0.6901492955211344	1.0	1.0	1.0	0.6901477463063423
B1-B1ed	1459766	1.0	1.0	0.5983240167598324	0.6992490225293241	0.6696282592935177	0.7119272018199545	0.7214583562493125	0.5132097358052838	0.23760762392376075	1.0	0.8616027679446411	0.4096559034409656	1.0	0.7017659646807064	0.6901477463063423	0	0.3578596321055184	0.3816361836381636	0.4882151178488215	0.5053049469505305	1.0	1.0	1.0	1.0	0.2376038119809401	1.0	1.0	1.0	1.0	1.0	1.0	0.7044003459878905	1.0	1.0	1.0	1.0	0.46653533464665353	1.0	0.8551528969420612	0.23760762392376075	0.612169695757606	0.5934081318373633	1.0	0.39592906106408404	1.0	1.0	0.5665886682266355	0.48661770073448896	1.0	0.33577664223357767	0.5816862747058794	0.6083397915052123	0.7304780856574303	0.7149671258218544	0.8107528387074194	0.7307953840923181	0.6532269354612907	0.5614965775513368	0.7660246795064098	0.7944641107177857	0.23240767592324077	0.6748865022699546	0.6856978575535612	0.5029699406011879	0.49637007259854804	0.5267594648107038	0.5759884802303954	0.43960840587391187	0.7011159776804464	0.6796580085497863	0.7623435648465273	0.6995090147295581	0.7129371765705858	0.7176570585735357	0.3828592571111433	1.0	0.8200335993280135	1.0	0.23760762392376075	0.2996970030299697	1.0	1.0	1.0	1.0	0.4006659933400666	1.0	0.2915970840291597	0.6565185870353241	0.5757284854302914	0.6972475688107798	0.5668329950101497	0.7085658286834263	0.5391992160156797	0.5271370929436059	0.33201667983320166	0.49134762978555324	0.6629867402651947	0.34172658273417267	0.5778205544861379	1.0	0.6921876953076173	0.8527722084168737	0.6918192454226373	0.6587968240635187	0.43141852872206915	0.870522589548209	0.3017969820301797	0.6133096672583186	1.0	1.0	0.24596754032459675	0.7200355992880142	0.3778493322600161	0.543506847397289	0.4902801943961121	0.795773063404049	0.43827842582361265	0.8717019244711329	0.6901892943211704	0.6914561708765825	0.6926592202233933	1.0	0.74982500349993	0.32498012529812054	1.0	1.0	1.0	1.0	0.4130288045679315	1.0	1.0	1.0	0.44394556054439455
B1-B1as-B1cg-B1e	1459767	1.0	1.0	0.5983260251096234	0.6992505262315819	0.6696299111026669	0.7119286421407358	0.7214597489087882	0.5132121696957576	0.3578596321055184	1.0	0.8616034599135022	0.40965885511717326	1.0	0.7017674558136047	0.6901492955211344	0.3578596321055184	0	0.38163927541086884	0.488217676734849	0.5053074203886941	1.0	1.0	1.0	1.0	0.35785642143578567	1.0	1.0	1.0	1.0	1.0	1.0	0.7044018239270429	1.0	1.0	1.0	1.0	0.466538001929971	1.0	0.855153621159471	0.3578596321055184	0.6121716348509545	0.5934101647458814	1.0	0.3959320813583728	1.0	1.0	0.5665908352291192	0.4866202675946481	1.0	0.3578596321055184	0.5816883662326754	0.6083417497475075	0.7304794332198373	0.7149685509434717	0.8107537849243015	0.730796730081748	0.653228669283268	0.5614987700245995	0.7660258493537662	0.7944651383715408	0.3659795103073454	0.6748881277968051	0.6856994290171294	0.5029724256893577	0.4963725906852329	0.5267618309542261	0.5759906002349942	0.4396112077758445	0.7011174720631984	0.6796596102116936	0.7623447531049379	0.6995105171319004	0.7129386118416448	0.7176584702458926	0.38286234275314496	1.0	0.8200344991375216	1.0	0.3578596321055184	0.3578596321055184	1.0	1.0	1.0	1.0	0.40066898996515055	1.0	0.2297715534266986	0.6565203043908683	0.5757306067348317	0.6972490825275242	0.5668351607693731	0.7085672858178546	0.5392015199620009	0.5271394572108558	0.3578596321055184	0.49135017299654005	0.6629884252893677	0.3578596321055184	0.5778226653200405	1.0	0.6921892343229703	0.8527729445411092	0.6918207862724804	0.658798530036749	0.43142137157256855	0.8705232369190771	0.23995140072898907	0.6133116006519804	1.0	1.0	0.3578596321055184	0.6021299467513312	0.37785244295114095	0.5435091298174036	0.4902827429314267	0.6778664426711466	0.6067978640427192	0.871702565948681	0.6901908433204837	0.6914577135571611	0.6926607568735095	1.0	0.7498262543436414	0.3578628427431451	1.0	1.0	1.0	1.0	0.4130317393652127	1.0	1.0	1.0	0.4439483407748884
B1-B10b-B1bw	1460279	1.0	1.0	0.5983240167598324	0.6992490225293241	0.6696282592935177	0.7119272018199545	0.7214583562493125	0.5132097358052838	0.3816361836381636	1.0	0.8616027679446411	0.4096559034409656	1.0	0.7017659646807064	0.6901477463063423	0.3816361836381636	0.38163927541086884	0	0.4882151178488215	0.5053049469505305	1.0	1.0	1.0	1.0	0.3816330918345408	1.0	1.0	1.0	1.0	1.0	1.0	0.7044003459878905	1.0	1.0	1.0	1.0	0.46653533464665353	1.0	0.8551528969420612	0.3816361836381636	0.5186820329491763	0.499920001599968	1.0	0.3024404633930491	1.0	1.0	0.47310053798924023	0.39312910306345406	1.0	0.3816361836381636	0.48819767703484446	0.5148521286967825	0.7304780856574303	0.7149671258218544	0.8107528387074194	0.7307953840923181	0.6532269354612907	0.5614965775513368	0.7660246795064098	0.7944641107177857	0.3816361836381636	0.6748865022699546	0.6856978575535612	0.4094818103637927	0.40288194236115277	0.4332713345733085	0.4825003499930001	0.43960840587391187	0.7011159776804464	0.6796580085497863	0.7623435648465273	0.6995090147295581	0.7129371765705858	0.7176570585735357	0.3828592571111433	1.0	0.8200335993280135	1.0	0.3816361836381636	0.3816361836381636	1.0	1.0	1.0	1.0	0.4006659933400666	1.0	0.3816361836381636	0.568060798480038	0.5757284854302914	0.6972475688107798	0.5668329950101497	0.7085658286834263	0.5391992160156797	0.43364849527257093	0.3816361836381636	0.3978590321145183	0.6629867402651947	0.3816361836381636	0.5778205544861379	1.0	0.6921876953076173	0.8527722084168737	0.6918192454226373	0.6587968240635187	0.33171002434963476	0.870522589548209	0.3816361836381636	0.6133096672583186	1.0	1.0	0.3816361836381636	0.7200355992880142	0.38163927541086884	0.4500182497262541	0.373222535549289	0.795773063404049	0.5133073003904941	0.8717019244711329	0.6901892943211704	0.6914561708765825	0.6926592202233933	1.0	0.74982500349993	0.38163927541086884	1.0	1.0	1.0	1.0	0.4130288045679315	1.0	1.0	1.0	0.44394556054439455
B1/B5de-B5	1460291	0.7806743865122697	0.7806743865122697	0.43149568504314956	0.6992490225293241	0.6696282592935177	0.7119272018199545	0.7214583562493125	0.5132097358052838	0.4882151178488215	0.7806732899006514	0.8616027679446411	0.4882151178488215	1.0	0.7017659646807064	0.6901477463063423	0.4882151178488215	0.488217676734849	0.4882151178488215	0	0.5053049469505305	0.7806732899006514	0.7806743865122697	0.7806721932780673	1.0	0.48821255893720533	0.7806732899006514	1.0	0.7806710966445167	0.7806732899006514	0.7806743865122697	1.0	0.7044003459878905	0.7806732899006514	0.7806743865122697	1.0	1.0	0.4882151178488215	1.0	0.8551528969420612	0.4882151178488215	0.612169695757606	0.5934081318373633	1.0	0.488217676734849	1.0	1.0	0.5665886682266355	0.488217676734849	0.7806732899006514	0.4882151178488215	0.5816862747058794	0.6083397915052123	0.7304780856574303	0.7149671258218544	0.5418668719969201	0.7307953840923181	0.6532269354612907	0.5614965775513368	0.7660246795064098	0.7944641107177857	0.4882151178488215	0.6748865022699546	0.6856978575535612	0.5029699406011879	0.49637007259854804	0.5267594648107038	0.5759884802303954	0.488217676734849	0.7011159776804464	0.6796580085497863	0.7623435648465273	0.6995090147295581	0.7129371765705858	0.7176570585735357	0.488217676734849	0.7806743865122697	0.8200335993280135	1.0	0.4882151178488215	0.4882151178488215	1.0	0.7806743865122697	1.0	1.0	0.4882151178488215	0.7806732899006514	0.4882151178488215	0.6565185870353241	0.5757284854302914	0.6972475688107798	0.5668329950101497	0.7085658286834263	0.5391992160156797	0.5271370929436059	0.4882151178488215	0.49134762978555324	0.6629867402651947	0.4882151178488215	0.5778205544861379	0.7806743865122697	0.6921876953076173	0.8527722084168737	0.6918192454226373	0.6587968240635187	0.488217676734849	0.870522589548209	0.4882151178488215	0.6133096672583186	1.0	1.0	0.4882151178488215	0.7200355992880142	0.488217676734849	0.543506847397289	0.4902801943961121	0.795773063404049	0.6067958980615291	0.8717019244711329	0.6901892943211704	0.6914561708765825	0.6926592202233933	1.0	0.74982500349993	0.488217676734849	0.7806743865122697	0.7806743865122697	0.780676579702609	0.7806743865122697	0.488217676734849	0.7806732899006514	1.0	0.7806721932780673	0.26888731112688874
B19/B1	1460294	1.0	1.0	0.5983240167598324	0.6992490225293241	0.6696282592935177	0.7119272018199545	0.7214583562493125	0.5132097358052838	0.5053049469505305	1.0	0.8616027679446411	0.5053049469505305	1.0	0.7017659646807064	0.6901477463063423	0.5053049469505305	0.5053074203886941	0.5053049469505305	0.5053049469505305	0	1.0	1.0	1.0	0.6046739532604674	0.5053024734876326	1.0	1.0	1.0	1.0	1.0	1.0	0.7044003459878905	1.0	1.0	1.0	1.0	0.5053049469505305	1.0	0.8551528969420612	0.5053049469505305	0.612169695757606	0.5934081318373633	1.0	0.5053074203886941	1.0	1.0	0.5665886682266355	0.5053074203886941	1.0	0.5053049469505305	0.5816862747058794	0.6083397915052123	0.7304780856574303	0.7149671258218544	0.8107528387074194	0.7307953840923181	0.6532269354612907	0.5614965775513368	0.7660246795064098	0.7944641107177857	0.5053049469505305	0.6748865022699546	0.6856978575535612	0.505309893802124	0.505309893802124	0.5267594648107038	0.5759884802303954	0.5053074203886941	0.7011159776804464	0.6796580085497863	0.7623435648465273	0.6995090147295581	0.7129371765705858	0.7176570585735357	0.5053074203886941	1.0	0.8200335993280135	1.0	0.5053049469505305	0.5053049469505305	1.0	1.0	1.0	1.0	0.5053049469505305	1.0	0.5053049469505305	0.6565185870353241	0.5757284854302914	0.6972475688107798	0.5668329950101497	0.7085658286834263	0.5391992160156797	0.5271370929436059	0.5053049469505305	0.5053074203886941	0.6629867402651947	0.5053049469505305	0.5778205544861379	1.0	0.6921876953076173	0.8527722084168737	0.6918192454226373	0.6587968240635187	0.5053074203886941	0.870522589548209	0.5053049469505305	0.6133096672583186	1.0	1.0	0.5053049469505305	0.7200355992880142	0.5053074203886941	0.543506847397289	0.505309893802124	0.795773063404049	0.6067958980615291	0.8717019244711329	0.6901892943211704	0.6914561708765825	0.6926592202233933	0.8898722025559489	0.74982500349993	0.5053074203886941	1.0	1.0	1.0	1.0	0.5053074203886941	1.0	1.0	1.0	0.5053049469505305
B5/B5a/B5p/B5ae-B5m	1459789	0.6026299342516437	0.5221219469513262	1.0	1.0	1.0	1.0	1.0	1.0	1.0	0.49413011739765206	1.0	1.0	1.0	1.0	1.0	1.0	1.0	1.0	0.7806732899006514	1.0	0	0.4967625809354766	0.7417038744418833	1.0	1.0	0.49413011739765206	1.0	0.7417025829741702	0.37144257114857704	0.08938276543086422	1.0	1.0	0.2858042839143217	0.5929301767455813	1.0	1.0	1.0	1.0	1.0	1.0	1.0	1.0	1.0	1.0	1.0	1.0	1.0	1.0	0.2608147837043259	1.0	1.0	1.0	1.0	1.0	1.0	1.0	1.0	1.0	1.0	1.0	1.0	1.0	1.0	1.0	1.0	1.0	1.0	1.0	1.0	1.0	1.0	1.0	1.0	1.0	1.0	0.7417064573385665	1.0	1.0	1.0	1.0	1.0	0.14183145421364465	0.895241047589524	1.0	1.0	0.7417051658966821	1.0	1.0	1.0	1.0	1.0	1.0	1.0	1.0	1.0	1.0	1.0	1.0	1.0	0.7417064573385665	1.0	1.0	1.0	1.0	1.0	1.0	1.0	1.0	1.0	1.0	1.0	1.0	1.0	1.0	1.0	1.0	1.0	1.0	1.0	1.0	1.0	1.0	1.0	1.0	0.6227894302642434	0.7417064573385665	0.6428924987625433	0.5039224019399515	1.0	0.4690706185876283	1.0	0.4941275880861787	0.7417038744418833
B5-B5a-B5d-B5ae-B5v-B5g	1459791	0.40594782156535303	0.3439196824095277	1.0	1.0	1.0	1.0	1.0	1.0	1.0	0.4188145296367591	1.0	1.0	1.0	1.0	1.0	1.0	1.0	1.0	0.7806743865122697	1.0	0.4967625809354766	0	0.5589988200235996	1.0	1.0	0.4903927401814955	1.0	0.5589966150507742	0.5442513937151571	0.5045848624541264	1.0	1.0	0.5997300067498312	0.4214673559793206	1.0	1.0	1.0	1.0	1.0	1.0	1.0	1.0	1.0	1.0	1.0	1.0	1.0	1.0	0.5241018974525636	1.0	1.0	1.0	1.0	1.0	1.0	1.0	1.0	1.0	1.0	1.0	1.0	1.0	1.0	1.0	1.0	1.0	1.0	1.0	1.0	1.0	1.0	1.0	1.0	1.0	1.0	0.5590032299031029	1.0	1.0	1.0	1.0	1.0	0.5876423707288781	0.8855017174742379	1.0	1.0	0.6434189145271368	1.0	1.0	1.0	1.0	1.0	1.0	1.0	1.0	1.0	1.0	1.0	1.0	1.0	0.5590032299031029	1.0	1.0	1.0	1.0	1.0	1.0	1.0	1.0	1.0	1.0	1.0	1.0	1.0	1.0	1.0	1.0	1.0	1.0	1.0	1.0	1.0	1.0	1.0	1.0	0.4256672299831005	0.5590032299031029	0.4233330666773329	0.3114806555803326	1.0	0.09621259468513287	1.0	0.36728265434691304	0.5589988200235996
B5-B5ay	1460306	0.6390272194556109	0.6023179536409272	1.0	1.0	1.0	1.0	1.0	1.0	1.0	0.4728079078813818	1.0	1.0	1.0	1.0	1.0	1.0	1.0	1.0	0.7806721932780673	1.0	0.7417038744418833	0.5589988200235996	0	1.0	1.0	0.6305755413668795	1.0	0.25855370723146387	0.6757748633770494	0.7592648147037059	1.0	1.0	0.7399139012914806	0.6798664026719465	1.0	1.0	1.0	1.0	1.0	1.0	1.0	1.0	1.0	1.0	1.0	1.0	1.0	1.0	0.6642850357244642	1.0	1.0	1.0	1.0	1.0	1.0	1.0	1.0	1.0	1.0	1.0	1.0	1.0	1.0	1.0	1.0	1.0	1.0	1.0	1.0	1.0	1.0	1.0	1.0	1.0	1.0	0.5229595408091838	1.0	1.0	1.0	1.0	1.0	0.7278254434911302	1.0	1.0	1.0	0.6434153487697685	1.0	1.0	1.0	1.0	1.0	1.0	1.0	1.0	1.0	1.0	1.0	1.0	1.0	0.4620507589848203	1.0	1.0	1.0	1.0	1.0	1.0	1.0	1.0	1.0	1.0	1.0	1.0	1.0	1.0	1.0	1.0	1.0	1.0	1.0	1.0	1.0	1.0	1.0	1.0	0.624807503849923	0.5380392392152157	0.6855894323170305	0.5479790404191917	1.0	0.5650965235521467	1.0	0.5873741262587374	0.5560544394556054
B19au/B19	1460310	1.0	1.0	1.0	1.0	1.0	1.0	1.0	1.0	1.0	1.0	1.0	1.0	1.0	1.0	1.0	1.0	1.0	1.0	1.0	0.6046739532604674	1.0	1.0	1.0	0	1.0	1.0	1.0	1.0	1.0	1.0	1.0	1.0	1.0	1.0	1.0	1.0	1.0	1.0	1.0	1.0	1.0	1.0	1.0	1.0	1.0	1.0	1.0	1.0	1.0	1.0	1.0	1.0	1.0	1.0	1.0	1.0	1.0	1.0	1.0	1.0	1.0	1.0	1.0	1.0	1.0	1.0	1.0	1.0	1.0	1.0	1.0	1.0	1.0	1.0	1.0	1.0	1.0	1.0	1.0	1.0	1.0	1.0	1.0	1.0	1.0	1.0	1.0	1.0	1.0	1.0	1.0	1.0	1.0	1.0	1.0	1.0	1.0	1.0	1.0	1.0	1.0	1.0	1.0	1.0	1.0	1.0	1.0	1.0	1.0	1.0	1.0	1.0	1.0	1.0	1.0	1.0	1.0	1.0	1.0	1.0	1.0	0.8898722025559489	1.0	1.0	1.0	1.0	1.0	1.0	1.0	1.0	1.0	1.0	1.0
B1	1460311	1.0	1.0	0.5983220083899581	0.6992475188120297	0.6696266074678506	0.7119257614847703	0.7214569635759106	0.5132073018904716	0.1638041809790951	1.0	0.8616020759688605	0.4096529517352413	1.0	0.7017644735328971	0.6901461970760585	0.2376038119809401	0.35785642143578567	0.3816330918345408	0.48821255893720533	0.5053024734876326	1.0	1.0	1.0	1.0	0	1.0	1.0	1.0	1.0	1.0	1.0	0.704398868033959	1.0	1.0	1.0	1.0	0.4665326673366633	1.0	0.8551521727174093	0.19209403952980236	0.6121677566448671	0.5934060989085164	1.0	0.3959260407395926	1.0	1.0	0.566586501202482	0.4866151338486615	1.0	0.3357733211333943	0.5816841831581684	0.6083378332433351	0.730476738081548	0.7149657006859863	0.8107518924810752	0.7307940380894287	0.6532252016219756	0.5614943850561495	0.7660235096473553	0.7944630830537542	0.3659731701341493	0.674884876726849	0.6856962860742785	0.5029674554881677	0.4963675544866827	0.5267570986435204	0.5759863602045969	0.4396056039439606	0.7011144832827507	0.6796564068718626	0.7623423765762343	0.6995075123121922	0.7129357412851743	0.7176556468870623	0.3828561714382856	1.0	0.8200326995095074	1.0	0.16711416442917784	0.29969350153249236	1.0	1.0	1.0	1.0	0.4006629966850166	1.0	0.2915935420322898	0.6565168696626067	0.5757263641045385	0.6972460550788985	0.5668308292292693	0.708564371534427	0.5391969120463193	0.5271347286527135	0.33201333993330034	0.4913450865491345	0.6629850552241716	0.34172329138354307	0.5778184436311273	1.0	0.6921861562768744	0.8527714722852772	0.6918177045573861	0.6587951180732289	0.43141568584314155	0.8705219421708674	0.3017934910325448	0.6133077338453231	1.0	1.0	0.2459637701811491	0.7200341994870076	0.37784622153778463	0.5435045649543505	0.49027764583531247	0.7957720422795772	0.6067939320606794	0.8717012829871701	0.6901877453063674	0.6914546281805773	0.692657683557911	1.0	0.7498237526437104	0.32497675023249767	1.0	1.0	1.0	1.0	0.41302586974130256	1.0	1.0	1.0	0.44394278028609857
