B5-B5a-B5b-B5e-B5f-B5d-B5c	1459712	0.0	0.0015439063098145348	0.002672700096718464	0.006578128434455351	0.0037342137558338913	0.002067585690769892	0.004984828392489558	0.004829616488754535	0.003379728277981009	0.0035795760658267235	0.0036081901071345654	0.0031950951795991383	0.004366299096541729	0.002642775417435907	0.005479699379154222	0.0036760202552101424	0.012660620288262595	0.003612666665620378	0.0015479953357029484	0.0051782640902085664	0.0012830298402198904	0.0017344697975938007	0.0018650482996105113	0.004041001865022054	0.005585446558508843	0.006717675772453773	0.010575543019385679	0.008867132192483758	0.008695507422669606	0.011496942886371438	0.011000174218350825	0.010536990997726476	0.0071168817453401605	0.011972208284869048	0.007942295212223576	0.010048873292141818	0.009811549377177802	0.007466117294095286	0.007476955695007019	0.0077698923755709064	0.020149970690555637	0.007116360013263368	0.009426363536444098	0.020721047553949302	0.010268293945643655	0.007523631191425552	0.008102969284115028	0.008097993087263767	0.007462462935458929	0.008032095698539257	0.007776479628598768	0.008003816448996223	0.008240560344773915	0.008085317622850492	0.008713843510494753	0.009716208610824343	0.010783459328746494	0.013569091176264467	0.009502441526959261	0.009190576293409324	0.009801150773335347	0.009746887797528088	0.007391775045843594	0.009732844604575106	0.010035798969011071	0.0078097455201319955	0.007569756282839454	0.0076924859212309776	0.008219161686763968	0.010219054255574907	0.010590879205428068	0.009787668741404926	0.014711056252607631	0.010079568908085439	0.009781675734824746	0.009571515131852216	0.008116957800825856	0.010101920291007819	0.00727406009424527	0.007990129529701726	0.009026835898426337	0.007300554607314559	0.01018378554238172	0.009365896405145804	0.009334325573353324	0.008300968173265368	0.012315124002666548	0.008221699268136906	0.00772076310622548	0.00807647229784491	0.007853644345466928	0.012653258786771315	0.012121795637100984	0.008185557721480082	0.010133281530814593	0.010864697762208685	0.010633543998929101	0.009906436796999873	0.007572028014823057	0.010802852591379933	0.008040991442670427	0.00876576432492987	0.00747869696084861	0.012406850350835854	0.007515014190805614	0.00759879634125497	0.007647245998636294	0.012851213649952363	0.008203149225579673	0.010603137022341553	0.010172657299408909	0.011326902382452611	0.00966213839078236	0.01649851774688328	0.007114646469722076	0.007278055593147392	0.010877845613263368	0.010890034413263368	0.01247176433038994	0.012383866387741025	0.04304598620955522	0.04129533224296148	0.04159421396282354	0.038820687422202474	0.0033937448392004	0.036490384213263366	0.037118049888998216	0.037834792472383805	0.040324182213263365	0.010897321313263368	0.011096982383806315	0.007127307513263369	0.0071323075132633685
B5-B5a-B5b-B5d-B5c	1459713	0.0015439063098145348	0.0	0.002000559766154522	0.007243583829694061	0.003934541073335332	0.002327817122992017	0.005651195978415768	0.005029943806255977	0.004046095863907218	0.0042456424985502905	0.004066524354608365	0.0038192087701659667	0.0030394349411558713	0.0033086692236952613	0.006146275690231953	0.004004700198335247	0.013326810616926615	0.0042792549412017595	0.0017689473303032117	0.005844474652809439	0.0010563469911810022	0.0024803437155368926	0.002117934067228184	0.004241329182523495	0.0062511727729799285	0.007797904722575485	0.011240998414624389	0.009532858406954843	0.009361233637140691	0.012162669100842523	0.01166590043282191	0.01120271721219756	0.007782607959811246	0.012637934499340133	0.008608021426694661	0.010714599506612903	0.010477275591648887	0.00813184350856637	0.008142681909478106	0.008435618590041993	0.020815696905026722	0.007782086227734453	0.010092089750915183	0.021386773768420388	0.01093402016011474	0.008189357405896637	0.008768695498586113	0.008763719301734854	0.008128189149930014	0.008697821913010342	0.008442205843069853	0.008669542663467308	0.008906286559245	0.008751043837321578	0.009379569724965838	0.01038193482529543	0.011448914723985203	0.014234817390735555	0.010168167741430346	0.009856302507880409	0.010466876987806432	0.010412614011999173	0.00805750126031468	0.010398570819046191	0.010701525183482155	0.008475471734603082	0.008235482497310539	0.008358212135702064	0.008884887901235053	0.010884780470045992	0.011256605419899153	0.010453394955876012	0.015376782467078716	0.010745295122556524	0.01044740194929583	0.010237241346323301	0.008782684015296941	0.010767646505478904	0.007939786308716355	0.00865585574417281	0.009692562112897422	0.007966280821785644	0.010849511756852805	0.01003162261961689	0.01000005178782441	0.008966694387736453	0.012980850217137631	0.008887425482607991	0.008386489320696565	0.008742198512315995	0.008519370559938013	0.0133189850012424	0.012787521851572071	0.008851283935951165	0.010799007745285678	0.01153042397667977	0.011299270213400187	0.010572163011470959	0.008237754229294143	0.011468578805851018	0.008706717657141512	0.009431490539400953	0.008144423175319694	0.013072576565306939	0.0081807404052767	0.008264522555726055	0.008312972213107377	0.013516939864423448	0.008868875440050758	0.011268863236812638	0.010838383513879996	0.011992628596923696	0.010327864605253447	0.017164243961354367	0.007780372684193161	0.007943781807618478	0.011543571827734453	0.011555760627734453	0.013137490544861026	0.01304959260221211	0.04371171242402631	0.041961058457432567	0.042259940177294626	0.03948641363667356	0.004058651172285543	0.03715611042773445	0.0377837761034693	0.03850051868685489	0.04098990842773445	0.011563047527734453	0.011762708598277398	0.007793033727734454	0.007798033727734454
B5-B5a-B5b	1460267	0.002672700096718464	0.002000559766154522	0.0	0.007233372676708136	0.004515471993316733	0.003452149109748193	0.005640277095430456	0.005610874726237377	0.004035176980921908	0.004235357917541701	0.0043894483446174064	0.003976353417081979	0.0030215037802739943	0.003389171672290937	0.006135467348242133	0.004457278492692984	0.013316368704280662	0.0042683682148888045	0.0025319064450414755	0.005833366342067903	0.0025300279723100994	0.002754563067944503	0.003375077793295423	0.005045536530739248	0.006241320224647535	0.007787305478292171	0.011230787261638463	0.009523005858622448	0.009351381088808296	0.012152816552510128	0.011656047884489516	0.011192864663865168	0.007772755411478852	0.01262808195100774	0.008598168878362266	0.010704746958280508	0.010467423043316493	0.008121990960233978	0.008132829361145712	0.008425766041709599	0.020805844356694327	0.007772233679402061	0.010082237202582788	0.021376921220087993	0.010924167611782346	0.008179504857564242	0.008758842950253719	0.00875386675340246	0.00811833660159762	0.008687969364677948	0.008432353294737458	0.008659690115134913	0.008896434010912606	0.008741191288989184	0.009369717176633444	0.010372082276963035	0.011438703570999277	0.01422496484240316	0.010158315193097952	0.009846449959548016	0.01045702443947404	0.01040276146366678	0.008047648711982287	0.010388718270713797	0.010691672635149762	0.008465619186270687	0.008225629948978144	0.00834835958736967	0.008875035352902658	0.010874927921713597	0.011246752871566758	0.010443542407543617	0.015366929918746323	0.010735442574224131	0.010437549400963437	0.010227388797990906	0.008772831466964549	0.010757793957146511	0.00792993376038396	0.008646003195840416	0.009682709564565028	0.007956428273453251	0.010839659208520412	0.010021770071284495	0.009990199239492015	0.00895684183940406	0.012970997668805238	0.008877572934275598	0.008376636772364172	0.008732345963983602	0.008509518011605618	0.013309132452910006	0.012777669303239677	0.008841431387618774	0.010789155196953283	0.011520571428347375	0.011289417665067792	0.010562310463138564	0.008227901680961748	0.011458726257518625	0.00869686510880912	0.00942163799106856	0.008134570626987301	0.013062724016974545	0.008170887856944305	0.008254670007393662	0.008303119664774984	0.013507087316091054	0.008859022891718365	0.011259010688480245	0.0108285309655476	0.011982776048591302	0.010318012056921053	0.017154391413021972	0.007770520135860768	0.007933929259286083	0.01153371927940206	0.011545908079402058	0.013127637996528633	0.013039740053879718	0.043701859875693916	0.041951205909100175	0.042250087628962235	0.03947656108834116	0.004049839766063394	0.03714625787940205	0.03777392355513691	0.03849066613852249	0.04098005587940205	0.01155319497940206	0.011752856049945005	0.007783181179402059	0.007788181179402061
B1/B5de-B5	1460291	0.006578128434455351	0.007243583829694061	0.007233372676708136	0.0	0.005063660637482504	0.0056180739583366925	0.0037417145939164153	0.006160220686177189	0.0032023772419316134	0.003940992587612477	0.0049376012817840195	0.004525837910877824	0.009841016695155	0.0039387449667266546	0.005302557068256348	0.005006107813344551	0.012483114778394321	0.003435934905428914	0.006665267113502985	0.005000852760267946	0.007590789162971094	0.0049899801350729855	0.00576821876614435	0.005593076623015397	0.0009935091966861381	0.006952529231973604	0.004724629098737386	0.004057620787322997	0.0038859427030088086	0.006687885958375132	0.006191025775320276	0.005727412054529094	0.002307302802142779	0.007172599408138372	0.003132716269026195	0.005239827184336278	0.0050020756397685315	0.0026565383508979036	0.002667376751809638	0.002960313432373526	0.015346512776934867	0.002306781070065987	0.00461687630017522	0.015915398103762184	0.005478782221580964	0.0027140522482281704	0.0032933903409176463	0.0032884141440663868	0.002652883992261548	0.0032225167553418766	0.0029669006854013864	0.0031942375057988403	0.003430981401576534	0.003275738679653111	0.0039044956235748714	0.004906769859420671	0.006639097297510499	0.008760236787506395	0.004692881502021613	0.004380997350211944	0.005007597563198479	0.004952725081542975	0.002582196102646213	0.0049232848575384925	0.0052262892459960415	0.0030001665769346132	0.0027601773396420714	0.002882906978033597	0.003409582743566587	0.005409475312377524	0.005781542204288009	0.004978136308189762	0.009903195765639037	0.00527006718187169	0.00497238981802808	0.004762053414060441	0.0033073788576284745	0.005314673466846631	0.0024644811510478887	0.0031805505865043432	0.004217256955228954	0.0024909756641171765	0.0053742065991843405	0.004556317461948421	0.004524896726913203	0.0034913892300679865	0.007506480550627458	0.003412120324939525	0.0029111841630280982	0.0032668933546475287	0.003044065402269546	0.007844413795194086	0.007312216693903603	0.0033759787782827004	0.005323801310061628	0.006057304411204072	0.005824321456782577	0.00509695575825199	0.002762449071625675	0.005994325256635229	0.0032314124994730466	0.003956185381732487	0.0026691180176512284	0.00761037665504899	0.0027054352476082325	0.0027892173980575896	0.0028376670554389125	0.00805648885599064	0.0033935702823822923	0.005795796231513698	0.0053631937579212705	0.006517681503641553	0.004852666052813314	0.01169072004112031	0.0023050675265246954	0.0024684766499500103	0.006078517971205759	0.00608169482219556	0.007679005309328135	0.007576766148802792	0.03826580507067698	0.03651515110408324	0.0368140328239453	0.03404050628332423	0.0032133742667666463	0.03171020307438512	0.03233786875011997	0.03305461133350556	0.03554400107438512	0.0060889817221955606	0.0062886427927385065	0.002318967922195561	0.002323967922195561
B5/B5a/B5p/B5ae-B5m	1459789	0.0037342137558338913	0.003934541073335332	0.004515471993316733	0.005063660637482504	0.0	0.003043143370692728	0.0034739364538706767	0.002753936338974686	0.0018688363393621278	0.0020648436818636274	0.00024411182632738755	0.001637771481173765	0.0069646395948643755	0.0011272253360227955	0.003969016165686862	0.00047695858727835657	0.011146984390681864	0.002101995416656669	0.0043305243942601684	0.0036679143182663473	0.004808079174384616	0.0031656984483403325	0.0029159731888727955	0.0021875932167866427	0.0040705456894338885	0.005619135899890023	0.009060589319593396	0.007351351171951843	0.007179726402137691	0.00998116186583952	0.009484393197818911	0.00902120997719456	0.005601100724808246	0.010456427264337133	0.006426514191691661	0.008533092271609904	0.008295768356645887	0.00595033627356337	0.005961174674475106	0.006254111355038993	0.01863418967002372	0.0056005789927314545	0.007910582515912182	0.019205266533417385	0.00875251292511174	0.006007850170893638	0.006587188263583113	0.006582212066731853	0.005946681914927014	0.0065163146780073435	0.006260698608066852	0.006488035428464307	0.006724779324242001	0.006569536602318578	0.0071980624899628375	0.00820042759029243	0.009271761736532694	0.012053310155732553	0.007986660506427346	0.00767479527287741	0.008285369752803431	0.008231106776996174	0.0058759940253116805	0.008217063584043192	0.008520017948479156	0.006293964499600081	0.006053975262307539	0.006176704900699064	0.006703380666232054	0.008703273235042991	0.009075098184896154	0.008271887720873011	0.013195275232075717	0.008563787887553525	0.00826589471429283	0.0080557341113203	0.006601176780293942	0.008586139270475905	0.0057582790737133556	0.00647434850916981	0.007511054877894422	0.005784773586782643	0.008668004521849806	0.007850115384613889	0.007818544552821409	0.006785187152733454	0.010799342982134632	0.006705918247604992	0.006204982085693565	0.006560691277312996	0.006337863324935013	0.011137477766239402	0.01060601461656907	0.006669776700948166	0.008617500510282679	0.00934891674167677	0.009117762978397188	0.00839065577646796	0.006056246994291142	0.009287071570848019	0.006525210422138513	0.0072499833043979545	0.005962915940316695	0.01089106933030394	0.005999233170273699	0.006083015320723056	0.006131464978104378	0.011335432629420448	0.006687368205047759	0.009087356001809637	0.008656876278876995	0.009811121361920697	0.008146357370250447	0.014982736726351368	0.005598865449190162	0.005762274572615477	0.009362064592731454	0.009374253392731454	0.010955983309858027	0.010868085367209112	0.041530205189023305	0.039779551222429564	0.040078432942291624	0.03730490640167056	0.0018733895528594284	0.03497460319273145	0.0356022688684663	0.03631901145185189	0.03880840119273145	0.009381540292731454	0.0095812013632744	0.005611526492731453	0.005616526492731455
B5-B5a-B5d-B5ae-B5v-B5g	1459791	0.002067585690769892	0.002327817122992017	0.003452149109748193	0.0056180739583366925	0.003043143370692728	0.0	0.004024268825015397	0.004139241604283171	0.0024191687105068484	0.002619237623059628	0.0029171197219934023	0.0025049483089267144	0.00496332955457728	0.0019179575413402312	0.004519390172291355	0.0029853394588723386	0.011699729382394192	0.0026523277878013896	0.002396126813591872	0.004218010900196906	0.0022599459881067346	0.001957566123570677	0.0003880413468059582	0.0033506269805506895	0.00462501071556438	0.006171322994881536	0.00961548854326702	0.007906696349539295	0.007735071579725142	0.010536507043426973	0.010039738375406362	0.00957655515478201	0.006156445902395696	0.011011772441924583	0.006981859369279112	0.009088437449197354	0.008851113534233339	0.006505681451150821	0.006516519852062556	0.006809456532626443	0.01918953484761117	0.006155924170318905	0.008465927693499634	0.019760611711004836	0.00930785810269919	0.006563195348481089	0.007142533441170564	0.0071375572443193045	0.006502027092514465	0.007071659855594794	0.006816043785654304	0.0070433806060517575	0.007280124501829451	0.007124881779906028	0.007753407667550288	0.00875577276787988	0.009823404852627834	0.012608655333320005	0.008542005684014796	0.00823014045046486	0.008840714930390882	0.008786451954583625	0.006431339202899131	0.008772408761630643	0.009075363126066605	0.006849309677187531	0.0066093204398949895	0.006732050078286514	0.0072587258438195044	0.009258618412630442	0.009630443362483605	0.008827232898460461	0.013750620409663166	0.009119133065140976	0.00882123989188028	0.00861107928890775	0.007156521957881392	0.009141484448063356	0.006313624251300806	0.0070296936867572605	0.008066400055481872	0.006340118764370094	0.009223349699437257	0.008405460562201341	0.008373889730408859	0.007340532330320905	0.011354688159722083	0.0072612634251924425	0.006760327263281017	0.007116036454900446	0.006893208502522463	0.011692822943826852	0.011161359794156521	0.007225121878535618	0.00917284568787013	0.009904261919264221	0.009673108155984638	0.00894600095405541	0.006611592171878592	0.00984241674843547	0.007080555599725964	0.007805328481985405	0.006518261117904146	0.01144641450789139	0.00655457834786115	0.006638360498310507	0.006686810155691829	0.011890777807007898	0.0072427133826352096	0.009642701179397088	0.009212221456464446	0.010366466539508148	0.008701702547837897	0.015538081903938818	0.006154210626777613	0.006317619750202928	0.009917409770318904	0.009929598570318904	0.011511328487445478	0.011423430544796562	0.042085550366610755	0.040334896400017015	0.040633778119879074	0.03786025157925801	0.002432378773927822	0.0355299483703189	0.03615761404605375	0.03687435662943934	0.0393637463703189	0.009936885470318905	0.01013654654086185	0.006166871670318904	0.006171871670318905
B5-B5ay	1460306	0.004984828392489558	0.005651195978415768	0.005640277095430456	0.0037417145939164153	0.0034739364538706767	0.004024268825015397	0.0	0.004569339186791321	0.0016070265794620535	0.0023492802832427205	0.00334791280517135	0.0029348178776359233	0.008249743301565022	0.0023476361328448815	0.0037075942710994374	0.0034157429532469274	0.010890302722532006	0.0018408153396257323	0.00507135725693963	0.0034068578404327153	0.005997735395468069	0.0033959904904533604	0.0041750921981534555	0.004004000991293192	0.002748205397230277	0.005359557636576343	0.006662284559468681	0.006028252035343122	0.005858266261391039	0.008658008945326798	0.00816106246396881	0.006622905217069847	0.004278597119908009	0.009135072131146114	0.00510505405094501	0.00721163213086325	0.006970048839735989	0.004628503370092991	0.004637152885258147	0.0049326512142923405	0.017312729529277072	0.0042791188519848014	0.006587910822346657	0.017883806392670735	0.007429414093972205	0.004686390030146986	0.005262966572156733	0.005258927683422228	0.0046250359009949995	0.005192948256812871	0.004936526549375585	0.0040897306683395935	0.005402702563081473	0.0052444308089277195	0.005238548199526909	0.006875319428374245	0.006870200868829495	0.010727328311781033	0.00666212831535579	0.006353247735849643	0.00696270206182185	0.006907739601359989	0.004553969583355391	0.006891451669250589	0.007197704587520587	0.004970159049375324	0.004730300060553088	0.004852670694432067	0.005380536175145538	0.006304968474918278	0.007752723041151302	0.006948186932320701	0.011873815091329065	0.007238210347446617	0.006943895634621747	0.006731183347067751	0.00527335407924332	0.00726394379229674	0.004434960958424158	0.005152888368423158	0.005112750117769706	0.004461134887967604	0.006422266576298603	0.005667877031858778	0.00649486499028565	0.005463385371978803	0.00947788284138798	0.005383064533430368	0.004882138147226229	0.005232868576262374	0.005016041860613077	0.00981601762549275	0.009284554475822418	0.005348316560201515	0.007295131629905841	0.008027595616339783	0.0077963028376505355	0.007069195635721307	0.004734786853544491	0.007959248869797396	0.005199481702249775	0.0059285231636513015	0.004641455799570043	0.00956804898259868	0.004677773029527047	0.004759468607348192	0.004808896357753649	0.0100113903353198	0.005363885441979226	0.0077659948698183805	0.007332581188610151	0.008486916203179443	0.006821759483399956	0.013661276585604716	0.00427740530844351	0.004438889816151968	0.008042680984731527	0.00697594863260674	0.00963480874055423	0.009546910797905312	0.04021523331712977	0.03846457935053603	0.03876346107039809	0.03598993452977702	0.0016249293145085488	0.033659631320837914	0.034287296996572764	0.03500403957995835	0.037493429320837914	0.008054954858514148	0.008254615929057095	0.004286940058614138	0.00429051220139986
B5-B5a-B5bm-B5bl	1459797	0.004829616488754535	0.005029943806255977	0.005610874726237377	0.006160220686177189	0.002753936338974686	0.004139241604283171	0.004569339186791321	0.0	0.0029642390722827714	0.002510506986924762	0.0029797036691842065	0.0021692810792814238	0.008060042327785021	0.002225135966843912	0.0050641407396393	0.002501334897505309	0.012243158420639028	0.003197398149577313	0.005425927127180813	0.0047630306300712145	0.005903481907305261	0.004262148464944239	0.0040121678371433135	0.002087730377964525	0.005166711489491051	0.0067152514812618734	0.010157635271107517	0.008448397123465965	0.008276772353651813	0.011078207817353643	0.01058143914933303	0.010118255928708682	0.006698146676322367	0.011553473215851255	0.007523560143205783	0.009630138223124024	0.009392814308160007	0.007047382225077493	0.007058220625989227	0.007351157306553114	0.019731235621537842	0.006697624944245575	0.009007628467426304	0.020302312484931508	0.00984955887662586	0.00710489612240776	0.007684234215097235	0.0076792580182459755	0.0070437278664411355	0.007613360629521466	0.007357744559580975	0.0075850813799784285	0.007821825275756122	0.0076665825538327	0.00829510844147696	0.009297473541806552	0.010367520893678941	0.013150356107246675	0.009083706457941466	0.008771841224391532	0.009382415704317554	0.009328152728510297	0.006973039976825801	0.009314109535557315	0.009617063899993276	0.007391010451114202	0.0071510212138216605	0.007273750852213185	0.0078004266177461755	0.009800319186557112	0.010172144136410276	0.009368933672387132	0.014292321183589838	0.009660833839067646	0.009362940665806951	0.009152780062834423	0.007698222731808063	0.009683185221990027	0.006855325025227477	0.0075713944606839315	0.008608100829408542	0.006881819538296766	0.009765050473363929	0.00894716133612801	0.00891559050433553	0.007882233104247575	0.011896388933648755	0.007802964199119113	0.007302028037207687	0.0076577372288271165	0.007434909276449134	0.012234523717753522	0.011703060568083191	0.007766822652462289	0.0097145464617968	0.010445962693190891	0.01021480892991131	0.009487701727982082	0.007153292945805263	0.010384117522362141	0.007622256373652635	0.008347029255912075	0.007059961891830817	0.01198811528181806	0.007096279121787821	0.007180061272237178	0.007228510929618501	0.012432478580934568	0.0077844141565618806	0.01018440195332376	0.009753922230391118	0.01090816731343482	0.009243403321764567	0.016079782677865487	0.006695911400704283	0.006859320524129599	0.010459110544245576	0.010471299344245575	0.01205302926137215	0.011965131318723232	0.04262725114053743	0.040876597173943686	0.041175478893805746	0.03840195235318468	0.002971912024807519	0.03607164914424557	0.03669931481998042	0.03741605740336601	0.03990544714424557	0.010478586244245575	0.010678247314788522	0.0067085724442455755	0.006713572444245575
B5	1460315	0.003379728277981009	0.004046095863907218	0.004035176980921908	0.0032023772419316134	0.0018688363393621278	0.0024191687105068484	0.0016070265794620535	0.0029642390722827714	0.0	0.0007437918835732854	0.0017428126906628013	0.0013297177631273747	0.0068594434317341335	0.0007425360183363326	0.0021012398143271343	0.0018106428387383786	0.009285037710027996	0.00023485908241351733	0.003466149817493003	0.0018011968592081585	0.00439263528095952	0.0017908903759448116	0.002569992083644906	0.0023989008767846434	0.0022088680452454755	0.0037531022	0.007199791826861942	0.00549055367922039	0.0053189289094062375	0.008120364373108067	0.007623595705087457	0.007160412484463107	0.003740303232076792	0.008595629771605679	0.0045657166989602075	0.006672294778878448	0.006434970863914434	0.004089538780831917	0.004100377181743652	0.004393313862307538	0.016773392177292266	0.0037397815000000004	0.006049785023180728	0.01734446904068593	0.006891715432380286	0.0041470526781621836	0.004726390770851659	0.0047214145740003995	0.00408588442219556	0.00465551718527589	0.0043999011153353995	0.004627237935732853	0.004863981831510547	0.004708739109587124	0.005337264997231384	0.0063396300975609755	0.007407708136222757	0.0101925126630011	0.006125863013695892	0.005813997780145956	0.006424572260071979	0.0063703092842647205	0.004015196532580226	0.006356266091311737	0.006659220455747702	0.004433167006868627	0.004193177769576085	0.00431590740796761	0.0048425831735006	0.0068424757423115375	0.0072143006921647004	0.006411090228141557	0.011334477739344264	0.0067029903948220716	0.006405097221561376	0.006194936618588847	0.004740379287562488	0.0067253417777444514	0.0038974815809819014	0.004613551016438356	0.005650257385162968	0.00392397609405119	0.006807207029118353	0.005989317891882435	0.005957747060089955	0.004924389660002	0.008938545489403179	0.0048451207548735374	0.004344184592962112	0.004699893784581542	0.004477065832203559	0.009276680273507948	0.008745217123837617	0.0048089792082167135	0.0067567030175512246	0.007488119248945316	0.007256965485665734	0.006529858283736505	0.004195449501559688	0.007426274078116565	0.00466441292940706	0.005389185811666501	0.0041021184475852415	0.009030271837572485	0.004138435677542246	0.004222217827991602	0.004270667485372925	0.009474635136688994	0.004826570712316305	0.007226558509078183	0.0067960787861455416	0.007950323869189244	0.006285559877518993	0.013121939233619914	0.003738067956458708	0.0039014770798840234	0.0075012671	0.0075134558999999995	0.009095185817126573	0.009007287874477658	0.039669407696291854	0.037918753729698114	0.038217635449560174	0.035444108908939106	1.9829199999999996e-05	0.0331138057	0.03374147137573485	0.03445821395912044	0.0369476037	0.007520742800000001	0.007720403870542946	0.003750729	0.0037557290000000006
B5p/B5-B5bk-B5a	1459806	0.0035795760658267235	0.0042456424985502905	0.004235357917541701	0.003940992587612477	0.0020648436818636274	0.002619237623059628	0.0023492802832427205	0.002510506986924762	0.0007437918835732854	0.0	0.0019388707209773532	0.0009584908979104179	0.007058837046666305	0.0009378111072885423	0.002843693550929814	0.0015878850945852704	0.010023150957108578	0.0009769509608678264	0.0036666353745874896	0.0025426255035092982	0.004592537684748613	0.002043635388512298	0.002769669713582471	0.0025961207767746454	0.0029476947942611107	0.004494340994191162	0.00793833278741983	0.006229094639778278	0.006057469869964126	0.008858905333665956	0.008362136665645345	0.007898953445020996	0.004478844192634681	0.009334170732163569	0.005304257659518096	0.007410835739436338	0.0071735118244723225	0.004828079741389805	0.00483891814230154	0.005131854822865427	0.017511933137850155	0.0044783224605578886	0.006788325983738617	0.01808301000124382	0.007630256392938174	0.004885593638720072	0.0054649317314095485	0.005459955534558288	0.004824425382753449	0.0053940581458337775	0.005138442075893288	0.005365778896290742	0.0056025227920684356	0.005447280070145012	0.0060758059577892725	0.007078171058118864	0.008148062134173167	0.010931053623558989	0.00686440397425378	0.006552538740703845	0.007163113220629867	0.007108850244822609	0.004753737493138115	0.0070948070518696265	0.00739776141630559	0.005171707967426515	0.004931718730133974	0.005054448368525498	0.005581124134058488	0.007581016702869425	0.00795284165272259	0.007149631188699445	0.012073018699902151	0.007441531355379959	0.007143638182119264	0.006933477579146735	0.005478920248120377	0.00746388273830234	0.0046360225415397905	0.005352091976996245	0.006388798345720856	0.004662517054609078	0.007545747989676241	0.006727858852440324	0.006696288020647843	0.005662930620559888	0.009677086449961068	0.005583661715431426	0.00508272555352	0.00543843474513943	0.005215606792761448	0.010015221234065836	0.009483758084395505	0.005547520168774601	0.007495243978109113	0.008226660209503205	0.007995506446223623	0.007268399244294394	0.004933990462117577	0.008164815038674455	0.0054029538899649475	0.0061277267722243895	0.00484065940814313	0.009768812798130374	0.004876976638100134	0.0049607587885494905	0.005009208445930813	0.010213176097246882	0.005565111672874194	0.007965099469636073	0.007534619746703431	0.008688864829747131	0.007024100838076881	0.013860480194177802	0.004476608917016596	0.004640018040441912	0.008239808060557888	0.008251996860557888	0.009833726777684461	0.009745828835035546	0.04040794865684974	0.038657294690256	0.03895617641011806	0.03618264986949699	0.0007574161078684263	0.033852346660557885	0.034480012336292734	0.03519675491967832	0.037686144660557884	0.008259283760557888	0.008458944831100835	0.004489269960557888	0.004494269960557889
B5/B5p/B5a/B5ae-B5m-B5bu	1459811	0.0036081901071345654	0.004066524354608365	0.0043894483446174064	0.0049376012817840195	0.00024411182632738755	0.0029171197219934023	0.00334791280517135	0.0029797036691842065	0.0017428126906628013	0.0019388707209773532	0.0	0.001511760531024402	0.006880233804439206	0.0010012523751365212	0.0038429925169875365	0.0004806745203638909	0.011020676654495581	0.0019759717679573427	0.004204500745560842	0.0035418906695670205	0.00468205552568529	0.0030392960351139113	0.00278989599560132	0.0024132471761221025	0.003944488792865693	0.005493107332930122	0.008934522586504049	0.007225284438862497	0.007053659669048345	0.009855095132750177	0.009358326464729564	0.008895143244105215	0.0054750339917188995	0.010330360531247787	0.006300447458602315	0.008407025538520557	0.008169701623556541	0.005824269540474025	0.005835107941385759	0.006128044621949646	0.018508122936934376	0.005474512259642108	0.007784515782822837	0.01907919980032804	0.008626446192022394	0.005881783437804292	0.006461121530493767	0.006456145333642508	0.005820615181837668	0.006390247944917997	0.006134631874977507	0.006361968695374962	0.006598712591152654	0.006443469869229231	0.007071995756873491	0.008074360857203084	0.009145735628703081	0.01192724342264321	0.007860593773338	0.007548728539788063	0.008159303019714086	0.008105040043906829	0.005749927292222334	0.008090996850953845	0.00839395121538981	0.0061678977665107345	0.005927908529218193	0.0060506381676097174	0.006577313933142708	0.008577206501953646	0.008949031451806809	0.008145820987783665	0.01306920849898637	0.008437721154464178	0.008139827981203484	0.007929667378230955	0.006475110047204595	0.00846007253738656	0.005632212340624009	0.006348281776080464	0.007384988144805075	0.005658706853693298	0.008541937788760461	0.007724048651524543	0.007692477819732061	0.006659120419644108	0.010673276249045287	0.006579851514515645	0.006078915352604219	0.0064346245442236496	0.0062117965918456666	0.011011411033150054	0.010479947883479723	0.006543709967858821	0.008491433777193332	0.009222850008587424	0.00899169624530784	0.008264589043378612	0.005930180261201796	0.009161004837758672	0.006399143689049168	0.007123916571308609	0.005836849207227349	0.010765002597214593	0.005873166437184353	0.00595694858763371	0.006005398245015033	0.011209365896331102	0.006561301471958413	0.008961289268720292	0.00853080954578765	0.00968505462883135	0.0080202906371611	0.01485666999326202	0.005472798716100816	0.005636207839526131	0.009235997859642107	0.009248186659642107	0.010829916576768682	0.010742018634119766	0.04140413845593396	0.03965348448934022	0.03995236620920228	0.03717883966858121	0.001746548985614316	0.0348485364596421	0.03547620213537695	0.03619294471876254	0.0386823344596421	0.009255473559642107	0.009455134630185054	0.005485459759642108	0.005490459759642108
B5p/B5/B5cb-B5a-B5bk	1459816	0.0031950951795991383	0.0038192087701659667	0.003976353417081979	0.004525837910877824	0.001637771481173765	0.0025049483089267144	0.0029348178776359233	0.0021692810792814238	0.0013297177631273747	0.0009584908979104179	0.001511760531024402	0.0	0.006632535764836148	0.0005877212368926215	0.003429619430483903	0.0011609631943961403	0.010608439317426515	0.0015628768404219156	0.003791405818025415	0.003128509320915817	0.0042689605981498634	0.0026276271557888423	0.002378782528890725	0.0021694590939812038	0.0035327251623892978	0.005080012924535093	0.008522911563994515	0.006813673416352963	0.006642048646538811	0.009443484110240642	0.00894671544222003	0.008483532221595681	0.005063422969209365	0.009918749508738254	0.0058888364360927805	0.007995414516011021	0.007758090601047007	0.005412658517964491	0.005423496918876225	0.005716433599440112	0.01809651191442484	0.005062901237132574	0.007372904760313302	0.018667588777818506	0.008214835169512859	0.0054701724152947575	0.006049510507984233	0.006044534311132973	0.005409004159328134	0.005978636922408463	0.0057230208524679735	0.0059503576728654264	0.006187101568643121	0.006031858846719697	0.006660384734363958	0.0076627498346935495	0.00873312141464707	0.011515632400133674	0.007448982750828465	0.007137117517278529	0.007747691997204552	0.0076934290213972936	0.0053383162697128	0.007679385828444311	0.007982340192880275	0.0057562867440012	0.005516297506708658	0.005639027145100183	0.006165702910633173	0.00816559547944411	0.008537420429297274	0.00773420996527413	0.012657597476476837	0.008026110131954645	0.00772821695869395	0.007518056355721421	0.006063499024695062	0.008048461514877025	0.005220601318114475	0.005936670753570929	0.006973377122295541	0.0052470958311837635	0.008130326766250928	0.007312437629015008	0.007280866797222528	0.0062475093971345735	0.010261665226535752	0.0061682404920061105	0.005667304330094686	0.006023013521714115	0.005800185569336133	0.01059980001064052	0.010068336860970188	0.006132098945349287	0.008079822754683798	0.00881123898607789	0.008580085222798307	0.007852978020869079	0.005518569238692261	0.008749393815249138	0.005987532666539633	0.006712305548799074	0.005425238184717815	0.01035339157470506	0.005461555414674819	0.005545337565124176	0.005593787222505498	0.010797754873821567	0.0061496904494488785	0.008549678246210758	0.008119198523278116	0.009273443606321815	0.007608679614651566	0.014445058970752489	0.005061187693591282	0.0052245968170165965	0.008824386837132573	0.008836575637132573	0.010418305554259146	0.010330407611610231	0.04099252743342443	0.03924187346683069	0.03954075518669275	0.03676722864607168	0.0013402124864227156	0.03443692543713257	0.03506459111286742	0.03578133369625301	0.03827072343713257	0.008843862537132574	0.009043523607675519	0.0050738487371325735	0.005078848737132574
B5-B5a-B5d-B5b-B5i-B5c-B5ac	1459817	0.004366299096541729	0.0030394349411558713	0.0030215037802739943	0.009841016695155	0.0069646395948643755	0.00496332955457728	0.008249743301565022	0.008060042327785021	0.0068594434317341335	0.007058837046666305	0.006880233804439206	0.006632535764836148	0.0	0.006121996218365441	0.008959623258058868	0.006906446094240627	0.016140005007233112	0.007092602509028673	0.004324366694699837	0.008657426387303019	0.003696535041269366	0.0053028742098511815	0.004589354448762312	0.007271427704052539	0.008849567509763217	0.010611098955072463	0.013838775418841445	0.01213125314373813	0.011959628373923979	0.014761063837625809	0.014264295169605198	0.01380111194898085	0.010381002696594532	0.01502019671870213	0.011206416163477948	0.01331299424339619	0.013075670328432175	0.010730238245349657	0.010741076646261392	0.011034013326825277	0.02341409164181001	0.010380480964517741	0.012690484487698467	0.02398516850520367	0.013532414896898026	0.010787752142679925	0.011367090235369401	0.011362114038518141	0.010726583886713301	0.01129621664979363	0.011040600579853139	0.011267937400250595	0.011504681296028288	0.011349438574104864	0.011977964461749124	0.012980329562078716	0.014046347589446144	0.016833212127518843	0.01276656247821363	0.012454697244663696	0.013065271724589718	0.01301100874878246	0.010655895997097967	0.012996965555829479	0.013299919920265444	0.011073866471386366	0.010833877234093825	0.010956606872485349	0.01148328263801834	0.01348317520682928	0.013855000156682444	0.013051789692659299	0.017975177203862002	0.01334368985933981	0.013045796686079117	0.012835636083106589	0.011381078752080229	0.013366041242262192	0.010538181045499643	0.011254250480956096	0.012290956849680706	0.01056467555856893	0.013447906493636093	0.012630017356400177	0.012598446524607695	0.011565089124519739	0.01557924495392092	0.01148582021939128	0.010984884057479851	0.011340593249099282	0.0111177652967213	0.015917379738025688	0.015385916588355359	0.011449678672734453	0.013397402482068966	0.013912686196041768	0.013897664950183478	0.013170557748254246	0.010836148966077428	0.014066973542634306	0.0113051123939248	0.012029885276184241	0.010742817912102982	0.015670971302090227	0.010779135142059987	0.010862917292509343	0.010911366949890667	0.016115334601206736	0.011467270176834046	0.013651125456174636	0.013436778250663282	0.014591023333706984	0.012926259342036731	0.019762638698137654	0.010378767420976449	0.010542176544401764	0.014142327622388807	0.01415415536451774	0.015519752764223026	0.015431854821574106	0.04631135762485757	0.04456070365826383	0.04485958537812589	0.042086058837504825	0.006872228175562219	0.03975575562856572	0.04038342130430057	0.041100163887686156	0.043589553628565716	0.01416144226451774	0.014361103335060688	0.010391428464517741	0.01039642846451774
B5p/B5-B5a	1459908	0.002642775417435907	0.0033086692236952613	0.003389171672290937	0.0039387449667266546	0.0011272253360227955	0.0019179575413402312	0.0023476361328448815	0.002225135966843912	0.0007425360183363326	0.0009378111072885423	0.0010012523751365212	0.0005877212368926215	0.006121996218365441	0.0	0.0028427158446610677	0.0010690944679190284	0.010021675086492703	0.0009756950956308738	0.0032042240732343737	0.002541613997240552	0.003681778853358822	0.0020404454109978	0.0018328640260437286	0.0016589399434313134	0.0029455994247968163	0.004492896766626675	0.007935765430481218	0.006226527282839666	0.006054902513025514	0.008856337976727344	0.008359569308706733	0.007896386088082383	0.004476276835696068	0.009331603375224956	0.0053016903025794836	0.007408268382497725	0.00717094446753371	0.004825512384451193	0.004836350785362927	0.005129287465926814	0.017509365780911543	0.004475755103619276	0.0067857586268000045	0.01808044264430521	0.007627689035999562	0.00488302628178146	0.005462364374470936	0.005457388177619676	0.004821858025814836	0.005391490788895165	0.005135874718954676	0.0053632115393521295	0.005599955435129823	0.0054447127132064	0.00607323860085066	0.0070756037011802525	0.008146028470495902	0.010928486266620376	0.006861836617315168	0.006549971383765232	0.007160545863691255	0.007106282887883997	0.004751170136199502	0.007092239694931014	0.007395194059366977	0.005169140610487903	0.0049291513731953614	0.005051881011586885	0.0055785567771198755	0.007578449345930814	0.007950274295783977	0.0071470638317608325	0.012070451342963539	0.007438963998441347	0.007141070825180652	0.006930910222208123	0.005476352891181764	0.0074613153813637275	0.004633455184601178	0.0053495246200576324	0.006386230988782243	0.004659949697670466	0.00754318063273763	0.006725291495501711	0.006693720663709231	0.005660363263621276	0.009674519093022454	0.0055810943584928135	0.005080158196581388	0.0054358673882008175	0.005213039435822835	0.010012653877127221	0.009481190727456892	0.00554495281183599	0.007492676621170501	0.008224092852564592	0.007992939089285011	0.007265831887355781	0.004931423105178964	0.008162247681735842	0.005400386533026336	0.006125159415285777	0.004838092051204518	0.009766245441191762	0.004874409281161522	0.004958191431610878	0.005006641088992201	0.010210608740308269	0.0055625443159355815	0.00796253211269746	0.0075320523897648185	0.008686297472808519	0.007021533481138268	0.013857912837239191	0.004474041560077984	0.0046374506835032995	0.008237240703619276	0.008249429503619276	0.00983115942074585	0.009743261478096933	0.04040538129991113	0.03865472733331739	0.03895360905317945	0.03618008251255838	0.0007532013229154167	0.03384977930361927	0.03447744497935412	0.03519418756273971	0.03768357730361927	0.008256716403619276	0.008456377474162223	0.004486702603619276	0.004491702603619276
