153
22017      0.0000000 0.0273568 0.0354081 0.0313628 0.0313628 0.0318665 0.0564485 0.0394686 0.0353961 0.0038838 0.0316873 0.0365364 0.0353936 0.0355359 0.0355700 0.0313756 0.0354081 0.0394553 0.0518747 0.0394931 0.0353961 0.0604849 0.0354081 0.0300294 0.0353961 0.0354081 0.0389127 0.0396171 0.0434047 0.0462497 0.0397970 0.0313521 0.0396201 0.0076175 0.0356548 0.0437655 0.0593103 0.0355554 0.0353936 0.0313628 0.0595780 0.0316287 0.0353961 0.0355553 0.0353961 0.0353961 0.0322249 0.0435697 0.0539066 0.0313575 0.0354299 0.0355553 0.0353961 0.0300314 0.0313628 0.0394524 0.0313628 0.0273457 0.0273457 0.0314852 0.0299904 0.0355554 0.0354081 0.0273457 0.0313819 0.0355213 0.0313521 0.0293362 0.0595805 0.0336425 0.0538813 0.0354081 0.0353936 0.0273506 0.0313628 0.0076510 0.0355408 0.0314981 0.0354299 0.0353961 0.0115113 0.0355553 0.0394819 0.0353936 0.0353816 0.0354299 0.0354020 0.0394819 0.0313500 0.0354081 0.0313628 0.0433851 0.0273457 0.0588248 0.0114612 0.0076480 0.0354081 0.0394362 0.0517767 0.0646244 0.0054643 0.0316040 0.0316040 0.0313628 0.0253033 0.0273457 0.0314926 0.0313628 0.0313628 0.0492172 0.0373239 0.0037972 0.0354324 0.0300294 0.0416002 0.0332144 0.0354081 0.0155272 0.0166856 0.0353961 0.0313628 0.0115113 0.0194506 0.0354299 0.0355554 0.0193903 0.0353936 0.0154637 0.0194695 0.0115113 0.0288373 0.0313500 0.0195564 0.0316059 0.0233660 0.0195564 0.0314797 0.0344550 0.0194506 0.0154637 0.0076175 0.0354081 0.0273457 0.0313756 0.0517983 0.0646518 0.0330781 0.0396142 0.0313500 0.0313628 0.0541466 0.0076205 0.0153909 
29213      0.0273568 0.0000000 0.0074880 0.0037313 0.0037313 0.0037883 0.0268297 0.0112662 0.0074854 0.0238133 0.0043114 0.0086953 0.0074851 0.0075132 0.0075200 0.0037328 0.0074880 0.0112633 0.0227713 0.0112725 0.0074854 0.0306649 0.0074880 0.0040800 0.0074854 0.0074880 0.0081898 0.0113062 0.0123315 0.0176008 0.0113545 0.0112628 0.0189681 0.0272344 0.0151727 0.0228532 0.0363963 0.0075174 0.0074851 0.0112656 0.0365520 0.0113576 0.0074854 0.0075170 0.0074854 0.0074854 0.0043810 0.0150741 0.0212335 0.0075133 0.0074921 0.0151324 0.0150682 0.0081864 0.0037313 0.0112628 0.0037313 0.0074851 0.0074851 0.0037453 0.0000010 0.0075174 0.0074880 0.0074851 0.0112720 0.0075103 0.0112628 0.0120478 0.0365520 0.0161166 0.0212241 0.0074880 0.0074851 0.0037452 0.0112656 0.0273572 0.0075145 0.0037467 0.0074921 0.0074854 0.0233660 0.0075170 0.0112700 0.0074851 0.0150623 0.0074921 0.0113094 0.0112700 0.0112622 0.0074880 0.0037313 0.0123263 0.0074851 0.0361120 0.0312217 0.0273461 0.0074880 0.0188847 0.0305039 0.0425088 0.0224315 0.0037585 0.0037587 0.0037313 0.0081174 0.0074851 0.0113101 0.0037313 0.0037313 0.0169220 0.0078723 0.0232715 0.0074924 0.0040800 0.0159093 0.0039407 0.0074880 0.0275819 0.0296736 0.0074854 0.0037313 0.0233660 0.0315930 0.0074921 0.0075174 0.0314926 0.0074851 0.0274691 0.0316235 0.0233660 0.0039239 0.0112622 0.0317663 0.0190388 0.0112656 0.0317663 0.0113057 0.0040797 0.0315930 0.0193323 0.0193251 0.0074880 0.0074851 0.0037328 0.0227402 0.0345689 0.0039251 0.0113057 0.0112622 0.0037313 0.0213234 0.0272454 0.0273367 
89127      0.0354081 0.0074880 0.0000000 0.0037313 0.0037313 0.0037883 0.0268297 0.0112662 0.0074854 0.0319675 0.0043114 0.0086953 0.0074851 0.0151246 0.0151384 0.0112700 0.0074880 0.0112633 0.0227713 0.0112725 0.0074854 0.0306649 0.0074880 0.0040800 0.0074854 0.0074880 0.0081898 0.0113062 0.0123315 0.0176008 0.0113545 0.0112628 0.0189681 0.0352478 0.0151727 0.0228532 0.0363963 0.0075174 0.0074851 0.0112656 0.0365520 0.0113576 0.0074854 0.0075170 0.0074854 0.0074854 0.0043810 0.0150741 0.0126487 0.0075133 0.0074921 0.0151324 0.0150682 0.0081864 0.0037313 0.0112628 0.0037313 0.0074851 0.0074851 0.0037453 0.0040743 0.0075174 0.0074880 0.0074851 0.0112720 0.0075103 0.0112628 0.0120478 0.0365520 0.0161166 0.0212241 0.0074880 0.0074851 0.0037452 0.0112656 0.0354082 0.0075145 0.0037467 0.0074921 0.0074854 0.0313628 0.0075170 0.0112700 0.0074851 0.0150623 0.0074921 0.0113094 0.0112700 0.0112622 0.0074880 0.0037313 0.0123263 0.0074851 0.0361120 0.0392860 0.0353937 0.0074880 0.0188847 0.0305039 0.0425088 0.0339700 0.0037585 0.0037587 0.0037313 0.0081174 0.0074851 0.0113101 0.0037313 0.0037313 0.0169220 0.0078723 0.0312343 0.0150826 0.0040800 0.0159093 0.0039407 0.0074880 0.0357011 0.0384294 0.0074854 0.0037313 0.0313628 0.0397586 0.0074921 0.0075174 0.0396305 0.0074851 0.0355553 0.0397968 0.0313628 0.0039239 0.0112622 0.0399775 0.0190388 0.0112656 0.0399775 0.0113057 0.0040797 0.0397586 0.0272450 0.0272344 0.0074880 0.0074851 0.0112700 0.0227402 0.0345689 0.0039251 0.0113057 0.0112622 0.0037313 0.0127020 0.0352622 0.0353817 
2787368    0.0313628 0.0037313 0.0037313 0.0000000 0.0000010 0.0000010 0.0229176 0.0074854 0.0037300 0.0278704 0.0000010 0.0043306 0.0037299 0.0113038 0.0113141 0.0074880 0.0037313 0.0074828 0.0189113 0.0074895 0.0037300 0.0267394 0.0037313 0.0000010 0.0037300 0.0037313 0.0040798 0.0075119 0.0081898 0.0131484 0.0075437 0.0074825 0.0151226 0.0312217 0.0113397 0.0189790 0.0322345 0.0037459 0.0037299 0.0074851 0.0323717 0.0075452 0.0037300 0.0037457 0.0037300 0.0037300 0.0000010 0.0112662 0.0169220 0.0037439 0.0037334 0.0113096 0.0112628 0.0040781 0.0000010 0.0074825 0.0000010 0.0037299 0.0037181 0.0000010 0.0000010 0.0037459 0.0037313 0.0037299 0.0074892 0.0037424 0.0074825 0.0080026 0.0323715 0.0120434 0.0169146 0.0037313 0.0037299 0.0000010 0.0074851 0.0313631 0.0037445 0.0000010 0.0037334 0.0037300 0.0273457 0.0037457 0.0074880 0.0037299 0.0112584 0.0037334 0.0075133 0.0074880 0.0074822 0.0037313 0.0000010 0.0081864 0.0037299 0.0319836 0.0352335 0.0313503 0.0037313 0.0150564 0.0266000 0.0385115 0.0281652 0.0000010 0.0000010 0.0000010 0.0040438 0.0037181 0.0075145 0.0000010 0.0000010 0.0126432 0.0039221 0.0272344 0.0112725 0.0000010 0.0118892 0.0000010 0.0037313 0.0316215 0.0340283 0.0037300 0.0000010 0.0273457 0.0356548 0.0037334 0.0037459 0.0355408 0.0037299 0.0314923 0.0356891 0.0273457 0.0000010 0.0074822 0.0358508 0.0151787 0.0074851 0.0358508 0.0075115 0.0000010 0.0356548 0.0232710 0.0232621 0.0037313 0.0037299 0.0074880 0.0188857 0.0306223 0.0000010 0.0075115 0.0074822 0.0000010 0.0169935 0.0312343 0.0313396 
2535977    0.0313628 0.0037313 0.0037313 0.0000010 0.0000000 0.0000010 0.0229176 0.0074854 0.0037300 0.0278704 0.0000010 0.0043306 0.0037299 0.0113038 0.0113141 0.0074601 0.0037313 0.0074828 0.0189113 0.0074895 0.0037300 0.0267394 0.0037313 0.0000010 0.0037300 0.0037313 0.0040798 0.0075119 0.0081898 0.0131484 0.0075437 0.0074825 0.0151226 0.0312217 0.0113397 0.0189790 0.0322345 0.0037459 0.0037299 0.0074851 0.0323717 0.0075452 0.0037300 0.0037457 0.0037300 0.0037300 0.0000010 0.0112662 0.0169220 0.0037439 0.0037334 0.0113096 0.0112628 0.0040781 0.0000010 0.0074825 0.0000010 0.0037161 0.0037299 0.0000010 0.0000010 0.0037459 0.0037313 0.0037299 0.0074892 0.0037424 0.0074825 0.0080026 0.0323715 0.0120434 0.0169146 0.0037313 0.0037299 0.0000010 0.0074851 0.0313631 0.0037445 0.0000010 0.0037334 0.0037300 0.0273457 0.0037457 0.0074880 0.0037299 0.0112584 0.0037334 0.0075133 0.0074880 0.0074822 0.0037313 0.0000010 0.0081864 0.0037299 0.0319836 0.0352335 0.0313503 0.0037313 0.0150564 0.0266000 0.0385115 0.0281652 0.0000010 0.0000010 0.0000010 0.0040438 0.0037299 0.0075145 0.0000010 0.0000010 0.0126432 0.0039221 0.0272344 0.0112725 0.0000010 0.0118892 0.0000010 0.0037313 0.0316215 0.0340283 0.0037300 0.0000010 0.0273457 0.0356548 0.0037334 0.0037459 0.0355408 0.0037299 0.0314923 0.0356891 0.0273457 0.0000010 0.0074822 0.0358508 0.0151787 0.0074851 0.0358508 0.0075115 0.0000010 0.0356548 0.0232710 0.0232621 0.0037313 0.0037299 0.0074880 0.0188857 0.0306223 0.0000010 0.0075115 0.0074822 0.0000010 0.0169935 0.0312343 0.0313396 
2768937    0.0318665 0.0037883 0.0037883 0.0000010 0.0000010 0.0000000 0.0232759 0.0076001 0.0037870 0.0283252 0.0000010 0.0044075 0.0037868 0.0114782 0.0114888 0.0076027 0.0037883 0.0075974 0.0192040 0.0076044 0.0037870 0.0271576 0.0037883 0.0000010 0.0037870 0.0037883 0.0041480 0.0076274 0.0083274 0.0133849 0.0076602 0.0075971 0.0153566 0.0317208 0.0115152 0.0192739 0.0327669 0.0038034 0.0037868 0.0075997 0.0329087 0.0076617 0.0037870 0.0038032 0.0037870 0.0037870 0.0000010 0.0114394 0.0172155 0.0038013 0.0037904 0.0114843 0.0114349 0.0041463 0.0000010 0.0075971 0.0000010 0.0037868 0.0037868 0.0000010 0.0000010 0.0038034 0.0037883 0.0037868 0.0076040 0.0037997 0.0075971 0.0081337 0.0329085 0.0122414 0.0172079 0.0037883 0.0037868 0.0000010 0.0075997 0.0318667 0.0038019 0.0000010 0.0037904 0.0037870 0.0277832 0.0038032 0.0076027 0.0037868 0.0114304 0.0037904 0.0076288 0.0076027 0.0075968 0.0037883 0.0000010 0.0083238 0.0037868 0.0325077 0.0357985 0.0318535 0.0037883 0.0152883 0.0270137 0.0391189 0.0288197 0.0000010 0.0000010 0.0000010 0.0041108 0.0037868 0.0076301 0.0000010 0.0000010 0.0128616 0.0039852 0.0276683 0.0076001 0.0000010 0.0120821 0.0000010 0.0037883 0.0321336 0.0346222 0.0037870 0.0000010 0.0277832 0.0362337 0.0037904 0.0038034 0.0361159 0.0037868 0.0320003 0.0362691 0.0277832 0.0000010 0.0075968 0.0364361 0.0154144 0.0075997 0.0364361 0.0076270 0.0000010 0.0362337 0.0236406 0.0236314 0.0037883 0.0037868 0.0076027 0.0191776 0.0311023 0.0000010 0.0076270 0.0075968 0.0000010 0.0172895 0.0317338 0.0318425 
29227      0.0564485 0.0268297 0.0268297 0.0229176 0.0229176 0.0232759 0.0000000 0.0307583 0.0268206 0.0532578 0.0265741 0.0312726 0.0268190 0.0348435 0.0348762 0.0307686 0.0268297 0.0307480 0.0190408 0.0307766 0.0190213 0.0189726 0.0268297 0.0251122 0.0268206 0.0268297 0.0294100 0.0308707 0.0337389 0.0407064 0.0310066 0.0307460 0.0388450 0.0561829 0.0349577 0.0429053 0.0580678 0.0269380 0.0268190 0.0307563 0.0583243 0.0310120 0.0268206 0.0269376 0.0268206 0.0268206 0.0270151 0.0113427 0.0301702 0.0269230 0.0268455 0.0348621 0.0347091 0.0293971 0.0229176 0.0228952 0.0229176 0.0268190 0.0268190 0.0230049 0.0250794 0.0230097 0.0190398 0.0268190 0.0307746 0.0269126 0.0228952 0.0329453 0.0583266 0.0371883 0.0301567 0.0268297 0.0268190 0.0230049 0.0307563 0.0564465 0.0269273 0.0230140 0.0268455 0.0268206 0.0522282 0.0269376 0.0307686 0.0268190 0.0346952 0.0268455 0.0308760 0.0307686 0.0307440 0.0268297 0.0229176 0.0337241 0.0268190 0.0576026 0.0603860 0.0564228 0.0268297 0.0307135 0.0346605 0.0385036 0.0517130 0.0230893 0.0230893 0.0229176 0.0248029 0.0268190 0.0308811 0.0229176 0.0229176 0.0257601 0.0282416 0.0520057 0.0347440 0.0251122 0.0366955 0.0242345 0.0268297 0.0569256 0.0476959 0.0268206 0.0229176 0.0522282 0.0611397 0.0268455 0.0269380 0.0609345 0.0268190 0.0566926 0.0611982 0.0522282 0.0241295 0.0307440 0.0614821 0.0389940 0.0307563 0.0614821 0.0308687 0.0251134 0.0611397 0.0478552 0.0478344 0.0268297 0.0268190 0.0307686 0.0267942 0.0306164 0.0241372 0.0308687 0.0307440 0.0229176 0.0302997 0.0478543 0.0564041 
2768938    0.0394686 0.0112662 0.0112662 0.0074854 0.0074854 0.0076001 0.0307583 0.0000000 0.0112633 0.0360805 0.0043114 0.0086953 0.0112628 0.0189642 0.0189815 0.0150741 0.0112662 0.0074786 0.0266487 0.0150775 0.0112633 0.0346058 0.0112662 0.0081871 0.0112633 0.0112662 0.0081898 0.0075077 0.0123315 0.0176008 0.0151873 0.0150631 0.0228322 0.0392889 0.0190247 0.0267450 0.0363836 0.0113106 0.0112628 0.0150682 0.0365392 0.0151903 0.0112633 0.0113102 0.0037011 0.0037280 0.0043810 0.0189005 0.0255681 0.0113055 0.0112725 0.0189740 0.0188931 0.0081864 0.0074854 0.0150631 0.0074854 0.0112628 0.0112628 0.0075135 0.0040728 0.0113106 0.0112662 0.0112628 0.0150767 0.0112999 0.0150631 0.0161166 0.0365392 0.0202122 0.0255568 0.0112662 0.0112628 0.0075133 0.0150682 0.0394684 0.0113062 0.0075164 0.0112725 0.0037280 0.0353961 0.0113102 0.0150741 0.0112628 0.0188857 0.0112725 0.0151256 0.0150741 0.0150623 0.0112662 0.0074854 0.0123263 0.0112628 0.0360995 0.0433522 0.0394522 0.0037315 0.0227313 0.0344230 0.0465183 0.0398139 0.0075400 0.0075404 0.0074854 0.0122164 0.0112628 0.0151278 0.0074854 0.0074854 0.0212254 0.0118473 0.0352503 0.0189113 0.0081871 0.0199511 0.0079066 0.0112662 0.0397960 0.0428485 0.0112633 0.0074854 0.0353961 0.0438767 0.0112725 0.0113106 0.0437345 0.0112628 0.0396337 0.0439187 0.0353961 0.0039225 0.0150623 0.0441187 0.0229176 0.0150682 0.0441187 0.0151219 0.0040797 0.0438767 0.0312361 0.0312237 0.0112662 0.0112628 0.0150741 0.0266121 0.0385297 0.0078754 0.0151219 0.0150623 0.0074854 0.0256767 0.0393049 0.0394389 
89135      0.0353961 0.0074854 0.0074854 0.0037300 0.0037300 0.0037870 0.0268206 0.0112633 0.0000000 0.0319564 0.0043097 0.0086918 0.0074825 0.0151194 0.0151332 0.0112662 0.0074854 0.0112594 0.0227636 0.0112686 0.0074828 0.0306546 0.0074854 0.0040785 0.0074828 0.0074854 0.0081868 0.0113023 0.0123269 0.0175939 0.0113505 0.0112589 0.0189617 0.0352359 0.0151675 0.0228455 0.0363836 0.0075148 0.0074825 0.0112628 0.0365392 0.0113536 0.0074828 0.0075144 0.0074828 0.0074828 0.0043792 0.0150689 0.0169220 0.0075106 0.0074895 0.0151272 0.0150631 0.0081833 0.0037300 0.0112589 0.0037300 0.0074825 0.0074825 0.0037440 0.0040728 0.0075148 0.0074854 0.0074825 0.0112681 0.0075077 0.0112589 0.0120434 0.0365392 0.0161107 0.0169146 0.0074854 0.0074825 0.0037439 0.0112628 0.0353962 0.0075119 0.0037454 0.0074895 0.0074828 0.0313521 0.0075144 0.0112662 0.0074825 0.0150572 0.0074895 0.0113055 0.0112662 0.0112584 0.0074854 0.0037300 0.0123216 0.0074825 0.0360995 0.0392728 0.0353817 0.0074854 0.0188783 0.0304938 0.0424949 0.0339533 0.0037572 0.0037574 0.0037300 0.0081144 0.0074825 0.0113062 0.0037300 0.0037300 0.0126432 0.0078694 0.0312237 0.0150775 0.0040785 0.0159036 0.0039393 0.0074854 0.0356889 0.0340283 0.0074828 0.0037300 0.0313521 0.0397451 0.0074895 0.0075148 0.0396171 0.0074825 0.0355432 0.0397832 0.0313521 0.0039225 0.0112584 0.0399639 0.0190323 0.0112628 0.0399639 0.0113018 0.0040781 0.0397451 0.0272356 0.0272251 0.0074854 0.0074825 0.0112662 0.0227326 0.0345574 0.0039237 0.0113018 0.0112584 0.0037300 0.0169935 0.0352503 0.0353697 
5737009    0.0038838 0.0238133 0.0319675 0.0278704 0.0278704 0.0283252 0.0532578 0.0360805 0.0319564 0.0000000 0.0276521 0.0325525 0.0319542 0.0320844 0.0321155 0.0278819 0.0319675 0.0360680 0.0486453 0.0361031 0.0319564 0.0573585 0.0319675 0.0261803 0.0319564 0.0319675 0.0351859 0.0362182 0.0397409 0.0423932 0.0363850 0.0278606 0.0362208 0.0038668 0.0321933 0.0404172 0.0560021 0.0321024 0.0319542 0.0278704 0.0562589 0.0281111 0.0319564 0.0321021 0.0319564 0.0319564 0.0281297 0.0402340 0.0503006 0.0278667 0.0319873 0.0321021 0.0319564 0.0261813 0.0278704 0.0360654 0.0278704 0.0238035 0.0238035 0.0279810 0.0254926 0.0321024 0.0319675 0.0238035 0.0278875 0.0320710 0.0278606 0.0255656 0.0562610 0.0299307 0.0502766 0.0319675 0.0319542 0.0238087 0.0278704 0.0038840 0.0320890 0.0279927 0.0319873 0.0319564 0.0077920 0.0321021 0.0360929 0.0319542 0.0319431 0.0319873 0.0319620 0.0360929 0.0278588 0.0319675 0.0278704 0.0397227 0.0238035 0.0555361 0.0077577 0.0038825 0.0319675 0.0360504 0.0485522 0.0615595 0.0056454 0.0280890 0.0280883 0.0278704 0.0259456 0.0238035 0.0279875 0.0278704 0.0278704 0.0455422 0.0337255 0.0000010 0.0319895 0.0261803 0.0380615 0.0295444 0.0319675 0.0118262 0.0127227 0.0319564 0.0278704 0.0077920 0.0158024 0.0319873 0.0321024 0.0157528 0.0319542 0.0117770 0.0158180 0.0077920 0.0251238 0.0278588 0.0158897 0.0280897 0.0197735 0.0158897 0.0279759 0.0306664 0.0158024 0.0117770 0.0038668 0.0319675 0.0238035 0.0278819 0.0485727 0.0615859 0.0294199 0.0362156 0.0278588 0.0278704 0.0505288 0.0038684 0.0117209 
5737019    0.0316873 0.0043114 0.0043114 0.0000010 0.0000010 0.0000010 0.0265741 0.0043114 0.0043097 0.0276521 0.0000000 0.0043306 0.0000010 0.0130806 0.0130943 0.0086564 0.0043114 0.0000010 0.0218949 0.0086585 0.0043097 0.0310056 0.0043114 0.0000010 0.0043097 0.0000010 0.0000010 0.0043289 0.0044106 0.0131484 0.0087310 0.0086491 0.0175068 0.0315228 0.0131286 0.0219858 0.0377069 0.0000010 0.0043095 0.0086525 0.0378951 0.0087330 0.0043097 0.0043306 0.0000010 0.0000010 0.0000010 0.0130302 0.0199651 0.0043282 0.0043141 0.0086914 0.0130244 0.0044086 0.0000010 0.0086491 0.0000010 0.0043095 0.0043095 0.0000010 0.0000010 0.0043309 0.0043114 0.0043095 0.0043095 0.0043261 0.0086491 0.0091323 0.0378952 0.0137495 0.0149071 0.0043114 0.0000010 0.0000010 0.0043095 0.0316876 0.0043289 0.0000010 0.0043141 0.0000010 0.0270498 0.0043306 0.0086564 0.0043095 0.0130185 0.0000010 0.0086903 0.0086564 0.0043095 0.0043114 0.0000010 0.0044086 0.0043095 0.0373640 0.0361544 0.0316727 0.0043114 0.0130185 0.0263236 0.0400983 0.0279040 0.0000010 0.0000010 0.0000010 0.0047340 0.0043095 0.0086918 0.0000010 0.0000010 0.0149071 0.0045682 0.0269227 0.0130387 0.0000010 0.0138692 0.0000010 0.0043114 0.0319887 0.0348380 0.0043097 0.0000010 0.0270498 0.0366546 0.0000010 0.0043309 0.0365190 0.0043095 0.0318376 0.0366954 0.0270498 0.0000010 0.0086487 0.0368867 0.0175822 0.0086525 0.0368867 0.0086879 0.0000010 0.0366546 0.0270498 0.0223458 0.0043114 0.0043095 0.0086564 0.0218604 0.0355184 0.0000010 0.0086879 0.0086487 0.0000010 0.0199651 0.0315376 0.0316603 
5737020    0.0365364 0.0086953 0.0086953 0.0043306 0.0043306 0.0044075 0.0312726 0.0086953 0.0086918 0.0325525 0.0043306 0.0000000 0.0043306 0.0175896 0.0176082 0.0130943 0.0086953 0.0043306 0.0264992 0.0130977 0.0086918 0.0357432 0.0086953 0.0048073 0.0086918 0.0043306 0.0044307 0.0087310 0.0088972 0.0086173 0.0132084 0.0130832 0.0220721 0.0363443 0.0176548 0.0266103 0.0428149 0.0043306 0.0086914 0.0130884 0.0430309 0.0087330 0.0086918 0.0087345 0.0043306 0.0043306 0.0044008 0.0175211 0.0252002 0.0087295 0.0087009 0.0131479 0.0175131 0.0088931 0.0043306 0.0130832 0.0043306 0.0086914 0.0086914 0.0043494 0.0047985 0.0087350 0.0086953 0.0086914 0.0086914 0.0087253 0.0130832 0.0138208 0.0430314 0.0184973 0.0200693 0.0086953 0.0043306 0.0043493 0.0086914 0.0365364 0.0087310 0.0043513 0.0087009 0.0043306 0.0269295 0.0087345 0.0130943 0.0086914 0.0175052 0.0043306 0.0131461 0.0130943 0.0086914 0.0086953 0.0043306 0.0088931 0.0086914 0.0424219 0.0410344 0.0365190 0.0086953 0.0175052 0.0309747 0.0449436 0.0353587 0.0043673 0.0043674 0.0043306 0.0095556 0.0086914 0.0131484 0.0043306 0.0043306 0.0200693 0.0045682 0.0316873 0.0175327 0.0048073 0.0138692 0.0046152 0.0086953 0.0368867 0.0346670 0.0086918 0.0043306 0.0269295 0.0364880 0.0043306 0.0087350 0.0363546 0.0086914 0.0316949 0.0365285 0.0269295 0.0045920 0.0130825 0.0367192 0.0221670 0.0130884 0.0367192 0.0131425 0.0043465 0.0364880 0.0269295 0.0270498 0.0086953 0.0086914 0.0130943 0.0264570 0.0403066 0.0043306 0.0131425 0.0130825 0.0043306 0.0252002 0.0363615 0.0365047 
29245      0.0353936 0.0074851 0.0074851 0.0037299 0.0037299 0.0037868 0.0268190 0.0112628 0.0074825 0.0319542 0.0000010 0.0043306 0.0000000 0.0151187 0.0151324 0.0112656 0.0074851 0.0112589 0.0227623 0.0112681 0.0074825 0.0306527 0.0074851 0.0040783 0.0074825 0.0074851 0.0040798 0.0113018 0.0081898 0.0131484 0.0113500 0.0112584 0.0189607 0.0352335 0.0151667 0.0228442 0.0363810 0.0075145 0.0074822 0.0112622 0.0365365 0.0113531 0.0074825 0.0075141 0.0074825 0.0074825 0.0000010 0.0150682 0.0212241 0.0075103 0.0074892 0.0151265 0.0150623 0.0040781 0.0037299 0.0112584 0.0037299 0.0074822 0.0074822 0.0037438 0.0040726 0.0075145 0.0074851 0.0074822 0.0112676 0.0075073 0.0112584 0.0120428 0.0365365 0.0161098 0.0126377 0.0074851 0.0074822 0.0037438 0.0112622 0.0353937 0.0075115 0.0037453 0.0074892 0.0074825 0.0313500 0.0075141 0.0112656 0.0074822 0.0150564 0.0074892 0.0113050 0.0112656 0.0112579 0.0074851 0.0037299 0.0081864 0.0074822 0.0360969 0.0392699 0.0353792 0.0074851 0.0188773 0.0304918 0.0424917 0.0339500 0.0037570 0.0037572 0.0037299 0.0081140 0.0074822 0.0113057 0.0037299 0.0037299 0.0169146 0.0078691 0.0312217 0.0150767 0.0040783 0.0159027 0.0039391 0.0074851 0.0356864 0.0384123 0.0074825 0.0037299 0.0313500 0.0397421 0.0074892 0.0075145 0.0396142 0.0074822 0.0355407 0.0397803 0.0313500 0.0039223 0.0112579 0.0399609 0.0190312 0.0112622 0.0399609 0.0113013 0.0000010 0.0397421 0.0272340 0.0272234 0.0074851 0.0074822 0.0112656 0.0227313 0.0345550 0.0000010 0.0113013 0.0112579 0.0037299 0.0213140 0.0352478 0.0353672 
5737027    0.0355359 0.0075132 0.0151246 0.0113038 0.0113038 0.0114782 0.0348435 0.0189642 0.0151194 0.0320844 0.0130806 0.0175896 0.0151187 0.0000000 0.0075454 0.0037453 0.0151246 0.0189577 0.0306649 0.0189750 0.0151194 0.0387180 0.0151246 0.0082169 0.0151194 0.0151246 0.0165577 0.0190323 0.0207749 0.0267082 0.0191144 0.0189567 0.0268206 0.0353744 0.0229866 0.0307766 0.0449600 0.0151846 0.0151187 0.0189631 0.0451549 0.0191181 0.0151194 0.0151841 0.0151194 0.0151194 0.0132941 0.0228352 0.0255778 0.0151765 0.0151332 0.0229249 0.0228262 0.0165506 0.0113038 0.0189567 0.0113038 0.0151187 0.0151187 0.0113465 0.0082056 0.0151846 0.0151246 0.0151187 0.0189740 0.0151702 0.0189567 0.0202924 0.0451556 0.0244319 0.0255664 0.0151246 0.0151187 0.0113472 0.0189631 0.0355360 0.0151787 0.0113509 0.0151332 0.0151194 0.0314752 0.0151841 0.0189706 0.0151187 0.0228172 0.0151332 0.0190359 0.0189706 0.0189557 0.0075132 0.0113038 0.0207660 0.0151187 0.0446050 0.0394279 0.0355214 0.0151246 0.0267010 0.0385115 0.0507473 0.0341464 0.0113882 0.0113875 0.0113038 0.0164092 0.0151187 0.0190388 0.0113038 0.0113038 0.0212335 0.0159090 0.0313458 0.0151339 0.0082169 0.0241138 0.0119455 0.0151246 0.0358310 0.0340434 0.0151194 0.0113038 0.0314752 0.0399040 0.0151332 0.0151846 0.0397750 0.0151187 0.0356842 0.0399425 0.0314752 0.0118937 0.0189557 0.0401246 0.0269217 0.0189631 0.0401246 0.0190312 0.0123719 0.0399040 0.0273416 0.0273309 0.0151246 0.0151187 0.0037453 0.0306223 0.0426775 0.0118969 0.0190312 0.0189557 0.0113038 0.0256864 0.0353889 0.0355093 
5737028    0.0355700 0.0075200 0.0151384 0.0113141 0.0113141 0.0114888 0.0348762 0.0189815 0.0151332 0.0321155 0.0130943 0.0176082 0.0151324 0.0075454 0.0000000 0.0037486 0.0151384 0.0189750 0.0306934 0.0189924 0.0151332 0.0387545 0.0151384 0.0082250 0.0151332 0.0151384 0.0165742 0.0190497 0.0207957 0.0267370 0.0191320 0.0189740 0.0268455 0.0354081 0.0230079 0.0308053 0.0405883 0.0151985 0.0151324 0.0189805 0.0407627 0.0191357 0.0151332 0.0151980 0.0151332 0.0151332 0.0133083 0.0228562 0.0300901 0.0151903 0.0151470 0.0189054 0.0228472 0.0165671 0.0113141 0.0189740 0.0113141 0.0151324 0.0151324 0.0113568 0.0040743 0.0151985 0.0151384 0.0151324 0.0189914 0.0151841 0.0189740 0.0161224 0.0407630 0.0202195 0.0300767 0.0151384 0.0151324 0.0113576 0.0189805 0.0355700 0.0151925 0.0113613 0.0151470 0.0151332 0.0315052 0.0151980 0.0189880 0.0151324 0.0228381 0.0151470 0.0190534 0.0189880 0.0189730 0.0075200 0.0113141 0.0207868 0.0151324 0.0404162 0.0394657 0.0355554 0.0151384 0.0267256 0.0385475 0.0507957 0.0341936 0.0113986 0.0113979 0.0113141 0.0164254 0.0151324 0.0190562 0.0113141 0.0113141 0.0256922 0.0159243 0.0313756 0.0151477 0.0082250 0.0241372 0.0119569 0.0151384 0.0358656 0.0386205 0.0151332 0.0113141 0.0315052 0.0399427 0.0151470 0.0151985 0.0398135 0.0151324 0.0357185 0.0399813 0.0315052 0.0078760 0.0189730 0.0401637 0.0269467 0.0189805 0.0401637 0.0190487 0.0123841 0.0399427 0.0273674 0.0273568 0.0151384 0.0151324 0.0037486 0.0306507 0.0427178 0.0119083 0.0190487 0.0189730 0.0113141 0.0302189 0.0354226 0.0355433 
5737029    0.0313756 0.0037328 0.0112700 0.0074880 0.0074601 0.0076027 0.0307686 0.0150741 0.0112662 0.0278819 0.0086564 0.0130943 0.0112656 0.0037453 0.0037486 0.0000000 0.0112700 0.0150689 0.0266576 0.0150826 0.0112662 0.0346173 0.0112700 0.0040800 0.0112662 0.0112700 0.0123315 0.0151278 0.0165033 0.0220895 0.0151925 0.0150682 0.0228400 0.0312343 0.0190312 0.0267540 0.0405883 0.0113145 0.0112656 0.0150733 0.0407627 0.0151955 0.0112662 0.0113141 0.0112662 0.0112662 0.0087967 0.0189069 0.0255778 0.0113094 0.0112764 0.0189805 0.0188995 0.0123263 0.0074880 0.0150682 0.0074880 0.0112247 0.0112656 0.0075161 0.0040743 0.0113145 0.0112700 0.0112656 0.0150819 0.0113038 0.0150682 0.0161224 0.0407630 0.0202195 0.0255664 0.0112700 0.0112656 0.0075159 0.0150733 0.0313758 0.0113101 0.0075190 0.0112764 0.0112662 0.0273568 0.0113141 0.0150792 0.0112656 0.0188921 0.0112764 0.0151308 0.0150792 0.0150674 0.0037328 0.0074880 0.0164962 0.0112656 0.0402700 0.0352478 0.0313631 0.0112700 0.0227389 0.0344344 0.0465334 0.0281817 0.0075426 0.0075431 0.0074880 0.0122209 0.0112656 0.0151330 0.0074880 0.0074880 0.0212335 0.0118516 0.0272454 0.0112769 0.0040800 0.0199582 0.0079095 0.0112700 0.0316345 0.0340434 0.0112662 0.0074880 0.0273568 0.0356695 0.0112764 0.0113145 0.0355554 0.0112656 0.0315052 0.0357039 0.0273568 0.0078760 0.0150674 0.0358656 0.0229254 0.0150733 0.0358656 0.0151270 0.0081896 0.0356695 0.0232803 0.0232715 0.0112700 0.0112656 0.0000010 0.0266210 0.0385424 0.0078782 0.0151270 0.0150674 0.0074880 0.0256864 0.0312470 0.0313523 
89166      0.0354081 0.0074880 0.0074880 0.0037313 0.0037313 0.0037883 0.0268297 0.0112662 0.0074854 0.0319675 0.0043114 0.0086953 0.0074851 0.0151246 0.0151384 0.0112700 0.0000000 0.0112633 0.0227713 0.0112725 0.0074854 0.0306649 0.0074880 0.0040800 0.0074854 0.0074880 0.0081898 0.0113062 0.0123315 0.0176008 0.0113545 0.0112628 0.0189681 0.0352478 0.0151727 0.0228532 0.0363963 0.0075174 0.0074851 0.0112656 0.0365520 0.0113576 0.0074854 0.0075170 0.0074854 0.0074854 0.0043810 0.0150741 0.0169220 0.0075133 0.0074921 0.0151324 0.0150682 0.0081864 0.0037313 0.0112628 0.0037313 0.0074851 0.0074851 0.0037453 0.0040743 0.0075174 0.0074880 0.0074851 0.0112720 0.0075103 0.0112628 0.0120478 0.0365520 0.0161166 0.0169146 0.0074880 0.0074851 0.0037452 0.0112656 0.0354082 0.0075145 0.0037467 0.0074921 0.0074854 0.0313628 0.0075170 0.0112700 0.0074851 0.0150623 0.0074921 0.0113094 0.0112700 0.0112622 0.0074880 0.0037313 0.0123263 0.0074851 0.0361120 0.0392860 0.0353937 0.0074880 0.0188847 0.0305039 0.0425088 0.0339700 0.0000010 0.0037587 0.0037313 0.0081174 0.0074851 0.0113101 0.0037313 0.0037313 0.0126432 0.0078723 0.0312343 0.0150826 0.0040800 0.0159093 0.0039407 0.0074880 0.0357011 0.0340283 0.0074854 0.0037313 0.0313628 0.0397586 0.0074921 0.0075174 0.0396305 0.0074851 0.0355553 0.0397968 0.0313628 0.0039239 0.0112622 0.0399775 0.0190388 0.0112656 0.0399775 0.0113057 0.0040797 0.0397586 0.0272450 0.0272344 0.0074880 0.0074851 0.0112700 0.0227402 0.0345689 0.0039251 0.0113057 0.0112622 0.0037313 0.0169935 0.0352622 0.0353817 
2768977    0.0394553 0.0112633 0.0112633 0.0074828 0.0074828 0.0075974 0.0307480 0.0074786 0.0112594 0.0360680 0.0000010 0.0043306 0.0112589 0.0189577 0.0189750 0.0150689 0.0112633 0.0000000 0.0266397 0.0150723 0.0112594 0.0345943 0.0112633 0.0081840 0.0112594 0.0112633 0.0040798 0.0075051 0.0081898 0.0131484 0.0151821 0.0150579 0.0228245 0.0392757 0.0190183 0.0267360 0.0405602 0.0113067 0.0112589 0.0150631 0.0407344 0.0151851 0.0112594 0.0113063 0.0037267 0.0037267 0.0000010 0.0188941 0.0255585 0.0113016 0.0112686 0.0189676 0.0188867 0.0040781 0.0074828 0.0150579 0.0074828 0.0112589 0.0112589 0.0075108 0.0081729 0.0113067 0.0112633 0.0112589 0.0150716 0.0112960 0.0150579 0.0161107 0.0407347 0.0202049 0.0255472 0.0112633 0.0112589 0.0075106 0.0150631 0.0394551 0.0113023 0.0075138 0.0112686 0.0037267 0.0353841 0.0113063 0.0150689 0.0112589 0.0188793 0.0112686 0.0151204 0.0150689 0.0150572 0.0112633 0.0074828 0.0081864 0.0112589 0.0402424 0.0433378 0.0394389 0.0112633 0.0227236 0.0344116 0.0465031 0.0397946 0.0075374 0.0075378 0.0074828 0.0122118 0.0112589 0.0151226 0.0074828 0.0074828 0.0212174 0.0118431 0.0352384 0.0189049 0.0081840 0.0199440 0.0079038 0.0112633 0.0397825 0.0428329 0.0112594 0.0074828 0.0353841 0.0438619 0.0112686 0.0113067 0.0437197 0.0112589 0.0396203 0.0439039 0.0353841 0.0078703 0.0150572 0.0441037 0.0229098 0.0150631 0.0441037 0.0151167 0.0000010 0.0438619 0.0312255 0.0312131 0.0112633 0.0112589 0.0150689 0.0266031 0.0385169 0.0078725 0.0151167 0.0150572 0.0074828 0.0256670 0.0392917 0.0394256 
51798      0.0518747 0.0227713 0.0227713 0.0189113 0.0189113 0.0192040 0.0190408 0.0266487 0.0227636 0.0486453 0.0218949 0.0264992 0.0227623 0.0306649 0.0306934 0.0266576 0.0227713 0.0266397 0.0000000 0.0266643 0.0150689 0.0075093 0.0227713 0.0207031 0.0227636 0.0227713 0.0249377 0.0267450 0.0292032 0.0357654 0.0268613 0.0266381 0.0346128 0.0516339 0.0307643 0.0306712 0.0533462 0.0228622 0.0227623 0.0266471 0.0535790 0.0268661 0.0227636 0.0228617 0.0227636 0.0227636 0.0222540 0.0150748 0.0212254 0.0228497 0.0227845 0.0306811 0.0305481 0.0249270 0.0189113 0.0188931 0.0189113 0.0227623 0.0227623 0.0189827 0.0206756 0.0189865 0.0150833 0.0227623 0.0266626 0.0228407 0.0188931 0.0285231 0.0535806 0.0327064 0.0212161 0.0227713 0.0227623 0.0189827 0.0266471 0.0518733 0.0228532 0.0189901 0.0227845 0.0227636 0.0477140 0.0228617 0.0266576 0.0227623 0.0305360 0.0227845 0.0267497 0.0266576 0.0266365 0.0227713 0.0189113 0.0291906 0.0227623 0.0529233 0.0557796 0.0518517 0.0227713 0.0266105 0.0227182 0.0345344 0.0577796 0.0190516 0.0190516 0.0189113 0.0247130 0.0227623 0.0267540 0.0189113 0.0189113 0.0169156 0.0239571 0.0475136 0.0305783 0.0207031 0.0322780 0.0199870 0.0227713 0.0523089 0.0473481 0.0227636 0.0189113 0.0477140 0.0564667 0.0227845 0.0228622 0.0562798 0.0227623 0.0520960 0.0565205 0.0477140 0.0199009 0.0266365 0.0567801 0.0347440 0.0266471 0.0567801 0.0267433 0.0207038 0.0564667 0.0434189 0.0434005 0.0227713 0.0227623 0.0266576 0.0150545 0.0266975 0.0199073 0.0267433 0.0266365 0.0189113 0.0213153 0.0434184 0.0518346 
308310     0.0394931 0.0112725 0.0112725 0.0074895 0.0074895 0.0076044 0.0307766 0.0150775 0.0112686 0.0361031 0.0086585 0.0130977 0.0112681 0.0189750 0.0189924 0.0150826 0.0112725 0.0150723 0.0266643 0.0000000 0.0112686 0.0346265 0.0112725 0.0081921 0.0037300 0.0112725 0.0123345 0.0151312 0.0165074 0.0220956 0.0151960 0.0150716 0.0228455 0.0393132 0.0190357 0.0267607 0.0406002 0.0113170 0.0112681 0.0150767 0.0407748 0.0151990 0.0112686 0.0113165 0.0112686 0.0112686 0.0087988 0.0189113 0.0212472 0.0113119 0.0112788 0.0189849 0.0189039 0.0123292 0.0074895 0.0150716 0.0074895 0.0112681 0.0112681 0.0075176 0.0081809 0.0113170 0.0112725 0.0112681 0.0150852 0.0113063 0.0150716 0.0161263 0.0407751 0.0202246 0.0212378 0.0112725 0.0112681 0.0075174 0.0150767 0.0394929 0.0113126 0.0075206 0.0112788 0.0112686 0.0354179 0.0113165 0.0150826 0.0112681 0.0188965 0.0112788 0.0151342 0.0150826 0.0150708 0.0112725 0.0074895 0.0165003 0.0112681 0.0402817 0.0433793 0.0394767 0.0112725 0.0227444 0.0344435 0.0465470 0.0398496 0.0037606 0.0075446 0.0074895 0.0122238 0.0112681 0.0151364 0.0074895 0.0074895 0.0169328 0.0078694 0.0352718 0.0189221 0.0081921 0.0159036 0.0079113 0.0112725 0.0398210 0.0384552 0.0112686 0.0074895 0.0354179 0.0439045 0.0112788 0.0113170 0.0437621 0.0112681 0.0396584 0.0439466 0.0354179 0.0078777 0.0150708 0.0441468 0.0229309 0.0150767 0.0441468 0.0151304 0.0081914 0.0439045 0.0312550 0.0312426 0.0112725 0.0112681 0.0150826 0.0266276 0.0385530 0.0078800 0.0151304 0.0150708 0.0074895 0.0213372 0.0393293 0.0394634 
29275      0.0353961 0.0074854 0.0074854 0.0037300 0.0037300 0.0037870 0.0190213 0.0112633 0.0074828 0.0319564 0.0043097 0.0086918 0.0074825 0.0151194 0.0151332 0.0112662 0.0074854 0.0112594 0.0150689 0.0112686 0.0000000 0.0228275 0.0074854 0.0040785 0.0074828 0.0074854 0.0081868 0.0113023 0.0123269 0.0175939 0.0113505 0.0112589 0.0189617 0.0352359 0.0151675 0.0228455 0.0363836 0.0075148 0.0074825 0.0112628 0.0365392 0.0113536 0.0074828 0.0075144 0.0074828 0.0074828 0.0043792 0.0074812 0.0212254 0.0075106 0.0074895 0.0151272 0.0150631 0.0081833 0.0037300 0.0037266 0.0037300 0.0074825 0.0074825 0.0037440 0.0040728 0.0075148 0.0074854 0.0074825 0.0112681 0.0075077 0.0037266 0.0120434 0.0365392 0.0161107 0.0212161 0.0074854 0.0074825 0.0037439 0.0112628 0.0353962 0.0075119 0.0037454 0.0074895 0.0074828 0.0313521 0.0075144 0.0112662 0.0074825 0.0150572 0.0074895 0.0113055 0.0112662 0.0112584 0.0074854 0.0037300 0.0123216 0.0074825 0.0360995 0.0392728 0.0353817 0.0074854 0.0112477 0.0227092 0.0345206 0.0339533 0.0037572 0.0037574 0.0037300 0.0081144 0.0074825 0.0113062 0.0037300 0.0037300 0.0169156 0.0078694 0.0312237 0.0150775 0.0040785 0.0159036 0.0039393 0.0074854 0.0356889 0.0340283 0.0074828 0.0037300 0.0313521 0.0397451 0.0074895 0.0075148 0.0396171 0.0074825 0.0355432 0.0397832 0.0313521 0.0039225 0.0112584 0.0399639 0.0190323 0.0112628 0.0399639 0.0113018 0.0040781 0.0397451 0.0272356 0.0272251 0.0074854 0.0074825 0.0112662 0.0150487 0.0266869 0.0039237 0.0113018 0.0112584 0.0037300 0.0213153 0.0352503 0.0353697 
53344      0.0604849 0.0306649 0.0306649 0.0267394 0.0267394 0.0271576 0.0189726 0.0346058 0.0306546 0.0573585 0.0310056 0.0357432 0.0306527 0.0387180 0.0387545 0.0346173 0.0306649 0.0345943 0.0075093 0.0346265 0.0228275 0.0000000 0.0228498 0.0292999 0.0306546 0.0306649 0.0336143 0.0347324 0.0379593 0.0452329 0.0348856 0.0345919 0.0427327 0.0601996 0.0388452 0.0387258 0.0622208 0.0307889 0.0306527 0.0346034 0.0624960 0.0348914 0.0306546 0.0307886 0.0306546 0.0306546 0.0315201 0.0228365 0.0300476 0.0307716 0.0306831 0.0387388 0.0385685 0.0335996 0.0267394 0.0267132 0.0267394 0.0306527 0.0306527 0.0268412 0.0292625 0.0268471 0.0228498 0.0306527 0.0346242 0.0307600 0.0267132 0.0370669 0.0624989 0.0413240 0.0300341 0.0306649 0.0306527 0.0268412 0.0346034 0.0604824 0.0307766 0.0268519 0.0306831 0.0306546 0.0562501 0.0307886 0.0346173 0.0306527 0.0385530 0.0306831 0.0347381 0.0346173 0.0345896 0.0306649 0.0267394 0.0379427 0.0306527 0.0617223 0.0644152 0.0604569 0.0306649 0.0345550 0.0305920 0.0265911 0.0577796 0.0269398 0.0269398 0.0267394 0.0247130 0.0306527 0.0347440 0.0267394 0.0267394 0.0256559 0.0322789 0.0560099 0.0386074 0.0292999 0.0407759 0.0282757 0.0306649 0.0525044 0.0565941 0.0306546 0.0267394 0.0562501 0.0652211 0.0306831 0.0307889 0.0650014 0.0306527 0.0607472 0.0652831 0.0562501 0.0281539 0.0345896 0.0569947 0.0428967 0.0346034 0.0569947 0.0347300 0.0293017 0.0652211 0.0518472 0.0518242 0.0306649 0.0306527 0.0346173 0.0228053 0.0188794 0.0281625 0.0347300 0.0345896 0.0267394 0.0301760 0.0518458 0.0604371 
29800      0.0354081 0.0074880 0.0074880 0.0037313 0.0037313 0.0037883 0.0268297 0.0112662 0.0074854 0.0319675 0.0043114 0.0086953 0.0074851 0.0151246 0.0151384 0.0112700 0.0074880 0.0112633 0.0227713 0.0112725 0.0074854 0.0228498 0.0000000 0.0040800 0.0074854 0.0074880 0.0081898 0.0113062 0.0123315 0.0176008 0.0113545 0.0112628 0.0189681 0.0352478 0.0151727 0.0228532 0.0363963 0.0075174 0.0074851 0.0112656 0.0365520 0.0113576 0.0074854 0.0075170 0.0074854 0.0074854 0.0043810 0.0150741 0.0212335 0.0075133 0.0074921 0.0151324 0.0150682 0.0081864 0.0037313 0.0112628 0.0037313 0.0074851 0.0074851 0.0037453 0.0040743 0.0075174 0.0074880 0.0074851 0.0112720 0.0075103 0.0112628 0.0120478 0.0365520 0.0161166 0.0212241 0.0074880 0.0074851 0.0037452 0.0112656 0.0354082 0.0075145 0.0037467 0.0074921 0.0074854 0.0313628 0.0075170 0.0112700 0.0074851 0.0150623 0.0074921 0.0113094 0.0112700 0.0112622 0.0074880 0.0037313 0.0123263 0.0074851 0.0361120 0.0392860 0.0353937 0.0074880 0.0188847 0.0305039 0.0345550 0.0281652 0.0037585 0.0037587 0.0037313 0.0040438 0.0074851 0.0113101 0.0037313 0.0037313 0.0169220 0.0078723 0.0312343 0.0150826 0.0040800 0.0159093 0.0039407 0.0074880 0.0275819 0.0384294 0.0074854 0.0037313 0.0313628 0.0397586 0.0074921 0.0075174 0.0396305 0.0074851 0.0355553 0.0397968 0.0313628 0.0039239 0.0112622 0.0317663 0.0190388 0.0112656 0.0317663 0.0113057 0.0040797 0.0397586 0.0272450 0.0272344 0.0074880 0.0074851 0.0112700 0.0227402 0.0267132 0.0039251 0.0113057 0.0112622 0.0037313 0.0213234 0.0352622 0.0353817 
5737064    0.0300294 0.0040800 0.0040800 0.0000010 0.0000010 0.0000010 0.0251122 0.0081871 0.0040785 0.0261803 0.0000010 0.0048073 0.0040783 0.0082169 0.0082250 0.0040800 0.0040800 0.0081840 0.0207031 0.0081921 0.0040785 0.0292999 0.0040800 0.0000000 0.0040785 0.0040800 0.0045003 0.0082188 0.0090374 0.0146147 0.0082569 0.0081837 0.0165542 0.0298818 0.0124142 0.0207843 0.0309450 0.0040974 0.0040783 0.0040783 0.0356740 0.0082587 0.0040785 0.0040972 0.0040785 0.0040785 0.0000010 0.0123262 0.0187358 0.0040951 0.0040825 0.0123782 0.0081837 0.0044982 0.0000010 0.0081837 0.0000010 0.0040783 0.0040783 0.0000010 0.0000010 0.0040974 0.0040800 0.0040783 0.0081917 0.0040932 0.0081837 0.0088095 0.0356739 0.0132619 0.0187267 0.0040800 0.0040783 0.0000010 0.0081867 0.0300298 0.0000010 0.0000010 0.0040825 0.0040785 0.0300294 0.0040972 0.0040800 0.0040783 0.0123157 0.0040825 0.0082206 0.0081902 0.0081833 0.0000010 0.0000010 0.0090331 0.0040783 0.0352031 0.0342664 0.0300164 0.0040800 0.0164747 0.0291321 0.0422298 0.0311002 0.0000010 0.0000010 0.0000010 0.0044565 0.0040783 0.0082219 0.0000010 0.0000010 0.0139929 0.0043092 0.0255255 0.0123338 0.0000010 0.0130744 0.0000010 0.0040800 0.0347645 0.0376959 0.0040785 0.0000010 0.0300294 0.0392076 0.0040825 0.0040974 0.0345935 0.0040783 0.0346089 0.0392489 0.0300294 0.0000010 0.0081833 0.0394443 0.0124195 0.0040783 0.0394443 0.0082184 0.0000010 0.0392076 0.0255363 0.0255255 0.0040800 0.0040783 0.0040800 0.0206723 0.0335605 0.0000010 0.0082184 0.0081833 0.0000010 0.0188234 0.0298950 0.0344241 
29802      0.0353961 0.0074854 0.0074854 0.0037300 0.0037300 0.0037870 0.0268206 0.0112633 0.0074828 0.0319564 0.0043097 0.0086918 0.0074825 0.0151194 0.0151332 0.0112662 0.0074854 0.0112594 0.0227636 0.0037300 0.0074828 0.0306546 0.0074854 0.0040785 0.0000000 0.0074854 0.0081868 0.0113023 0.0123269 0.0175939 0.0113505 0.0112589 0.0189617 0.0352359 0.0151675 0.0228455 0.0363836 0.0075148 0.0074825 0.0112628 0.0365392 0.0113536 0.0074828 0.0075144 0.0074828 0.0074828 0.0043792 0.0150689 0.0169220 0.0075106 0.0074895 0.0151272 0.0150631 0.0081833 0.0037300 0.0112589 0.0037300 0.0074825 0.0074825 0.0037440 0.0040728 0.0075148 0.0074854 0.0074825 0.0112681 0.0075077 0.0112589 0.0120434 0.0365392 0.0161107 0.0169146 0.0074854 0.0074825 0.0037439 0.0112628 0.0353962 0.0075119 0.0037454 0.0074895 0.0074828 0.0313521 0.0075144 0.0112662 0.0074825 0.0150572 0.0074895 0.0113055 0.0112662 0.0112584 0.0074854 0.0037300 0.0123216 0.0074825 0.0360995 0.0392728 0.0353817 0.0074854 0.0188783 0.0304938 0.0424949 0.0339533 0.0000010 0.0037574 0.0037300 0.0081144 0.0074825 0.0113062 0.0037300 0.0037300 0.0126432 0.0078694 0.0312237 0.0150775 0.0040785 0.0159036 0.0039393 0.0074854 0.0356889 0.0340283 0.0074828 0.0037300 0.0313521 0.0397451 0.0074895 0.0075148 0.0396171 0.0074825 0.0355432 0.0397832 0.0313521 0.0039225 0.0112584 0.0399639 0.0190323 0.0112628 0.0399639 0.0113018 0.0040781 0.0397451 0.0272356 0.0272251 0.0074854 0.0074825 0.0112662 0.0227326 0.0345574 0.0039237 0.0113018 0.0112584 0.0037300 0.0169935 0.0352503 0.0353697 
