6
56961      0.0000000 0.0036351 0.0036422 0.0000010 0.0036372 0.0036422 
1337518    0.0036351 0.0000000 0.0072754 0.0036280 0.0072653 0.0072754 
1341841    0.0036422 0.0072754 0.0000000 0.0036351 0.0072796 0.0072897 
1337491    0.0000010 0.0036280 0.0036351 0.0000000 0.0036301 0.0036351 
1337492    0.0036372 0.0072653 0.0072796 0.0036301 0.0000000 0.0072796 
1391933    0.0036422 0.0072754 0.0072897 0.0036351 0.0072796 0.0000000 
