C1-C1c-C1b-C1ao-C1am-C1an	1461277	0	1.0	1.0	0.09439716808495745	0.11063223419414514	1.0	1.0	1.0	0.11789646310610681	0.3115737685246295	1.0	1.0	1.0	1.0	1.0	1.0	1.0	0.28008079878801817	1.0	1.0	1.0	1.0	0.6162695932601685	1.0	0.6723998280051598	0.11758206044848879	1.0	1.0	1.0	0.17840875569355072	0.09315267118322042	1.0	1.0	1.0	0.13030609081727548	0.12873613791586253	1.0
C21-C3-C3an-C3bb-C3ack-C3rc	1463850	1.0	0	1.0	1.0	1.0	0.7949130763038554	0.44749381265468363	0.3594528109437811	0.9604009899752506	1.0	0.7208755824883503	0.5676651317203898	1.0	0.7308753824923502	0.7221855562888743	0.7506962325941852	0.75037499250015	1.0	0.7949120508794912	0.7345139822902657	0.7456950860982781	0.7175042374364384	0.7949141017179656	0.6736548951765724	0.794915127121822	1.0	0.5600953966611169	0.5602531924042279	0.7440276791696249	1.0	1.0	1.0	0.6507004789856304	1.0	1.0	0.9583110422239444	0.6354609361719148
C21ef	1464290	1.0	1.0	0	1.0	1.0	1.0	1.0	1.0	1.0	1.0	1.0	1.0	1.0	1.0	1.0	1.0	1.0	1.0	1.0	1.0	1.0	1.0	1.0	1.0	1.0	1.0	1.0	1.0	1.0	1.0	1.0	1.0	1.0	1.0	1.0	1.0	1.0
C1/C1c-C1al-C1b-C42.2	1461239	0.09439716808495745	1.0	1.0	0	0.034464138396540084	1.0	1.0	1.0	0.12277631671049868	0.3101337973240535	1.0	1.0	1.0	1.0	1.0	1.0	1.0	0.2864007039894402	1.0	1.0	1.0	1.0	0.598040048998775	1.0	0.6541703748887533	0.12303192420189495	1.0	1.0	1.0	0.1587394441194558	0.06216344591385215	1.0	1.0	1.0	0.11695649130526084	0.11538653840384788	1.0
C1/C1c-C1al-C1b	1460842	0.11063223419414514	1.0	1.0	0.034464138396540084	0	1.0	1.0	1.0	0.13713157171070722	0.30111048334274987	1.0	1.0	1.0	1.0	1.0	1.0	1.0	0.3026369736302637	1.0	1.0	1.0	1.0	0.6162676746465071	1.0	0.6723981900452489	0.13926721465570688	1.0	1.0	1.0	0.16794496165115047	0.07839843203135938	1.0	1.0	1.0	0.1424014399640009	0.14083147921301967	1.0
C3-C3ag-C1bp	1463968	1.0	0.7949130763038554	1.0	1.0	1.0	0	0.50719985600288	0.7507137392939106	0.9604007919841603	1.0	0.20534191987120193	0.591352259432217	1.0	0.20534191987120193	0.20534191987120193	0.20534589308213835	0.20534191987120193	1.0	0.20533397333013334	0.20533794662053378	0.20534191987120193	0.20533794662053378	0.7142542861857072	0.20533794662053378	0.6813563728725426	1.0	0.6184314470565883	0.5820804479888003	0.20534986625334367	1.0	1.0	1.0	0.4284442888927777	1.0	1.0	0.9583108337833244	0.36175595610109745
C3/C3an/C21-C3bb-C3de-C3s	1463474	1.0	0.44749381265468363	1.0	1.0	1.0	0.50719985600288	0	0.2956776080597985	0.960401187964361	1.0	0.4331641708957276	0.3981040758369665	1.0	0.4431639209019774	0.43447413814654634	0.4629861104166875	0.46266343341416466	1.0	0.5071973920391194	0.44680106397872044	0.4579835504112397	0.4297914041719166	0.7142571435714107	0.3859422811543769	0.6813595592132236	1.0	0.4344526218951242	0.3987810426635068	0.43788967386141486	1.0	1.0	1.0	0.3629922952696656	1.0	1.0	0.9583112506624801	0.3308034218802342
C3an/C3-C21-C3bb	1460916	1.0	0.3594528109437811	1.0	1.0	1.0	0.7507137392939106	0.2956776080597985	0	0.9604009899752506	1.0	0.6766764664706706	0.6096336628218012	1.0	0.6866762664746705	0.6779864402711946	0.7064973375665609	0.7061758764824704	1.0	0.7507124928750712	0.6903146452803208	0.7014959700805984	0.6733049004264936	0.7507149857002859	0.6294555581666275	0.7507162320941977	1.0	0.6189033383831566	0.6195814125576232	0.6998290051298461	1.0	1.0	1.0	0.6065018049458516	1.0	1.0	0.9583110422239444	0.5912622621321361
C1/C1c/C3-C1b-C72k	1462971	0.11789646310610681	0.9604009899752506	1.0	0.12277631671049868	0.13713157171070722	0.9604007919841603	0.960401187964361	0.9604009899752506	0	0.30825383492330155	0.9604009899752506	0.9604015839366425	1.0	0.9604009899752506	0.9604009899752506	0.960401187964361	0.9604009899752506	0.2310515342269866	0.9604005939910901	0.9604007919841603	0.9604009899752506	0.9604007919841603	0.5766705832354191	0.9604007919841603	0.6328010159695209	0.042323941901452465	0.9604015839366425	0.9604013859514917	0.9604013859514917	0.15222967196148135	0.06713332166695833	1.0	0.9604013859514917	1.0	0.07164785056448307	0.07144785656430307	0.9604013859514917
C1/C1b	1460413	0.3115737685246295	1.0	1.0	0.3101337973240535	0.30111048334274987	1.0	1.0	1.0	0.30825383492330155	0	1.0	1.0	1.0	1.0	1.0	1.0	1.0	0.3440132799336003	1.0	1.0	1.0	1.0	0.6162657560136598	1.0	0.6723965520689587	0.31070033949490755	1.0	1.0	1.0	0.2635784105397365	0.3166502502462463	1.0	1.0	1.0	0.2907441851162977	0.2906841863162737	1.0
C3-C21-C3xs-C3an-C3yu	1463501	1.0	0.7208755824883503	1.0	1.0	1.0	0.20534191987120193	0.4331641708957276	0.6766764664706706	0.9604009899752506	1.0	0	0.5173168939087132	1.0	0.08795824083518329	0.06142877142457151	0.08768280792980175	0.07295854082918342	1.0	0.13142868571314287	0.08795368069478958	0.08795824083518329	0.08795368069478958	0.7142557148857023	0.1092733608995865	0.6813579660508488	1.0	0.544395946141885	0.5080447586572403	0.1224563263102107	1.0	1.0	1.0	0.3544093677189684	1.0	1.0	0.9583110422239444	0.28772136835894924
C3-C3de-C3bb-C21ae-C3s-C3an-C21-C3cl-C3xx	1463506	1.0	0.5676651317203898	1.0	1.0	1.0	0.591352259432217	0.3981040758369665	0.6096336628218012	0.9604015839366425	1.0	0.5173168939087132	0	1.0	0.5109871154509592	0.5186268480603179	0.5471381144754209	0.5468158614448494	1.0	0.5913502162445939	0.5436036918892433	0.5436059737909174	0.5436036918892433	0.7142600008999686	0.48169554913352597	0.6813627454901804	1.0	0.12353382330883456	0.09996050177742001	0.45402456889439974	1.0	1.0	1.0	0.4365653545590448	1.0	1.0	0.9583116675332987	0.43239554220060095
C3adm-C3adn-C3adx	1464019	1.0	1.0	1.0	1.0	1.0	1.0	1.0	1.0	1.0	1.0	1.0	1.0	0	1.0	1.0	1.0	1.0	1.0	1.0	1.0	1.0	1.0	1.0	1.0	1.0	1.0	1.0	1.0	1.0	1.0	1.0	0.17726234106488403	1.0	0.1856422153667695	1.0	1.0	1.0
C3-C21-C3cl-C3xx-C3xw	1463515	1.0	0.7308753824923502	1.0	1.0	1.0	0.20534191987120193	0.4431639209019774	0.6866762664746705	0.9604009899752506	1.0	0.08795824083518329	0.5109871154509592	1.0	0	0.060868782624347514	0.14434139146521338	0.10916781664366712	1.0	0.1051389486105139	0.04474432883506747	0.07736845263094738	0.041104383434248486	0.7142557148857023	0.1239631405528917	0.6813579660508488	1.0	0.5728749493767719	0.5315040548783536	0.073937781866544	1.0	1.0	1.0	0.3475695729128126	1.0	1.0	0.9583110422239444	0.297721068367949
C3-C21-C3hj-C3an	1463021	1.0	0.7221855562888743	1.0	1.0	1.0	0.20534191987120193	0.43447413814654634	0.6779864402711946	0.9604009899752506	1.0	0.06142877142457151	0.5186268480603179	1.0	0.060868782624347514	0	0.14434139146521338	0.0748285034299314	1.0	0.1070589294107059	0.026524602130968036	0.046049079018419634	0.06086408703869442	0.7142557148857023	0.11058334124988126	0.6813579660508488	1.0	0.5463458778942737	0.5093547193584193	0.11973640790776277	1.0	1.0	1.0	0.3557193284201474	1.0	1.0	0.9583110422239444	0.2890313290601282
C3-C3xs-C21-C3zt-C3yu	1463024	1.0	0.7506962325941852	1.0	1.0	1.0	0.20534589308213835	0.4629861104166875	0.7064973375665609	0.960401187964361	1.0	0.08768280792980175	0.5471381144754209	1.0	0.14434139146521338	0.14434139146521338	0	0.10503237419064523	1.0	0.18855217171742425	0.14433711325773485	0.14434139146521338	0.14433711325773485	0.7142571435714107	0.14433711325773485	0.6813595592132236	1.0	0.5742170313187472	0.5378661746838861	0.1443499477518287	1.0	1.0	1.0	0.38423155189568364	1.0	1.0	0.9583112506624801	0.31754388596399125
C3-C3hj-C21-C3xs	1463026	1.0	0.75037499250015	1.0	1.0	1.0	0.20534191987120193	0.46266343341416466	0.7061758764824704	0.9604009899752506	1.0	0.07295854082918342	0.5468158614448494	1.0	0.10916781664366712	0.0748285034299314	0.10503237419064523	0	1.0	0.15369846301536985	0.06932396014059788	0.05993880122397552	0.10916336254956176	0.7142557148857023	0.1387729184062239	0.6813579660508488	1.0	0.5738949136780213	0.5375438736837895	0.12139635810925672	1.0	1.0	1.0	0.38390848274551764	1.0	1.0	0.9583110422239444	0.3172204833854984
C1	1464065	0.28008079878801817	1.0	1.0	0.2864007039894402	0.3026369736302637	1.0	1.0	1.0	0.2310515342269866	0.3440132799336003	1.0	1.0	1.0	1.0	1.0	1.0	1.0	0	1.0	1.0	1.0	1.0	0.6162638373616264	1.0	0.6723949140762888	0.1890381096189038	1.0	1.0	1.0	0.3160636787264255	0.24634753652463476	1.0	1.0	1.0	0.25069123963140555	0.265711014334785	1.0
C3	1464066	1.0	0.7949120508794912	1.0	1.0	1.0	0.20533397333013334	0.5071973920391194	0.7507124928750712	0.9604005939910901	1.0	0.13142868571314287	0.5913502162445939	1.0	0.1051389486105139	0.1070589294107059	0.18855217171742425	0.15369846301536985	1.0	0	0.10023449882750586	0.12657873421265786	0.09930450347748261	0.7142528574714253	0.1833040834795826	0.6813547796783048	1.0	0.6184295392615184	0.5820783584328313	0.16592668146637068	1.0	1.0	1.0	0.42844143117137656	1.0	1.0	0.9583106253406198	0.3617527649447011
C3-C21-C3hj	1461514	1.0	0.7345139822902657	1.0	1.0	1.0	0.20533794662053378	0.44680106397872044	0.6903146452803208	0.9604007919841603	1.0	0.08795368069478958	0.5436036918892433	1.0	0.04474432883506747	0.026524602130968036	0.14433711325773485	0.06932396014059788	1.0	0.10023449882750586	0	0.037524437133443	0.03983960160398396	0.7142542861857072	0.12395876041239588	0.6813563728725426	1.0	0.5728728138155855	0.5315017124571886	0.11504212394690133	1.0	1.0	1.0	0.36804579885502864	1.0	1.0	0.9583108337833244	0.3013574660633484
C3-C3hj-C21-C3yr	1461515	1.0	0.7456950860982781	1.0	1.0	1.0	0.20534191987120193	0.4579835504112397	0.7014959700805984	0.9604009899752506	1.0	0.08795824083518329	0.5436059737909174	1.0	0.07736845263094738	0.046049079018419634	0.14434139146521338	0.05993880122397552	1.0	0.12657873421265786	0.037524437133443	0	0.07736383954240686	0.7142557148857023	0.1340929886051709	0.6813579660508488	1.0	0.5728749493767719	0.5328640140795776	0.11671649850504486	1.0	1.0	1.0	0.3792286231413058	1.0	1.0	0.9583110422239444	0.31254062378128655
C3/C21-C3b	1460493	1.0	0.7175042374364384	1.0	1.0	1.0	0.20533794662053378	0.4297914041719166	0.6733049004264936	0.9604007919841603	1.0	0.08795368069478958	0.5436036918892433	1.0	0.041104383434248486	0.06086408703869442	0.14433711325773485	0.10916336254956176	1.0	0.09930450347748261	0.03983960160398396	0.07736383954240686	0	0.7142542861857072	0.10205897941020589	0.6813563728725426	1.0	0.5728728138155855	0.5315017124571886	0.11504212394690133	1.0	1.0	1.0	0.3291367715807105	1.0	1.0	0.9583108337833244	0.263198420039499
C1/C42.2/C3	1461527	0.6162695932601685	0.7949141017179656	1.0	0.598040048998775	0.6162676746465071	0.7142542861857072	0.7142571435714107	0.7507149857002859	0.5766705832354191	0.6162657560136598	0.7142557148857023	0.7142600008999686	1.0	0.7142557148857023	0.7142557148857023	0.7142571435714107	0.7142557148857023	0.6162638373616264	0.7142528574714253	0.7142542861857072	0.7142557148857023	0.7142542861857072	0	0.7142542861857072	0.2514387140321492	0.6162676746465071	0.7142600008999686	0.7142585722428327	0.7142585722428327	0.5744627661170165	0.6162676746465071	1.0	0.7142585722428327	1.0	0.5794005149871253	0.5445113872153197	0.7142585722428327
C3-C3b-C3an-C21	1461536	1.0	0.6736548951765724	1.0	1.0	1.0	0.20533794662053378	0.3859422811543769	0.6294555581666275	0.9604007919841603	1.0	0.1092733608995865	0.48169554913352597	1.0	0.1239631405528917	0.11058334124988126	0.14433711325773485	0.1387729184062239	1.0	0.1833040834795826	0.12395876041239588	0.1340929886051709	0.10205897941020589	0.7142542861857072	0	0.6813563728725426	1.0	0.517664470065898	0.4819929501762456	0.1324316892077698	1.0	1.0	1.0	0.2640183995400115	1.0	1.0	0.9583108337833244	0.19559011024724382
C1/C3-C42.2-C3gl-C3gm-C1dl	1461547	0.6723998280051598	0.794915127121822	1.0	0.6541703748887533	0.6723981900452489	0.6813563728725426	0.6813595592132236	0.7507162320941977	0.6328010159695209	0.6723965520689587	0.6813579660508488	0.6813627454901804	1.0	0.6813579660508488	0.6813579660508488	0.6813595592132236	0.6813579660508488	0.6723949140762888	0.6813547796783048	0.6813563728725426	0.6813579660508488	0.6813563728725426	0.2514387140321492	0.6813563728725426	0	0.6723981900452489	0.6813627454901804	0.6813611523596674	0.6813611523596674	0.6305929292474763	0.6723981900452489	1.0	0.6813611523596674	1.0	0.6355309340719778	0.6006419807405777	0.6813611523596674
C1-C1c-C1b-C72k	1460535	0.11758206044848879	1.0	1.0	0.12303192420189495	0.13926721465570688	1.0	1.0	1.0	0.042323941901452465	0.31070033949490755	1.0	1.0	1.0	1.0	1.0	1.0	1.0	0.1890381096189038	1.0	1.0	1.0	1.0	0.6162676746465071	1.0	0.6723981900452489	0	1.0	1.0	1.0	0.15467535973920782	0.06681866362672746	1.0	1.0	1.0	0.0743731406714832	0.1134921626959326	1.0
C3/C3bb-C3de-C21ae-C3s-C3an-C21-C3dk-C3abv	1462585	1.0	0.5600953966611169	1.0	1.0	1.0	0.6184314470565883	0.4344526218951242	0.6189033383831566	0.9604015839366425	1.0	0.544395946141885	0.12353382330883456	1.0	0.5728749493767719	0.5463458778942737	0.5742170313187472	0.5738949136780213	1.0	0.6184295392615184	0.5728728138155855	0.5728749493767719	0.5728728138155855	0.7142600008999686	0.517664470065898	0.6813627454901804	1.0	0	0.04532296046677899	0.547290371933263	1.0	1.0	1.0	0.5176717047732852	1.0	1.0	0.9583116675332987	0.4635641396137174
C3/C3bb-C3de-C21ae-C3s-C21-C3an-C3dk	1462584	1.0	0.5602531924042279	1.0	1.0	1.0	0.5820804479888003	0.3987810426635068	0.6195814125576232	0.9604013859514917	1.0	0.5080447586572403	0.09996050177742001	1.0	0.5315040548783536	0.5093547193584193	0.5378661746838861	0.5375438736837895	1.0	0.5820783584328313	0.5315017124571886	0.5328640140795776	0.5315017124571886	0.7142585722428327	0.4819929501762456	0.6813611523596674	1.0	0.04532296046677899	0	0.5059197632094716	1.0	1.0	1.0	0.48200071997120114	1.0	1.0	0.9583114590989316	0.4278928842846286
C3/C21-C3xx-C3cl-C3de-C3xw	1462597	1.0	0.7440276791696249	1.0	1.0	1.0	0.20534986625334367	0.43788967386141486	0.6998290051298461	0.9604013859514917	1.0	0.1224563263102107	0.45402456889439974	1.0	0.073937781866544	0.11973640790776277	0.1443499477518287	0.12139635810925672	1.0	0.16592668146637068	0.11504212394690133	0.11671649850504486	0.11504212394690133	0.7142585722428327	0.1324316892077698	0.6813611523596674	1.0	0.547290371933263	0.5059197632094716	0	1.0	1.0	1.0	0.34630614775408985	1.0	1.0	0.9583114590989316	0.3108775648974041
C1-C1c-C1b-C42.2-C1bh-C72k-C1br-C1cb	1461579	0.17840875569355072	1.0	1.0	0.1587394441194558	0.16794496165115047	1.0	1.0	1.0	0.15222967196148135	0.2635784105397365	1.0	1.0	1.0	1.0	1.0	1.0	1.0	0.3160636787264255	1.0	1.0	1.0	1.0	0.5744627661170165	1.0	0.6305929292474763	0.15467535973920782	1.0	1.0	1.0	0	0.16137515874523764	1.0	1.0	1.0	0.09785157519486817	0.10573129940452085	1.0
C1-C1c-C1al-C1b-C72k	1461161	0.09315267118322042	1.0	1.0	0.06216344591385215	0.07839843203135938	1.0	1.0	1.0	0.06713332166695833	0.3166502502462463	1.0	1.0	1.0	1.0	1.0	1.0	1.0	0.24634753652463476	1.0	1.0	1.0	1.0	0.6162676746465071	1.0	0.6723981900452489	0.06681866362672746	1.0	1.0	1.0	0.16137515874523764	0	1.0	1.0	1.0	0.08388290292742681	0.11944201394965126	1.0
C3adm-C3adn-C3adw	1463756	1.0	1.0	1.0	1.0	1.0	1.0	1.0	1.0	1.0	1.0	1.0	1.0	0.17726234106488403	1.0	1.0	1.0	1.0	1.0	1.0	1.0	1.0	1.0	1.0	1.0	1.0	1.0	1.0	1.0	1.0	1.0	1.0	0	1.0	0.10472790544189116	1.0	1.0	1.0
C3-C3fc-C21-C3cl-C3an-C3b	1463231	1.0	0.6507004789856304	1.0	1.0	1.0	0.4284442888927777	0.3629922952696656	0.6065018049458516	0.9604013859514917	1.0	0.3544093677189684	0.4365653545590448	1.0	0.3475695729128126	0.3557193284201474	0.38423155189568364	0.38390848274551764	1.0	0.42844143117137656	0.36804579885502864	0.3792286231413058	0.3291367715807105	0.7142585722428327	0.2640183995400115	0.6813611523596674	1.0	0.5176717047732852	0.48200071997120114	0.34630614775408985	1.0	1.0	1.0	0	1.0	1.0	0.9583114590989316	0.15676372945082195
C3adm-C3adn-C3ado-C3adp	1463757	1.0	1.0	1.0	1.0	1.0	1.0	1.0	1.0	1.0	1.0	1.0	1.0	0.1856422153667695	1.0	1.0	1.0	1.0	1.0	1.0	1.0	1.0	1.0	1.0	1.0	1.0	1.0	1.0	1.0	1.0	1.0	1.0	0.10472790544189116	1.0	0	1.0	1.0	1.0
C1-C1c-C1b-C72k-C42.2	1460693	0.13030609081727548	1.0	1.0	0.11695649130526084	0.1424014399640009	1.0	1.0	1.0	0.07164785056448307	0.2907441851162977	1.0	1.0	1.0	1.0	1.0	1.0	1.0	0.25069123963140555	1.0	1.0	1.0	1.0	0.5794005149871253	1.0	0.6355309340719778	0.0743731406714832	1.0	1.0	1.0	0.09785157519486817	0.08388290292742681	1.0	1.0	1.0	0	0.06503804885853424	1.0
C1-C1c-C1b-C3-C42.2-C1bh	1460686	0.12873613791586253	0.9583110422239444	1.0	0.11538653840384788	0.14083147921301967	0.9583108337833244	0.9583112506624801	0.9583110422239444	0.07144785656430307	0.2906841863162737	0.9583110422239444	0.9583116675332987	1.0	0.9583110422239444	0.9583110422239444	0.9583112506624801	0.9583110422239444	0.265711014334785	0.9583106253406198	0.9583108337833244	0.9583110422239444	0.9583108337833244	0.5445113872153197	0.9583108337833244	0.6006419807405777	0.1134921626959326	0.9583116675332987	0.9583114590989316	0.9583114590989316	0.10573129940452085	0.11944201394965126	1.0	0.9583114590989316	1.0	0.06503804885853424	0	0.9583114590989316
C3-C3fc-C21-C3an-C3b-C3fd-C3s-C3bb	1461205	1.0	0.6354609361719148	1.0	1.0	1.0	0.36175595610109745	0.3308034218802342	0.5912622621321361	0.9604013859514917	1.0	0.28772136835894924	0.43239554220060095	1.0	0.297721068367949	0.2890313290601282	0.31754388596399125	0.3172204833854984	1.0	0.3617527649447011	0.3013574660633484	0.31254062378128655	0.263198420039499	0.7142585722428327	0.19559011024724382	0.6813611523596674	1.0	0.4635641396137174	0.4278928842846286	0.3108775648974041	1.0	1.0	1.0	0.15676372945082195	1.0	1.0	0.9583114590989316	0
