C1-C1c-C1b-C1ao-C1am-C1an	1461277	0	1.0	1.0	0.26131846703832406	0.2613147737045259	1.0	1.0	1.0	0.2642283942901427	0.4649107017859643	1.0	1.0	1.0	1.0	1.0	1.0	1.0	0.5573166402503963	1.0	1.0	1.0	1.0	0.6272174556508869	1.0	0.742267731968041	0.26131846703832406	1.0	1.0	1.0	0.3837684869453916	0.26132216033518996	1.0	1.0	1.0	0.27992800179995503	0.2853214403567893	1.0
C21-C3-C3an-C3bb-C3ack-C3rc	1463850	1.0	0	1.0	1.0	1.0	0.8039539209215816	0.3613459663508412	0.27789805254868627	0.9035219295614088	1.0	0.5719607009824754	0.5096396144154234	1.0	0.6439271214575708	0.5545189096218076	0.682727931801705	0.6712365752684947	1.0	0.8039519604803952	0.6269855952160718	0.6614567708645827	0.6253756193657095	0.8039529407058894	0.5141897162056759	0.8039549011274718	1.0	0.5053523661908452	0.49049528514144575	0.6821879453013675	1.0	1.0	1.0	0.5579032629021129	1.0	1.0	0.9036724081897952	0.5122570710025149
C21ef	1464290	1.0	1.0	0	1.0	1.0	1.0	1.0	1.0	1.0	1.0	1.0	1.0	1.0	1.0	1.0	1.0	1.0	1.0	1.0	1.0	1.0	1.0	1.0	1.0	1.0	1.0	1.0	1.0	1.0	1.0	1.0	1.0	1.0	1.0	1.0	1.0	1.0
C1/C1c-C1al-C1b-C42.2	1461239	0.26131846703832406	1.0	1.0	0	0.07321390179147312	1.0	1.0	1.0	0.22952540949181016	0.43020854687179694	1.0	1.0	1.0	1.0	1.0	1.0	1.0	0.5307746922530775	1.0	1.0	1.0	1.0	0.5539966900496492	1.0	0.6690482737931551	0.20752584948301034	1.0	1.0	1.0	0.3023874403139922	0.11246218844528887	1.0	1.0	1.0	0.17200655986880262	0.1938001549961251	1.0
C1/C1c-C1al-C1b	1460842	0.2613147737045259	1.0	1.0	0.07321390179147312	0	1.0	1.0	1.0	0.2014719779203312	0.3920360796392036	1.0	1.0	1.0	1.0	1.0	1.0	1.0	0.5085924570377148	1.0	1.0	1.0	1.0	0.6272137278627213	1.0	0.742265154696906	0.17688234676479853	1.0	1.0	1.0	0.35961280774384513	0.09027819443611128	1.0	1.0	1.0	0.2175417368739469	0.251494970100598	1.0
C3-C3ag-C1bp	1463968	1.0	0.8039539209215816	1.0	1.0	1.0	0	0.6314892127696807	0.7208269793255169	0.9035219295614088	1.0	0.4291542711432214	0.765909363625455	1.0	0.4000519989600208	0.4000519989600208	0.4760730981725457	0.41802163956720867	1.0	0.4000459995400046	0.40004899926501103	0.4000519989600208	0.40004899926501103	0.7072243916341255	0.41741165176696465	0.7446263843403915	1.0	0.7730056748581285	0.7499975000749978	0.48433289167770804	1.0	1.0	1.0	0.6508404747857565	1.0	1.0	0.9036724081897952	0.6516821911233107
C3/C3an/C21-C3bb-C3de-C3s	1463474	1.0	0.3613459663508412	1.0	1.0	1.0	0.6314892127696807	0	0.22027339179824607	0.9035224119397015	1.0	0.39949801505954824	0.3693183806728697	1.0	0.47807304817379564	0.38205544861378465	0.5102646920592382	0.49877253068673283	1.0	0.6314855277170842	0.47807043859122816	0.4889927751806205	0.47807043859122816	0.7072258554828903	0.34172645683857905	0.7446276611701649	1.0	0.3825985220443387	0.35132270370537033	0.443936681899543	1.0	1.0	1.0	0.40479083232086877	1.0	1.0	0.9036728898133056	0.29497820087196513
C3an/C3-C21-C3bb	1460916	1.0	0.27789805254868627	1.0	1.0	1.0	0.7208269793255169	0.22027339179824607	0	0.9035224119397015	1.0	0.4888353349399518	0.5002524886380113	1.0	0.5608009799755006	0.47139321516962074	0.5996020119396418	0.5881102972425689	1.0	0.7208241876371855	0.5438591228175437	0.5783305417364566	0.5422491550168996	0.7208255834883303	0.43106422339441514	0.7446276611701649	1.0	0.5135345939621812	0.4822581209657662	0.5990620281391559	1.0	1.0	1.0	0.4747783827566035	1.0	1.0	0.9036728898133056	0.42913283468661256
C1/C1c/C3-C1b-C72k	1462971	0.2642283942901427	0.9035219295614088	1.0	0.22952540949181016	0.2014719779203312	0.9035219295614088	0.9035224119397015	0.9035224119397015	0	0.38891916621250683	0.9035224119397015	0.9035238590456381	1.0	0.9035219295614088	0.9035219295614088	0.9035224119397015	0.9035219295614088	0.4953550464495355	0.903520964790352	0.9035214471782923	0.9035219295614088	0.9035214471782923	0.5307370389444158	0.9035219295614088	0.6457888552786181	0.09647807043859123	0.9035224119397015	0.9035228943131706	0.9035224119397015	0.3009974750631234	0.12489187770305743	1.0	0.9035228943131706	1.0	0.1359072818543629	0.16482087947801305	0.9035233766818161
C1/C1b	1460413	0.4649107017859643	1.0	1.0	0.43020854687179694	0.3920360796392036	1.0	1.0	1.0	0.38891916621250683	0	1.0	1.0	1.0	1.0	1.0	1.0	1.0	0.41285293573532134	1.0	1.0	1.0	1.0	0.6272137278627213	1.0	0.742265154696906	0.3212901806472903	1.0	1.0	1.0	0.493710125797484	0.4098318033639327	1.0	1.0	1.0	0.39459908101378477	0.43109137817243653	1.0
C3-C21-C3xs-C3an-C3yu	1463501	1.0	0.5719607009824754	1.0	1.0	1.0	0.4291542711432214	0.39949801505954824	0.4888353349399518	0.9035224119397015	1.0	0	0.5953282102305396	1.0	0.30268743281417965	0.19716007099822505	0.15768526944191674	0.18911027224319393	1.0	0.42914856277155844	0.3026839463210736	0.30268743281417965	0.3026839463210736	0.7072258554828903	0.19716007099822505	0.7446276611701649	1.0	0.6086117416477506	0.5773347932822351	0.3625691229263122	1.0	1.0	1.0	0.41885034023809165	1.0	1.0	0.9036728898133056	0.42868285268589257
C3-C3de-C3bb-C21ae-C3s-C3an-C21-C3cl-C3xx	1463506	1.0	0.5096396144154234	1.0	1.0	1.0	0.765909363625455	0.3693183806728697	0.5002524886380113	0.9035238590456381	1.0	0.5953282102305396	0	1.0	0.5389284428622855	0.5953261869525219	0.6862241199146039	0.686222551097956	1.0	0.7659070227893163	0.6862209822656207	0.686222551097956	0.6862209822656207	0.7659081932132376	0.5953261869525219	0.7659105340259689	1.0	0.16056777445014975	0.15231238438078096	0.4534745936432861	1.0	1.0	1.0	0.5190340482975851	1.0	1.0	0.9036743346549405	0.454639994800286
C3adm-C3adn-C3adx	1464019	1.0	1.0	1.0	1.0	1.0	1.0	1.0	1.0	1.0	1.0	1.0	1.0	0	1.0	1.0	1.0	1.0	1.0	1.0	1.0	1.0	1.0	1.0	1.0	1.0	1.0	1.0	1.0	1.0	1.0	1.0	0.23517529649407012	1.0	0.2617047659046819	1.0	1.0	1.0
C3-C21-C3cl-C3xx-C3xw	1463515	1.0	0.6439271214575708	1.0	1.0	1.0	0.4000519989600208	0.47807304817379564	0.5608009799755006	0.9035219295614088	1.0	0.30268743281417965	0.5389284428622855	1.0	0	0.24076518469630606	0.35484612884677885	0.2853042939141217	1.0	0.38261617383826163	0.22259166112508313	0.249095018099638	0.22259166112508313	0.7072243916341255	0.26738465230695385	0.7446263843403915	1.0	0.694697632559186	0.6632001039968801	0.13997150071248218	1.0	1.0	1.0	0.43575692729218124	1.0	1.0	0.9036724081897952	0.5319163829265976
C3-C21-C3hj-C3an	1463021	1.0	0.5545189096218076	1.0	1.0	1.0	0.4000519989600208	0.38205544861378465	0.47139321516962074	0.9035219295614088	1.0	0.19716007099822505	0.5953261869525219	1.0	0.24076518469630606	0	0.35484612884677885	0.16746665066698666	1.0	0.36726632733672665	0.10757338639920401	0.13189736205275895	0.2254116188257176	0.7072243916341255	0.16797664046719066	0.7446263843403915	1.0	0.6086097847553811	0.5773326800195994	0.3625659358516037	1.0	1.0	1.0	0.40943771686849395	1.0	1.0	0.9036724081897952	0.428679996200133
C3-C3xs-C21-C3zt-C3yu	1463024	1.0	0.682727931801705	1.0	1.0	1.0	0.4760730981725457	0.5102646920592382	0.5996020119396418	0.9035224119397015	1.0	0.15768526944191674	0.6862241199146039	1.0	0.35484612884677885	0.35484612884677885	0	0.23286917827054324	1.0	0.4760678589821153	0.35484290314193717	0.35484612884677885	0.35484290314193717	0.7072258554828903	0.35484612884677885	0.7446276611701649	1.0	0.6946991590252293	0.6632017879374222	0.3631091067267982	1.0	1.0	1.0	0.5296164634237802	1.0	1.0	0.9036728898133056	0.5319187232510699
C3-C3hj-C21-C3xs	1463026	1.0	0.6712365752684947	1.0	1.0	1.0	0.41802163956720867	0.49877253068673283	0.5881102972425689	0.9035219295614088	1.0	0.18911027224319393	0.686222551097956	1.0	0.2853042939141217	0.16746665066698666	0.23286917827054324	0	1.0	0.4180158198418016	0.14809277860832087	0.14229715405691887	0.28530072048919264	0.7072243916341255	0.2853042939141217	0.7446263843403915	1.0	0.694697632559186	0.6632001039968801	0.3625659358516037	1.0	1.0	1.0	0.518124456266312	1.0	1.0	0.9036724081897952	0.5319163829265976
C1	1464065	0.5573166402503963	1.0	1.0	0.5307746922530775	0.5085924570377148	1.0	1.0	1.0	0.4953550464495355	0.41285293573532134	1.0	1.0	1.0	1.0	1.0	1.0	1.0	0	1.0	1.0	1.0	1.0	0.6272118639406803	1.0	0.7422638660420093	0.43031569684303156	1.0	1.0	1.0	0.6203856942145868	0.5025674614880776	1.0	1.0	1.0	0.5190848091519085	0.5471767923481148	1.0
C3	1464066	1.0	0.8039519604803952	1.0	1.0	1.0	0.4000459995400046	0.6314855277170842	0.7208241876371855	0.903520964790352	1.0	0.42914856277155844	0.7659070227893163	1.0	0.38261617383826163	0.36726632733672665	0.4760678589821153	0.4180158198418016	1.0	0	0.31417342913285434	0.39158608413915863	0.2864035679821601	0.7072214638926806	0.4174058259417406	0.7446238306425403	1.0	0.7730034049489257	0.749995000099998	0.48432773508397375	1.0	1.0	1.0	0.6508369832603348	1.0	1.0	0.9036714449283261	0.6516787080322992
C3-C21-C3hj	1461514	1.0	0.6269855952160718	1.0	1.0	1.0	0.40004899926501103	0.47807043859122816	0.5438591228175437	0.9035214471782923	1.0	0.3026839463210736	0.6862209822656207	1.0	0.22259166112508313	0.10757338639920401	0.35484290314193717	0.14809277860832087	1.0	0.31417342913285434	0	0.11188332175017375	0.13720862791372088	0.7072229277707223	0.26738098928516074	0.74462510749785	1.0	0.6946961060778785	0.663198420039499	0.3625627487450251	1.0	1.0	1.0	0.5170120746981326	1.0	1.0	0.9036719265614688	0.5319140425787227
C3-C3hj-C21-C3yr	1461515	1.0	0.6614567708645827	1.0	1.0	1.0	0.4000519989600208	0.4889927751806205	0.5783305417364566	0.9035219295614088	1.0	0.30268743281417965	0.686222551097956	1.0	0.249095018099638	0.13189736205275895	0.35484612884677885	0.14229715405691887	1.0	0.39158608413915863	0.11188332175017375	0	0.24909126363104553	0.7072243916341255	0.2749145017099658	0.7446263843403915	1.0	0.694697632559186	0.6632001039968801	0.3625659358516037	1.0	1.0	1.0	0.517014489565313	1.0	1.0	0.9036724081897952	0.5319163829265976
C3/C21-C3b	1460493	1.0	0.6253756193657095	1.0	1.0	1.0	0.40004899926501103	0.47807043859122816	0.5422491550168996	0.9035214471782923	1.0	0.3026839463210736	0.6862209822656207	1.0	0.22259166112508313	0.2254116188257176	0.35484290314193717	0.28530072048919264	1.0	0.2864035679821601	0.13720862791372088	0.24909126363104553	0	0.7072229277707223	0.15955260671089933	0.74462510749785	1.0	0.6946961060778785	0.663198420039499	0.3625627487450251	1.0	1.0	1.0	0.41882452938676534	1.0	1.0	0.9036719265614688	0.4387868363949082
C1/C42.2/C3	1461527	0.6272174556508869	0.8039529407058894	1.0	0.5539966900496492	0.6272137278627213	0.7072243916341255	0.7072258554828903	0.7208255834883303	0.5307370389444158	0.6272137278627213	0.7072258554828903	0.7659081932132376	1.0	0.7072243916341255	0.7072243916341255	0.7072258554828903	0.7072243916341255	0.6272118639406803	0.7072214638926806	0.7072229277707223	0.7072243916341255	0.7072229277707223	0	0.7072243916341255	0.3351632967340653	0.6272155917661235	0.7730045399092018	0.7499962500937477	0.7072258554828903	0.5373892522149557	0.6272174556508869	1.0	0.7072273193170171	1.0	0.5283370749438758	0.4468810623787524	0.707228783136506
C3-C3b-C3an-C21	1461536	1.0	0.5141897162056759	1.0	1.0	1.0	0.41741165176696465	0.34172645683857905	0.43106422339441514	0.9035219295614088	1.0	0.19716007099822505	0.5953261869525219	1.0	0.26738465230695385	0.16797664046719066	0.35484612884677885	0.2853042939141217	1.0	0.4174058259417406	0.26738098928516074	0.2749145017099658	0.15955260671089933	0.7072243916341255	0	0.7446263843403915	1.0	0.6086097847553811	0.5773326800195994	0.3625659358516037	1.0	1.0	1.0	0.3066008019759407	1.0	1.0	0.9036724081897952	0.33555325563605276
C1/C3-C42.2-C3gl-C3gm-C1dl	1461547	0.742267731968041	0.8039549011274718	1.0	0.6690482737931551	0.742265154696906	0.7446263843403915	0.7446276611701649	0.7446276611701649	0.6457888552786181	0.742265154696906	0.7446276611701649	0.7659105340259689	1.0	0.7446263843403915	0.7446263843403915	0.7446276611701649	0.7446263843403915	0.7422638660420093	0.7446238306425403	0.74462510749785	0.7446263843403915	0.74462510749785	0.3351632967340653	0.7446263843403915	0	0.7422664433389166	0.7730068097957061	0.7499987500437485	0.7446276611701649	0.6524404267871964	0.742267731968041	1.0	0.7446289379871704	1.0	0.6433889152771181	0.5619331420057398	0.7446302147914083
C1-C1c-C1b-C72k	1460535	0.26131846703832406	1.0	1.0	0.20752584948301034	0.17688234676479853	1.0	1.0	1.0	0.09647807043859123	0.3212901806472903	1.0	1.0	1.0	1.0	1.0	1.0	1.0	0.43031569684303156	1.0	1.0	1.0	1.0	0.6272155917661235	1.0	0.7422664433389166	0	1.0	1.0	1.0	0.2984075398115047	0.10289242768930777	1.0	1.0	1.0	0.126467470650587	0.25855853603659906	1.0
C3/C3bb-C3de-C21ae-C3s-C3an-C21-C3dk-C3abv	1462585	1.0	0.5053523661908452	1.0	1.0	1.0	0.7730056748581285	0.3825985220443387	0.5135345939621812	0.9035224119397015	1.0	0.6086117416477506	0.16056777445014975	1.0	0.694697632559186	0.6086097847553811	0.6946991590252293	0.694697632559186	1.0	0.7730034049489257	0.6946961060778785	0.694697632559186	0.6946961060778785	0.7730045399092018	0.6086097847553811	0.7730068097957061	1.0	0	0.05123320683776068	0.6092417227483176	1.0	1.0	1.0	0.6086136985205518	1.0	1.0	0.9036728898133056	0.46792128314867404
C3/C3bb-C3de-C21ae-C3s-C21-C3an-C3dk	1462584	1.0	0.49049528514144575	1.0	1.0	1.0	0.7499975000749978	0.35132270370537033	0.4822581209657662	0.9035228943131706	1.0	0.5773347932822351	0.15231238438078096	1.0	0.6632001039968801	0.5773326800195994	0.6632017879374222	0.6632001039968801	1.0	0.749995000099998	0.663198420039499	0.6632001039968801	0.663198420039499	0.7499962500937477	0.5773326800195994	0.7499987500437485	1.0	0.05123320683776068	0	0.5777447789327373	1.0	1.0	1.0	0.577336906523739	1.0	1.0	0.9036733714319999	0.4366453509592068
C3/C21-C3xx-C3cl-C3de-C3xw	1462597	1.0	0.6821879453013675	1.0	1.0	1.0	0.48433289167770804	0.443936681899543	0.5990620281391559	0.9035224119397015	1.0	0.3625691229263122	0.4534745936432861	1.0	0.13997150071248218	0.3625659358516037	0.3631091067267982	0.3625659358516037	1.0	0.48432773508397375	0.3625627487450251	0.3625659358516037	0.3625627487450251	0.7072258554828903	0.3625659358516037	0.7446276611701649	1.0	0.6092417227483176	0.5777447789327373	0	1.0	1.0	1.0	0.4345097921572745	1.0	1.0	0.9036728898133056	0.5319187232510699
C1-C1c-C1b-C42.2-C1bh-C72k-C1br-C1cb	1461579	0.3837684869453916	1.0	1.0	0.3023874403139922	0.35961280774384513	1.0	1.0	1.0	0.3009974750631234	0.493710125797484	1.0	1.0	1.0	1.0	1.0	1.0	1.0	0.6203856942145868	1.0	1.0	1.0	1.0	0.5373892522149557	1.0	0.6524404267871964	0.2984075398115047	1.0	1.0	1.0	0	0.3147005589832305	1.0	1.0	1.0	0.1931201719957001	0.20649380518584443	1.0
C1-C1c-C1al-C1b-C72k	1461161	0.26132216033518996	1.0	1.0	0.11246218844528887	0.09027819443611128	1.0	1.0	1.0	0.12489187770305743	0.4098318033639327	1.0	1.0	1.0	1.0	1.0	1.0	1.0	0.5025674614880776	1.0	1.0	1.0	1.0	0.6272174556508869	1.0	0.742267731968041	0.10289242768930777	1.0	1.0	1.0	0.3147005589832305	0	1.0	1.0	1.0	0.15711107222319443	0.2748517544473666	1.0
C3adm-C3adn-C3adw	1463756	1.0	1.0	1.0	1.0	1.0	1.0	1.0	1.0	1.0	1.0	1.0	1.0	0.23517529649407012	1.0	1.0	1.0	1.0	1.0	1.0	1.0	1.0	1.0	1.0	1.0	1.0	1.0	1.0	1.0	1.0	1.0	1.0	0	1.0	0.253394932101358	1.0	1.0	1.0
C3-C3fc-C21-C3cl-C3an-C3b	1463231	1.0	0.5579032629021129	1.0	1.0	1.0	0.6508404747857565	0.40479083232086877	0.4747783827566035	0.9035228943131706	1.0	0.41885034023809165	0.5190340482975851	1.0	0.43575692729218124	0.40943771686849395	0.5296164634237802	0.518124456266312	1.0	0.6508369832603348	0.5170120746981326	0.517014489565313	0.41882452938676534	0.7072273193170171	0.3066008019759407	0.7446289379871704	1.0	0.6086136985205518	0.577336906523739	0.4345097921572745	1.0	1.0	1.0	0	1.0	1.0	0.9036733714319999	0.2162352694128764
C3adm-C3adn-C3ado-C3adp	1463757	1.0	1.0	1.0	1.0	1.0	1.0	1.0	1.0	1.0	1.0	1.0	1.0	0.2617047659046819	1.0	1.0	1.0	1.0	1.0	1.0	1.0	1.0	1.0	1.0	1.0	1.0	1.0	1.0	1.0	1.0	1.0	1.0	0.253394932101358	1.0	0	1.0	1.0	1.0
C1-C1c-C1b-C72k-C42.2	1460693	0.27992800179995503	1.0	1.0	0.17200655986880262	0.2175417368739469	1.0	1.0	1.0	0.1359072818543629	0.39459908101378477	1.0	1.0	1.0	1.0	1.0	1.0	1.0	0.5190848091519085	1.0	1.0	1.0	1.0	0.5283370749438758	1.0	0.6433889152771181	0.126467470650587	1.0	1.0	1.0	0.1931201719957001	0.15711107222319443	1.0	1.0	1.0	0	0.16749081272968175	1.0
C1-C1c-C1b-C3-C42.2-C1bh	1460686	0.2853214403567893	0.9036724081897952	1.0	0.1938001549961251	0.251494970100598	0.9036724081897952	0.9036728898133056	0.9036728898133056	0.16482087947801305	0.43109137817243653	0.9036728898133056	0.9036743346549405	1.0	0.9036724081897952	0.9036724081897952	0.9036728898133056	0.9036724081897952	0.5471767923481148	0.9036714449283261	0.9036719265614688	0.9036724081897952	0.9036719265614688	0.4468810623787524	0.9036724081897952	0.5619331420057398	0.25855853603659906	0.9036728898133056	0.9036733714319999	0.9036728898133056	0.20649380518584443	0.2748517544473666	1.0	0.9036733714319999	1.0	0.16749081272968175	0	0.9036738530458782
C3-C3fc-C21-C3an-C3b-C3fd-C3s-C3bb	1461205	1.0	0.5122570710025149	1.0	1.0	1.0	0.6516821911233107	0.29497820087196513	0.42913283468661256	0.9035233766818161	1.0	0.42868285268589257	0.454639994800286	1.0	0.5319163829265976	0.428679996200133	0.5319187232510699	0.5319163829265976	1.0	0.6516787080322992	0.5319140425787227	0.5319163829265976	0.4387868363949082	0.707228783136506	0.33555325563605276	0.7446302147914083	1.0	0.46792128314867404	0.4366453509592068	0.5319187232510699	1.0	1.0	1.0	0.2162352694128764	1.0	1.0	0.9036738530458782	0
