C1-C1c-C1b-C1ao-C1am-C1an	1461277	0.0	0.007608075802649205	0.007457689194511646	0.006723287456900965	0.00751477718417823	0.007515029143446964	0.007933672416370384	0.009329287912986104	0.0071889641242371995	0.008321753249112688	0.007046893447355793	0.00753416450175947	0.007622930024067531	0.012259988173677896	0.010472577972524431	0.01125907816969262	0.010574049038528852	0.008233105554297755	0.006472396211206637	0.009795585341348289	0.011618082816515045	0.009851255551866184	0.009377121799016756	0.010204720949956565	0.009376691859707147	0.00992032128104035	0.01051830865969956	0.010137925354941462	0.006484432698426485	0.008436756057722683	0.010507412140037425	0.011681151627330383	0.009376944834409677	0.009376944834409677	0.024869874364346685	0.026331890908502274	0.02608339248287998
C1/C1c-C1al-C1b-C42.2	1461239	0.007608075802649205	0.0	0.00042468714285714287	0.0016412735999145026	0.0016825429134694448	0.0016828578538438468	0.0035597519600972663	0.004955411643456963	0.0012076155803284199	0.001914737370853731	0.0013891729925022492	0.000746942388603419	0.0012155860131608047	0.008461161462401279	0.0071831911468135876	0.007460251458416004	0.008720678244868713	0.009874690328611962	0.009106303691132661	0.005996758630071672	0.012531163278086574	0.006052428840589569	0.0055782950877401385	0.0064058942386799505	0.0055778651484305304	0.006121494569763734	0.00816891744590395	0.007520565612317387	0.010236506655786529	0.008739353447655702	0.0067087365683049915	0.007882324916053767	0.00557811812313306	0.00557811812313306	0.021071047653070066	0.022533064197225647	0.022284565771603367
C1/C1c-C1al-C1b	1460842	0.007457689194511646	0.00042468714285714287	0.0	0.0014907306173935183	0.0015322226854178602	0.0015323686764770568	0.003984410911411872	0.005380026408027591	0.0010570673988472275	0.0023393925233079946	0.0018138291446566025	0.0005964112238328502	0.0016400893149894923	0.00831077485426372	0.007032804538676028	0.007309864850278444	0.008570291636731153	0.009724303720474406	0.008955917082995103	0.005846372021934113	0.012380776669949016	0.00590204223245201	0.00542790847960258	0.006255507630542391	0.005427478540292971	0.005971107961626174	0.008018530837766394	0.007370179004179828	0.010086120047648969	0.008588966839518144	0.006558349960167432	0.007731938307916209	0.005427731514995501	0.005427731514995501	0.020920661044932506	0.022382677589088094	0.022134179163465807
C1/C1c/C3-C1b-C72k	1462971	0.006723287456900965	0.0016412735999145026	0.0014907306173935183	0.0	0.0015255697242468934	0.0015255758404519094	0.003226421437195209	0.004622036933810928	0.0004892845765946811	0.0017838276618262652	0.0010566332041792442	0.0008944615948914705	0.0009008885179764047	0.007552765207394595	0.006274794891806902	0.006551855203409318	0.007812281989862028	0.008966294073605278	0.008197907436125975	0.005088362375064987	0.01162276702307989	0.005144032585582883	0.004669898832733453	0.005497497983673265	0.004669468893423846	0.005213098314757048	0.007260521190897266	0.006612169357310701	0.009328110400779844	0.007830957192649018	0.005800340313298307	0.006973928661047082	0.0046697218681263745	0.00467030075234953	0.020162844359471098	0.021624860903626683	0.021376362478004396
C1/C1b	1460413	0.00751477718417823	0.0016825429134694448	0.0015322226854178602	0.0015255697242468934	0.0	1.6514348565143483e-06	0.002453401493370663	0.00384974190629811	0.0012630987772462936	0.00193337078617076	0.0016833636803593778	0.001608695793325488	0.001552133064058931	0.006780201239268219	0.005502230923680527	0.005779291235282943	0.007039718021735652	0.008193730105478905	0.0074253434679996	0.004315798406938612	0.010850203054953515	0.0043714686174565085	0.0038973348646070788	0.00472493401554689	0.0038969049252974702	0.004440534346630674	0.006487957222770892	0.005839605389184327	0.00855554643265347	0.007058393224522644	0.00502777634517193	0.006201364692920708	0.0038971579	0.0038971579	0.019390087429937006	0.02085210397409259	0.020603605548470304
C1	1464065	0.007515029143446964	0.0016828578538438468	0.0015323686764770568	0.0015255758404519094	1.6514348565143483e-06	0.0	0.002454070426477352	0.003850045415245426	0.0012629275289242153	0.0019343129615853657	0.0016840481098870338	0.0016086136528241529	0.0015524497181563686	0.00678020123926822	0.005502230923680527	0.005779291235282943	0.007039718021735652	0.008193730105478905	0.0074253434679996	0.004315798406938612	0.010850203054953515	0.0043714686174565085	0.003897334864607079	0.00472493401554689	0.0038969049252974702	0.004440534346630674	0.006487957222770892	0.005839605389184327	0.00855554643265347	0.007058393224522643	0.005027776345171931	0.006201364692920708	0.0038971579000000004	0.0038971579	0.019390087429937006	0.020852103974092595	0.020603605548470304
C1/C42.2/C3	1461527	0.007933672416370384	0.0035597519600972663	0.003984410911411872	0.003226421437195209	0.002453401493370663	0.002454070426477352	0.0	0.0028301033179772284	0.0037157008148296818	0.003679959369630159	0.0027250589648758327	0.0040609338043839805	0.003228785526597328	0.00695117978710991	0.00567301601245165	0.005950103577157591	0.007210503110506776	0.008364632629317158	0.007596128556770722	0.004486583495709735	0.011020988143724637	0.0045422537062276315	0.004068119953378201	0.004895719104318013	0.004067690014068593	0.004611319435401797	0.006658874034515259	0.006010476019401304	0.008726331521424591	0.007229178313293766	0.005198561433943054	0.006372149781691831	0.004067942988771123	0.004069699613108689	0.019561458060153983	0.021023474604309568	0.02077497617868728
C1/C3-C42.2-C3gl-C3gm-C1dl	1461547	0.009329287912986104	0.004955411643456963	0.005380026408027591	0.004622036933810928	0.00384974190629811	0.003850045415245426	0.0028301033179772284	0.0	0.005111316311445402	0.005076098566393068	0.004120927585554334	0.0054565493009997	0.0046245442249236	0.006729199016165151	0.00545118375216674	0.005728244787414911	0.006988370434095573	0.008142651858372398	0.00737467734406678	0.004264904951205332	0.010798854935619315	0.004320120498122309	0.0038464414088737985	0.004673828402245124	0.00384623880136465	0.004389868222697854	0.0064368932635705	0.005788495248456545	0.008504880308720649	0.0070072724369889035	0.004976655557638192	0.0061506625797846486	0.0038467191078676395	0.0038480237164850543	0.0193401592846106	0.020802175828766187	0.020553677403143903
C1-C1c-C1b-C72k	1460535	0.0071889641242371995	0.0012076155803284199	0.0010570673988472275	0.0004892845765946811	0.0012630987772462936	0.0012629275289242153	0.0037157008148296818	0.005111316311445402	0.0	0.0015217169967077135	0.0015450534459394167	0.00046072139907843174	0.000583488074555089	0.008042049783989275	0.006764079468401584	0.007041139780003999	0.00830156656645671	0.009455578650199959	0.008687192012720656	0.005577646951659669	0.01211205159967457	0.0056333171621775644	0.005159183409328135	0.005986782560267946	0.005158753470018526	0.005702382891351729	0.007749805767491947	0.0071014539339053825	0.009817394977374525	0.008320241769243699	0.006289624889892987	0.007463213237641764	0.005159006444721057	0.005159006444721057	0.02065193597465806	0.022113952518813644	0.02186545409319136
C1-C1c-C1b-C42.2-C1bh-C72k-C1br-C1cb	1461579	0.008321753249112688	0.001914737370853731	0.0023393925233079946	0.0017838276618262652	0.00193337078617076	0.0019343129615853657	0.003679959369630159	0.005076098566393068	0.0015217169967077135	0.0	0.0012885971800910155	0.0018670543882724397	0.0011054746922197869	0.008712228115287811	0.007434257799700121	0.007711318111302537	0.008971744897755245	0.010125756981498497	0.009357370344019194	0.006247825282958205	0.012782229930973105	0.006303495493476101	0.005829361740626671	0.006656960891566482	0.005828931801317063	0.006372561222650267	0.008419984098790483	0.0077716322652039175	0.010487573308673063	0.008990420100542235	0.006959803221191523	0.008133391568940301	0.005829184776019592	0.005829184776019592	0.021322114305956597	0.022784130850112185	0.022535632424489895
C1-C1c-C1b-C3-C42.2-C1bh	1460686	0.007046893447355793	0.0013891729925022492	0.0018138291446566025	0.0010566332041792442	0.0016833636803593778	0.0016840481098870338	0.0027250589648758327	0.004120927585554334	0.0015450534459394167	0.0012885971800910155	0.0	0.0018903190475257421	0.0011742268123946398	0.007711658283354994	0.0064336879677673025	0.006710748279369717	0.007971175065822426	0.00912518714956568	0.008356800512086374	0.005247255451025387	0.011781660099040287	0.005302925661543283	0.004828791908693853	0.0056563910596336645	0.0048283619693842445	0.0053719913907174476	0.007419414266857665	0.0067710624332711	0.009487003476740242	0.007989850268609417	0.0059592333892587055	0.007132821737007481	0.004828614944086774	0.004829193170618815	0.020321737216201122	0.02178375376035671	0.021535255334734427
C1-C1c-C1al-C1b-C72k	1461161	0.00753416450175947	0.000746942388603419	0.0005964112238328502	0.0008944615948914705	0.001608695793325488	0.0016086136528241529	0.0040609338043839805	0.0054565493009997	0.00046072139907843174	0.0018670543882724397	0.0018903190475257421	0.0	0.0010439008098639254	0.008387250161511546	0.007109279845923855	0.00738634015752627	0.00864676694397898	0.009800779027722233	0.009032392390242928	0.005922847329181939	0.012457251977196842	0.005978517539699835	0.005504383786850406	0.006331982937790217	0.005503953847540797	0.006047583268874001	0.008095006145014218	0.007446654311427655	0.010162595354896796	0.00866544214676597	0.006634825267415259	0.0078084136151640345	0.005504206822243327	0.005504206822243327	0.02099713635218033	0.022459152896335915	0.022210654470713628
C1-C1c-C1b-C72k-C42.2	1460693	0.007622930024067531	0.0012155860131608047	0.0016400893149894923	0.0009008885179764047	0.001552133064058931	0.0015524497181563686	0.003228785526597328	0.0046245442249236	0.000583488074555089	0.0011054746922197869	0.0011742268123946398	0.0010439008098639254	0.0	0.008331166054405193	0.0070531957388175	0.007330256050419915	0.008590682836872626	0.009744694920615877	0.008976308283136574	0.005866763222075585	0.012401167870090487	0.005922433432593481	0.005448299679744051	0.006275898830683864	0.005447869740434444	0.005991499161767647	0.008038922037907865	0.0073905702043212985	0.01010651124779044	0.008609358039659615	0.006578741160308904	0.00775232950805768	0.005448122715136973	0.005448122715136974	0.02094105224507398	0.022403068789229565	0.022154570363607278
C21-C3-C3an-C3bb-C3ack-C3rc	1463850	0.012259988173677896	0.008461161462401279	0.00831077485426372	0.007552765207394595	0.006780201239268219	0.00678020123926822	0.00695117978710991	0.006729199016165151	0.008042049783989275	0.008712228115287811	0.007711658283354994	0.008387250161511546	0.008331166054405193	0.0	0.001788342922896319	0.00113298014826432	0.005206097040188122	0.005513988851893931	0.006414621089613116	0.0024662011390483496	0.009838930841517544	0.0033584319456755798	0.002884591695976964	0.0037132922266408315	0.0028851294634159768	0.0023413124299101777	0.003763430910671421	0.0030657463774247194	0.0075461789617119685	0.005173071154203739	0.002678479811561065	0.005194158974064912	0.002886379538408478	0.002887696543307008	0.01837895737385383	0.019840973918009416	0.01959247549238713
C3/C3an/C21-C3bb-C3de-C3s	1463474	0.010472577972524431	0.0071831911468135876	0.007032804538676028	0.006274794891806902	0.005502230923680527	0.005502230923680527	0.00567301601245165	0.00545118375216674	0.006764079468401584	0.007434257799700121	0.0064336879677673025	0.007109279845923855	0.0070531957388175	0.001788342922896319	0.0	0.0007883480978173396	0.0034182997176917937	0.003948306328437469	0.004626708604898417	0.0011882680260095141	0.008051454621705064	0.0020811690021975793	0.0016069475092792096	0.002435034134855242	0.001606932561557208	0.0010629250964399382	0.0022793852083266694	0.0016322417595461816	0.005758292390314838	0.0033859459744410977	0.0014006180917433024	0.003915715794075059	0.0016083791012495	0.0016107935354758094	0.017101541538023773	0.018563558082179358	0.01831505965655707
C3an/C3-C21-C3bb	1460916	0.01125907816969262	0.007460251458416004	0.007309864850278444	0.006551855203409318	0.005779291235282943	0.005779291235282943	0.005950103577157591	0.005728244787414911	0.007041139780003999	0.007711318111302537	0.006710748279369717	0.00738634015752627	0.007330256050419915	0.00113298014826432	0.0007883480978173396	0.0	0.004204695068216357	0.0047362596303639265	0.005413347738803053	0.001464770772755449	0.008838084124684896	0.0023577169981503702	0.0018832001219256148	0.0027121502026794643	0.0018836535062412526	0.0013398364727354528	0.0030671943005504856	0.0024200368573677584	0.006545102751759648	0.004172468745062586	0.0016779612644464287	0.004192954722573048	0.0018849035812337532	0.0018869949629574086	0.01737761395500199	0.01883963049915758	0.018591132073535292
C3-C21-C3xs-C3an-C3yu	1463501	0.010574049038528852	0.008720678244868713	0.008570291636731153	0.007812281989862028	0.007039718021735652	0.007039718021735652	0.007210503110506776	0.006988370434095573	0.00830156656645671	0.008971744897755245	0.007971175065822426	0.00864676694397898	0.008590682836872626	0.005206097040188122	0.0034182997176917937	0.004204695068216357	0.0	0.00479089878640272	0.004727936787972029	0.002740738132693461	0.004633584267451335	0.0027351507182563485	0.0031439254486702655	0.003972143675794841	0.0031439428273363186	0.002866057555688862	0.004419965503037629	0.0037729088195510236	0.005859600715176964	0.0035396398156637473	0.0034722635748151106	0.005452798225682426	0.0031452145908418315	0.00314832856804639	0.018639074534696057	0.020101091078851642	0.019852592653229355
C3-C3de-C3bb-C21ae-C3s-C3an-C21-C3cl-C3xx	1463506	0.008233105554297755	0.009874690328611962	0.009724303720474406	0.008966294073605278	0.008193730105478905	0.008193730105478905	0.008364632629317158	0.008142651858372398	0.009455578650199959	0.010125756981498497	0.00912518714956568	0.009800779027722233	0.009744694920615877	0.005513988851893931	0.003948306328437469	0.0047362596303639265	0.00479089878640272	0.0	0.0021450094696693336	0.0040125526657068585	0.007398906167825209	0.0047751888617476495	0.004301122295460908	0.005129107969096181	0.0043011837507231	0.004137710920935813	0.0030117045112790118	0.0026328362132093334	0.002830934710757849	0.0026532378190575437	0.004189831876132396	0.0066085837947046245	0.004302667586402719	0.004303468026314736	0.01979588345907118	0.021257900003226762	0.02100940157760448
C3-C21-C3cl-C3xx-C3xw	1463515	0.006472396211206637	0.009106303691132661	0.008955917082995103	0.008197907436125975	0.0074253434679996	0.0074253434679996	0.007596128556770722	0.00737467734406678	0.008687192012720656	0.009357370344019194	0.008356800512086374	0.009032392390242928	0.008976308283136574	0.006414621089613116	0.004626708604898417	0.005413347738803053	0.004727936787972029	0.0021450094696693336	0.0	0.003949287851282334	0.005772548182715186	0.0040052246381560574	0.003530715226798421	0.004358685037246239	0.0035302852874888125	0.004074064027473731	0.004674037591072452	0.004293445169960897	0.0011319582488664459	0.0025917451862541236	0.0046624839982603705	0.005838365363620038	0.0035318186780665794	0.003534881759142257	0.019025982637674684	0.02048799918183027	0.020239500756207982
C3-C21-C3hj-C3an	1463021	0.009795585341348289	0.005996758630071672	0.005846372021934113	0.005088362375064987	0.004315798406938612	0.004315798406938612	0.004486583495709735	0.004264904951205332	0.005577646951659669	0.006247825282958205	0.005247255451025387	0.005922847329181939	0.005866763222075585	0.0024662011390483496	0.0011882680260095141	0.001464770772755449	0.002740738132693461	0.0040125526657068585	0.003949287851282334	0.0	0.007374274409742875	0.0008936722801839632	0.0004189668416716657	0.0012477727512597483	0.0004194912335236223	0.00012610986490701857	0.0023436315455960584	0.0016964880968155709	0.005081137017996401	0.002745749402542277	0.0007486582367069148	0.00272882030255905	0.00042041415220955814	0.00042383726758648274	0.015914393872108572	0.017376410416264157	0.01712791199064187
C3-C3xs-C21-C3zt-C3yu	1463024	0.011618082816515045	0.012531163278086574	0.012380776669949016	0.01162276702307989	0.010850203054953515	0.010850203054953515	0.011020988143724637	0.010798854935619315	0.01211205159967457	0.012782229930973105	0.011781660099040287	0.012457251977196842	0.012401167870090487	0.009838930841517544	0.008051454621705064	0.008838084124684896	0.004633584267451335	0.007398906167825209	0.005772548182715186	0.007374274409742875	0.0	0.006481247685682118	0.006955744135501301	0.007783543846329135	0.006955779012768372	0.007499465458413141	0.008098206838826647	0.007717588428110933	0.00690365972038803	0.007031753186863941	0.008086425260711636	0.009263681533527073	0.006957116733479956	0.006959469827551734	0.02245109394911125	0.02391311049326683	0.02366461206764455
C3-C3hj-C21-C3xs	1463026	0.009851255551866184	0.006052428840589569	0.00590204223245201	0.005144032585582883	0.0043714686174565085	0.0043714686174565085	0.0045422537062276315	0.004320120498122309	0.0056333171621775644	0.006303495493476101	0.005302925661543283	0.005978517539699835	0.005922433432593481	0.0033584319456755798	0.0020811690021975793	0.0023577169981503702	0.0027351507182563485	0.0047751888617476495	0.0040052246381560574	0.0008936722801839632	0.006481247685682118	0.0	0.0004750221751649671	0.001303504149540092	0.0004758441929032052	0.0010196097795640872	0.0030687004490548716	0.002419968167647434	0.005136807228514297	0.003638185945948773	0.0016074425084998494	0.002784598851373291	0.0004768194157168566	0.0004792089378124375	0.015970912712900413	0.017432929257055998	0.017184430831433714
C3-C21-C3hj	1461514	0.009377121799016756	0.0055782950877401385	0.00542790847960258	0.004669898832733453	0.0038973348646070788	0.003897334864607079	0.004068119953378201	0.0038464414088737985	0.005159183409328135	0.005829361740626671	0.004828791908693853	0.005504383786850406	0.005448299679744051	0.002884591695976964	0.0016069475092792096	0.0018832001219256148	0.0031439254486702655	0.004301122295460908	0.003530715226798421	0.0004189668416716657	0.006955744135501301	0.0004750221751649671	0.0	0.0008291764354829035	8.220177382381741e-07	0.0005449555308138373	0.002594677539610531	0.0019459721925203482	0.004662673475664867	0.0031643631764090288	0.0011336542113493634	0.0023103567602275163	2.062387522495501e-06	5.194561087782443e-06	0.015496363443154363	0.016958379987309948	0.01670988156168766
C3-C3hj-C21-C3yr	1461515	0.010204720949956565	0.0064058942386799505	0.006255507630542391	0.005497497983673265	0.00472493401554689	0.00472493401554689	0.004895719104318013	0.004673828402245124	0.005986782560267946	0.006656960891566482	0.0056563910596336645	0.006331982937790217	0.006275898830683864	0.0037132922266408315	0.002435034134855242	0.0027121502026794643	0.003972143675794841	0.005129107969096181	0.004358685037246239	0.0012477727512597483	0.007783543846329135	0.001303504149540092	0.0008291764354829035	0.0	0.0008295167495618735	0.001373334125864827	0.0034226842090466433	0.002773971919642405	0.005490484784173165	0.003992207616709443	0.001961559408197147	0.0023130406314432733	0.0008309744758748252	0.0008337687170265948	0.016325120762460503	0.017787137306616085	0.0175386388809938
C3/C21-C3b	1460493	0.009376691859707147	0.0055778651484305304	0.005427478540292971	0.004669468893423846	0.0038969049252974702	0.0038969049252974702	0.004067690014068593	0.00384623880136465	0.005158753470018526	0.005828931801317063	0.0048283619693842445	0.005503953847540797	0.005447869740434444	0.0028851294634159768	0.001606932561557208	0.0018836535062412526	0.0031439428273363186	0.0043011837507231	0.0035302852874888125	0.0004194912335236223	0.006955779012768372	0.0004758441929032052	8.220177382381741e-07	0.0008295167495618735	0.0	0.000544198749883252	0.0025947809327866193	0.00194608163818446	0.004662243536355259	0.0031642700920645837	0.0011335708811558416	0.0023099268209179078	1.8974102589741025e-06	5.464253574642535e-06	0.015496253997490252	0.016958270541645837	0.01670977211602355
C3-C3b-C3an-C21	1461536	0.00992032128104035	0.006121494569763734	0.005971107961626174	0.005213098314757048	0.004440534346630674	0.004440534346630674	0.004611319435401797	0.004389868222697854	0.005702382891351729	0.006372561222650267	0.0053719913907174476	0.006047583268874001	0.005991499161767647	0.0023413124299101777	0.0010629250964399382	0.0013398364727354528	0.002866057555688862	0.004137710920935813	0.004074064027473731	0.00012610986490701857	0.007499465458413141	0.0010196097795640872	0.0005449555308138373	0.001373334125864827	0.000544198749883252	0.0	0.002468789800825013	0.0018216463520445252	0.005205872957688463	0.0028342617742983765	0.0008736629599073686	0.0028535911552565116	0.0005458331552889423	0.0005492868645470907	0.016039648108141364	0.017501664652296953	0.017253166226674665
C3/C3bb-C3de-C21ae-C3s-C3an-C21-C3dk-C3abv	1462585	0.01051830865969956	0.00816891744590395	0.008018530837766394	0.007260521190897266	0.006487957222770892	0.006487957222770892	0.006658874034515259	0.0064368932635705	0.007749805767491947	0.008419984098790483	0.007419414266857665	0.008095006145014218	0.008038922037907865	0.003763430910671421	0.0022793852083266694	0.0030671943005504856	0.004419965503037629	0.0030117045112790118	0.004674037591072452	0.0023436315455960584	0.008098206838826647	0.0030687004490548716	0.002594677539610531	0.0034226842090466433	0.0025947809327866193	0.002468789800825013	0.0	0.0006993131499600159	0.005805023104473775	0.004058868162123292	0.0025208398544082364	0.0049027320970918605	0.002596262137644942	0.002597033029288285	0.018089473354907015	0.0195514898990626	0.019302991473440317
C3/C3bb-C3de-C21ae-C3s-C21-C3an-C3dk	1462584	0.010137925354941462	0.007520565612317387	0.007370179004179828	0.006612169357310701	0.005839605389184327	0.005839605389184327	0.006010476019401304	0.005788495248456545	0.0071014539339053825	0.0077716322652039175	0.0067710624332711	0.007446654311427655	0.0073905702043212985	0.0030657463774247194	0.0016322417595461816	0.0024200368573677584	0.0037729088195510236	0.0026328362132093334	0.004293445169960897	0.0016964880968155709	0.007717588428110933	0.002419968167647434	0.0019459721925203482	0.002773971919642405	0.00194608163818446	0.0018216463520445252	0.0006993131499600159	0.0	0.005424490859291848	0.0034118416665615174	0.0018736898082666932	0.004254248116364151	0.0019475796363254698	0.0019484556859056378	0.017440837434954996	0.01890285397911058	0.018654355553488294
C3/C21-C3xx-C3cl-C3de-C3xw	1462597	0.006484432698426485	0.010236506655786529	0.010086120047648969	0.009328110400779844	0.00855554643265347	0.00855554643265347	0.008726331521424591	0.008504880308720649	0.009817394977374525	0.010487573308673063	0.009487003476740242	0.010162595354896796	0.01010651124779044	0.0075461789617119685	0.005758292390314838	0.006545102751759648	0.005859600715176964	0.002830934710757849	0.0011319582488664459	0.005081137017996401	0.00690365972038803	0.005136807228514297	0.004662673475664867	0.005490484784173165	0.004662243536355259	0.005205872957688463	0.005805023104473775	0.005424490859291848	0.0	0.003722823631014907	0.005793566940283128	0.00696907438702616	0.004663470716216756	0.004666077194921016	0.02015743143991501	0.021619447984070596	0.02137094955844831
C3-C3fc-C21-C3cl-C3an-C3b	1463231	0.008436756057722683	0.008739353447655702	0.008588966839518144	0.007830957192649018	0.007058393224522644	0.007058393224522643	0.007229178313293766	0.0070072724369889035	0.008320241769243699	0.008990420100542235	0.007989850268609417	0.00866544214676597	0.008609358039659615	0.005173071154203739	0.0033859459744410977	0.004172468745062586	0.0035396398156637473	0.0026532378190575437	0.0025917451862541236	0.002745749402542277	0.007031753186863941	0.003638185945948773	0.0031643631764090288	0.003992207616709443	0.0031642700920645837	0.0028342617742983765	0.004058868162123292	0.0034118416665615174	0.003722823631014907	0.0	0.00256513104373449	0.00547247112327015	0.00316587973120064	0.003167539833170049	0.018659282919040274	0.02012129946319586	0.01987280103757357
C3-C3fc-C21-C3an-C3b-C3fd-C3s-C3bb	1461205	0.010507412140037425	0.0067087365683049915	0.006558349960167432	0.005800340313298307	0.00502777634517193	0.005027776345171931	0.005198561433943054	0.004976655557638192	0.006289624889892987	0.006959803221191523	0.0059592333892587055	0.006634825267415259	0.006578741160308904	0.002678479811561065	0.0014006180917433024	0.0016779612644464287	0.0034722635748151106	0.004189831876132396	0.0046624839982603705	0.0007486582367069148	0.008086425260711636	0.0016074425084998494	0.0011336542113493634	0.001961559408197147	0.0011335708811558416	0.0008736629599073686	0.0025208398544082364	0.0018736898082666932	0.005793566940283128	0.00256513104373449	0.0	0.0034418952818679495	0.0011350858582067171	0.0011367333991903238	0.016628505392142123	0.018090521936297708	0.017842023510675424
C3-C3ag-C1bp	1463968	0.011681151627330383	0.007882324916053767	0.007731938307916209	0.006973928661047082	0.006201364692920708	0.006201364692920708	0.006372149781691831	0.0061506625797846486	0.007463213237641764	0.008133391568940301	0.007132821737007481	0.0078084136151640345	0.00775232950805768	0.005194158974064912	0.003915715794075059	0.004192954722573048	0.005452798225682426	0.0066085837947046245	0.005838365363620038	0.00272882030255905	0.009263681533527073	0.002784598851373291	0.0023103567602275163	0.0023130406314432733	0.0023099268209179078	0.0028535911552565116	0.0049027320970918605	0.004254248116364151	0.00696907438702616	0.00547247112327015	0.0034418952818679495	0.0	0.0023101797956204375	0.002313779435656434	0.01780430920556944	0.019266325749725026	0.019017827324102742
C3	1464066	0.009376944834409677	0.00557811812313306	0.005427731514995501	0.0046697218681263745	0.0038971579	0.0038971579000000004	0.004067942988771123	0.0038467191078676395	0.005159006444721057	0.005829184776019592	0.004828614944086774	0.005504206822243327	0.005448122715136973	0.002886379538408478	0.0016083791012495	0.0018849035812337532	0.0031452145908418315	0.004302667586402719	0.0035318186780665794	0.00042041415220955814	0.006957116733479956	0.0004768194157168566	2.062387522495501e-06	0.0008309744758748252	1.8974102589741025e-06	0.0005458331552889423	0.002596262137644942	0.0019475796363254698	0.004663470716216756	0.00316587973120064	0.0011350858582067171	0.0023101797956204375	0.0	6e-06	0.015494929529937005	0.01695694607409259	0.016708447648470303
C21ef	1464290	0.009376944834409677	0.00557811812313306	0.005427731514995501	0.00467030075234953	0.0038971579	0.0038971579	0.004069699613108689	0.0038480237164850543	0.005159006444721057	0.005829184776019592	0.004829193170618815	0.005504206822243327	0.005448122715136974	0.002887696543307008	0.0016107935354758094	0.0018869949629574086	0.00314832856804639	0.004303468026314736	0.003534881759142257	0.00042383726758648274	0.006959469827551734	0.0004792089378124375	5.194561087782443e-06	0.0008337687170265948	5.464253574642535e-06	0.0005492868645470907	0.002597033029288285	0.0019484556859056378	0.004666077194921016	0.003167539833170049	0.0011367333991903238	0.002313779435656434	6e-06	0.0	0.015498929529937006	0.01696094607409259	0.016712447648470304
C3adm-C3adn-C3adx	1464019	0.024869874364346685	0.021071047653070066	0.020920661044932506	0.020162844359471098	0.019390087429937006	0.019390087429937006	0.019561458060153983	0.0193401592846106	0.02065193597465806	0.021322114305956597	0.020321737216201122	0.02099713635218033	0.02094105224507398	0.01837895737385383	0.017101541538023773	0.01737761395500199	0.018639074534696057	0.01979588345907118	0.019025982637674684	0.015914393872108572	0.02245109394911125	0.015970912712900413	0.015496363443154363	0.016325120762460503	0.015496253997490252	0.016039648108141364	0.018089473354907015	0.017440837434954996	0.02015743143991501	0.018659282919040274	0.016628505392142123	0.01780430920556944	0.015494929529937005	0.015498929529937006	0.0	0.0014625736884411559	0.0012141996472810447
C3adm-C3adn-C3adw	1463756	0.026331890908502274	0.022533064197225647	0.022382677589088094	0.021624860903626683	0.02085210397409259	0.020852103974092595	0.021023474604309568	0.020802175828766187	0.022113952518813644	0.022784130850112185	0.02178375376035671	0.022459152896335915	0.022403068789229565	0.019840973918009416	0.018563558082179358	0.01883963049915758	0.020101091078851642	0.021257900003226762	0.02048799918183027	0.017376410416264157	0.02391311049326683	0.017432929257055998	0.016958379987309948	0.017787137306616085	0.016958270541645837	0.017501664652296953	0.0195514898990626	0.01890285397911058	0.021619447984070596	0.02012129946319586	0.018090521936297708	0.019266325749725026	0.01695694607409259	0.01696094607409259	0.0014625736884411559	0.0	0.0012950797339766921
C3adm-C3adn-C3ado-C3adp	1463757	0.02608339248287998	0.022284565771603367	0.022134179163465807	0.021376362478004396	0.020603605548470304	0.020603605548470304	0.02077497617868728	0.020553677403143903	0.02186545409319136	0.022535632424489895	0.021535255334734427	0.022210654470713628	0.022154570363607278	0.01959247549238713	0.01831505965655707	0.018591132073535292	0.019852592653229355	0.02100940157760448	0.020239500756207982	0.01712791199064187	0.02366461206764455	0.017184430831433714	0.01670988156168766	0.0175386388809938	0.01670977211602355	0.017253166226674665	0.019302991473440317	0.018654355553488294	0.02137094955844831	0.01987280103757357	0.017842023510675424	0.019017827324102742	0.016708447648470303	0.016712447648470304	0.0012141996472810447	0.0012950797339766921	0.0
