C1-C1c-C1b-C1ao-C1am-C1an	1461277	0.0	0.0026229860421099027	0.002650477080493901	0.0023251021295740853	0.0028820570371588055	0.0028816121885022997	0.004606855467606478	0.005501312832376919	0.002476557394691062	0.0029829366092078316	0.002458419798956586	0.0024937049458749676	0.00274097246220917	0.008346811731765802	0.007468816802559641	0.00821814547379524	0.006440164614677065	0.006419696171482881	0.00554855721114777	0.006196340085162968	0.00694750294794095	0.0062460014866193465	0.006092896447289938	0.006312837605603652	0.006092825954339233	0.006333789427454509	0.0074292617759710855	0.0071099344545096695	0.005063871839062188	0.005641177184290046	0.006773126822334831	0.007238464745550111	0.006092836053329334	0.006092836053329334	0.021964863665376925	0.02265568324146052	0.022478998609658067
C1/C1c-C1al-C1b-C42.2	1461239	0.0026229860421099027	0.0	0.00017106129148745578	0.0007383163039247191	0.0009873805722707934	0.0009869552246226131	0.003253676361131788	0.004148133725902229	0.0005818968315312315	0.0009447590664067515	0.0007443945304208736	0.00030663421548535435	0.0007027344964210736	0.00713720866709987	0.006402445316662202	0.007008542409129308	0.005700635826755783	0.007916249745820537	0.005548214453440446	0.004986737020497034	0.007327150549475157	0.005036398421953414	0.004883293382624005	0.005103234540937719	0.0048832228896733	0.005124186362788576	0.006901917295190791	0.0065825597858045455	0.006395453457239685	0.007005016692932122	0.0055635873258847906	0.006028861680884179	0.004883232988663401	0.004883232988663401	0.020755260600710992	0.02144608017679459	0.021269395544992138
C1/C1c-C1al-C1b	1460842	0.002650477080493901	0.00017106129148745578	0.0	0.0007658155645970804	0.0010148545496863	0.0010144582913117377	0.0034246899947110573	0.004319147359481498	0.0006093998982203559	0.0011157697039442217	0.0009154376187709901	0.0003341218867930932	0.0008737744059807761	0.007164667254671221	0.006429903904233553	0.00703600099670066	0.0057280944143271355	0.007943708333391891	0.005575673041011798	0.005014195608068386	0.007354609137046509	0.005063857009524766	0.004910751970195357	0.005130693128509071	0.004910681477244652	0.005151644950359928	0.006929375882762143	0.006610018373375897	0.006422912044811036	0.007032475280503474	0.005591045913456142	0.006056320268455532	0.0049106915762347535	0.0049106915762347535	0.020782719188282343	0.021473538764365946	0.02129685413256349
C1/C1c/C3-C1b-C72k	1462971	0.0023251021295740853	0.0007383163039247191	0.0007658155645970804	0.0	0.0007650639785705231	0.0007644439649470105	0.0028665667844431112	0.003761024149213552	0.0001566724150269944	0.0006832866319588795	0.0003572219654701071	0.00043179128583411555	0.00041642195411124893	0.0066065296472826995	0.005871766296845032	0.006477863389312138	0.005169956806938613	0.007385570726003367	0.005017535433623276	0.004456058000679864	0.006796471529657989	0.004505719402136244	0.004352614362806835	0.0045725555211205485	0.004352543869856129	0.004593507342971406	0.00637123827537362	0.006051880765987375	0.005864774437422515	0.006474337673114951	0.00503290830606762	0.005498182661067009	0.004352553968846231	0.004352791521335733	0.020224660765056985	0.020915480341140585	0.02073879570933813
C1/C1b	1460413	0.0028820570371588055	0.0009873805722707934	0.0010148545496863	0.0007650639785705231	0.0	1.3762623737626238e-06	0.002410581233493301	0.0033056018953813854	0.0006109079717618849	0.0009231366810044472	0.000830088802321778	0.0008581086042711934	0.0007760747465285163	0.006151133578436469	0.0054163702279988015	0.0060224673204659065	0.004714560738092383	0.006930174657157137	0.004562139364777044	0.004000661931833634	0.006341075460811757	0.004050323333290013	0.003897218293960604	0.004117159452274317	0.0038971478010098987	0.0041381112741251756	0.00591584220652739	0.005596484697141143	0.0054093783685762835	0.006018941604268721	0.00457751223722139	0.005042786592220778	0.0038971579000000004	0.0038971579	0.01976918551204759	0.020460005088131186	0.020283320456328732
C1	1464065	0.0028816121885022997	0.0009869552246226131	0.0010144582913117377	0.0007644439649470105	1.3762623737626238e-06	0.0	0.0024112423012797434	0.0033058724142257323	0.0006101103936512696	0.0009232712632083958	0.0008298555970308905	0.0008574453280015996	0.0007756673934819554	0.006151133578436469	0.005416370227998801	0.006022467320465907	0.004714560738092382	0.006930174657157137	0.004562139364777044	0.004000661931833634	0.006341075460811757	0.0040503233332900125	0.003897218293960604	0.004117159452274317	0.0038971478010098987	0.0041381112741251756	0.00591584220652739	0.005596484697141143	0.0054093783685762835	0.006018941604268721	0.00457751223722139	0.005042786592220778	0.0038971579000000004	0.0038971579	0.01976918551204759	0.020460005088131186	0.020283320456328736
C1/C42.2/C3	1461527	0.004606855467606478	0.003253676361131788	0.0034246899947110573	0.0028665667844431112	0.002410581233493301	0.0024112423012797434	0.0	0.002427121978550842	0.0030208407973105374	0.003004365198511128	0.0026791253405779544	0.003267973843417102	0.0028966209732181627	0.006334045131233606	0.005599120372069987	0.006205290449940012	0.004897310882163567	0.007112924801228322	0.0047448895088482304	0.004183412075904819	0.006523825604882943	0.004233073477361199	0.0040799684380317894	0.0042999095963455036	0.0040798979450810844	0.00432086141819636	0.006098592350598574	0.00577923484121233	0.00559212851264747	0.006201691748339907	0.004760262381292575	0.005225536736291964	0.004079908044071186	0.0040816225011797635	0.019952507141821636	0.020643326717905232	0.020466642086102778
C1/C3-C42.2-C3gl-C3gm-C1dl	1461547	0.005501312832376919	0.004148133725902229	0.004319147359481498	0.003761024149213552	0.0033056018953813854	0.0033058724142257323	0.002427121978550842	0.0	0.003915298162080978	0.00389889287402243	0.0035735827053483956	0.004162431208187543	0.003791078337988603	0.0056080280492652205	0.0048731363564825944	0.005479439305752778	0.004171294634717868	0.006386841996125446	0.00401911399873942	0.00345755079746532	0.005797597643327003	0.0035069782759772072	0.003354096153814244	0.0035739621506348097	0.0033541054528843373	0.0035950953062079257	0.005372509545495698	0.005053152036109454	0.004866379397259715	0.00547560894323703	0.004034179576189699	0.004499683862209781	0.003354260708327502	0.003356027178386484	0.01922692552921244	0.019917745105296036	0.019741060473493582
C1-C1c-C1b-C72k	1460535	0.002476557394691062	0.0005818968315312315	0.0006093998982203559	0.0001566724150269944	0.0006109079717618849	0.0006101103936512696	0.0030208407973105374	0.003915298162080978	0.0	0.0005292017895680324	0.0005115007773777254	0.00027530201758274456	0.00026465955042198695	0.006760798861109935	0.006026035510672266	0.006632132603139372	0.005324226020765847	0.007539839939830602	0.00517180464745051	0.004610327214507099	0.006950740743485222	0.0046599886159634785	0.004506883576634069	0.0047268247349477824	0.004506813083683364	0.004747776556798641	0.006525507489200855	0.006206149979814609	0.00601904365124975	0.006628606886942187	0.005187177519894856	0.005652451874894243	0.004506823182673465	0.004506823182673465	0.020378850794721053	0.021069670370804653	0.0208929857390022
C1-C1c-C1b-C42.2-C1bh-C72k-C1br-C1cb	1461579	0.0029829366092078316	0.0009447590664067515	0.0011157697039442217	0.0006832866319588795	0.0009231366810044472	0.0009232712632083958	0.003004365198511128	0.00389889287402243	0.0005292017895680324	0.0	0.0005250638509134685	0.0007819148350461597	0.00040494218408873735	0.0070733245817748	0.006338561231337131	0.006944658323804238	0.0056367517414307134	0.007852365660495469	0.005484330368115376	0.0049228529351719634	0.007263266464150087	0.004972514336628344	0.004819409297298934	0.005039350455612649	0.00481933880434823	0.005060302277463506	0.006838033209865721	0.006518675700479475	0.006331569371914616	0.0069411326076070515	0.0054997032405597205	0.005964977595559109	0.0048193489033383306	0.0048193489033383306	0.02069137651538592	0.02138219609146951	0.021205511459667065
C1-C1c-C1b-C3-C42.2-C1bh	1460686	0.002458419798956586	0.0007443945304208736	0.0009154376187709901	0.0003572219654701071	0.000830088802321778	0.0008298555970308905	0.0026791253405779544	0.0035735827053483956	0.0005115007773777254	0.0005250638509134685	0.0	0.0007586458265620313	0.00045302259299210234	0.006655404681955413	0.0059206413315177455	0.006526738423984851	0.005218831841611326	0.007434445760676081	0.005066410468295989	0.004504933035352578	0.006845346564330702	0.004554594436808957	0.004401489397479549	0.004621430555793262	0.004401418904528844	0.004642382377644119	0.006420113310046334	0.006100755800660088	0.005913649472095229	0.006523212707787665	0.005081783340740335	0.005547057695739722	0.004401429003518945	0.004401679128481457	0.02027353999055404	0.020964359566637635	0.02078767493483518
C1-C1c-C1al-C1b-C72k	1461161	0.0024937049458749676	0.00030663421548535435	0.0003341218867930932	0.00043179128583411555	0.0008581086042711934	0.0008574453280015996	0.003267973843417102	0.004162431208187543	0.00027530201758274456	0.0007819148350461597	0.0007586458265620313	0.0	0.0005397934940917725	0.007007919904138758	0.00627315655370109	0.006879253646168196	0.005571347063794672	0.0077869609828594265	0.005418925690479335	0.004857448257535923	0.007197861786514046	0.004907109658992302	0.004754004619662893	0.004973945777976607	0.004753934126712189	0.0049948975998274645	0.006772628532229679	0.006453271022843434	0.006266164694278573	0.00687572792997101	0.005434298562923678	0.005899572917923068	0.00475394422570229	0.00475394422570229	0.02062597183774988	0.021316791413833476	0.021140106782031022
C1-C1c-C1b-C72k-C42.2	1460693	0.00274097246220917	0.0007027344964210736	0.0008737744059807761	0.00041642195411124893	0.0007760747465285163	0.0007756673934819554	0.0028966209732181627	0.003791078337988603	0.00026465955042198695	0.00040494218408873735	0.00045302259299210234	0.0005397934940917725	0.0	0.0069261189765170445	0.006191355626079377	0.006797452718546483	0.005489546136172959	0.007705160055237713	0.00533712476285762	0.00477564732991421	0.007116060858892333	0.004825308731370589	0.00467220369204118	0.0048921448503548935	0.004672133199090475	0.004913096672205752	0.006690827604607966	0.006371470095221719	0.00618436376665686	0.006793927002349298	0.005352497635301965	0.005817771990301354	0.004672143298080576	0.004672143298080576	0.020544170910128168	0.02123499048621176	0.021058305854409307
C21-C3-C3an-C3bb-C3ack-C3rc	1463850	0.008346811731765802	0.00713720866709987	0.007164667254671221	0.0066065296472826995	0.006151133578436469	0.006151133578436469	0.006334045131233606	0.0056080280492652205	0.006760798861109935	0.0070733245817748	0.006655404681955413	0.007007919904138758	0.0069261189765170445	0.0	0.0011327591853100257	0.0018685189363485807	0.002836438515797073	0.003894138726449566	0.0029222941155671186	0.002153606259428346	0.004701094078996302	0.0024098710927321805	0.0022569958559148728	0.0024772138597220833	0.0022570357519252713	0.0020158961692863745	0.0028031120906139	0.0025240984175829238	0.003770082609468338	0.003913654668359493	0.002292187671553759	0.0034050225083396297	0.002257578197680696	0.0022583539649505147	0.018129432261792665	0.018820251837876265	0.01864356720607381
C3/C3an/C21-C3bb-C3de-C3s	1463474	0.007468816802559641	0.006402445316662202	0.006429903904233553	0.005871766296845032	0.0054163702279988015	0.005416370227998801	0.005599120372069987	0.0048731363564825944	0.006026035510672266	0.006338561231337131	0.0059206413315177455	0.00627315655370109	0.006191355626079377	0.0011327591853100257	0.0	0.0008807090710248977	0.001956618348355897	0.00355571458877449	0.0020424433684362027	0.0014171320330891141	0.003821379383412976	0.0016735322648577752	0.00152052162957564	0.0017406120886194905	0.0015204807447596834	0.0012793139861298694	0.002595635022590963	0.00232035542460016	0.002890194877131504	0.0030353793800383545	0.0015565008984491252	0.002668492750668285	0.0015211039713414634	0.001524862867782887	0.01739346844864295	0.018084288024726548	0.017907603392924097
C3an/C3-C21-C3bb	1460916	0.00821814547379524	0.007008542409129308	0.00703600099670066	0.006477863389312138	0.0060224673204659065	0.006022467320465907	0.006205290449940012	0.005479439305752778	0.006632132603139372	0.006944658323804238	0.006526738423984851	0.006879253646168196	0.006797452718546483	0.0018685189363485807	0.0008807090710248977	0.0	0.0027066382448810247	0.004435764840663574	0.0027924690496100774	0.00202378779215157	0.00457144934650171	0.002280218962456923	0.0021271883944161425	0.0023474251766314263	0.002127210685968231	0.0018860711033293345	0.0034754987490902044	0.003200345100719552	0.0036402575435112976	0.0037851196553985514	0.0021631620672336272	0.0032751974423825894	0.0021277531317236554	0.0021304293964707057	0.017999248850149967	0.018690068426233566	0.018513383794431112
C3-C21-C3xs-C3an-C3yu	1463501	0.006440164614677065	0.005700635826755783	0.0057280944143271355	0.005169956806938613	0.004714560738092383	0.004714560738092382	0.004897310882163567	0.004171294634717868	0.005324226020765847	0.0056367517414307134	0.005218831841611326	0.005571347063794672	0.005489546136172959	0.002836438515797073	0.001956618348355897	0.0027066382448810247	0.0	0.00314644371792595	0.0010128523176664663	0.00071423533895221	0.0018653606278046222	0.0006810927318979855	0.0008177543738246315	0.0010379030173832736	0.0008177718565394673	0.0008210260497700462	0.002445524566617435	0.0021259435466354274	0.0018608737649770041	0.0022334622657668307	0.0012614432925488548	0.0019660794255236384	0.0008181910804439115	0.0008232754635672868	0.016691894357358524	0.017382713933442123	0.01720602930163967
C3-C3de-C3bb-C21ae-C3s-C3an-C21-C3cl-C3xx	1463506	0.006419696171482881	0.007916249745820537	0.007943708333391891	0.007385570726003367	0.006930174657157137	0.006930174657157137	0.007112924801228322	0.006386841996125446	0.007539839939830602	0.007852365660495469	0.007434445760676081	0.0077869609828594265	0.007705160055237713	0.003894138726449566	0.00355571458877449	0.004435764840663574	0.00314644371792595	0.0	0.0023719681724973913	0.0029338069140667227	0.003891634390337666	0.0031900717473705566	0.003037221736699167	0.003257248373758818	0.003037208238049032	0.0027958716880642784	0.0017878792733806474	0.0016041321263294676	0.0015599070703468981	0.0021200865622825146	0.003071884098397996	0.004183990886205683	0.003037778852319072	0.0030397416671931227	0.018910498987357464	0.01960131856344106	0.019424633931638607
C3-C21-C3cl-C3xx-C3xw	1463515	0.00554855721114777	0.005548214453440446	0.005575673041011798	0.005017535433623276	0.004562139364777044	0.004562139364777044	0.0047448895088482304	0.00401911399873942	0.00517180464745051	0.005484330368115376	0.005066410468295989	0.005418925690479335	0.00533712476285762	0.0029222941155671186	0.0020424433684362027	0.0027924690496100774	0.0010128523176664663	0.0023719681724973913	0.0	0.0007689628011497701	0.0021512989083705375	0.000818921477590821	0.000665430144844051	0.0008856232368830333	0.0006653374925615886	0.000906643297210558	0.0023686714939546737	0.0020490804779710672	0.0008481532209558088	0.0015799720672765292	0.0013471685565269883	0.0018136580522083012	0.0006658602890121976	0.0006709722666166767	0.016539677343171362	0.017230496919254962	0.017053812287452508
C3-C21-C3hj-C3an	1463021	0.006196340085162968	0.004986737020497034	0.005014195608068386	0.004456058000679864	0.004000661931833634	0.004000661931833634	0.004183412075904819	0.00345755079746532	0.004610327214507099	0.0049228529351719634	0.004504933035352578	0.004857448257535923	0.00477564732991421	0.002153606259428346	0.0014171320330891141	0.00202378779215157	0.00071423533895221	0.0029338069140667227	0.0007689628011497701	0.0	0.0025484680557110694	0.00025702632819070095	0.00010360405798378769	0.00032391580345366496	0.00010376131238432245	0.00013819379340131974	0.0019192695638731052	0.0015996571379771588	0.0016170330387022594	0.002020825461907603	0.000578772603866591	0.00125218061926489	0.00010404072449510097	0.0001092504825434913	0.01597780079005199	0.016668620366135582	0.016491935734333128
C3-C3xs-C21-C3zt-C3yu	1463024	0.00694750294794095	0.007327150549475157	0.007354609137046509	0.006796471529657989	0.006341075460811757	0.006341075460811757	0.006523825604882943	0.005797597643327003	0.006950740743485222	0.007263266464150087	0.006845346564330702	0.007197861786514046	0.007116060858892333	0.004701094078996302	0.003821379383412976	0.00457144934650171	0.0018653606278046222	0.003891634390337666	0.0021512989083705375	0.0025484680557110694	0.0	0.0022916456594621617	0.0024449739998844344	0.0026649562019594123	0.0024450288943949836	0.0026860285757670578	0.003937467932420653	0.003617886912438645	0.002368351769976642	0.0029786529381785466	0.003125860168938181	0.0035925941482430135	0.002445459698170549	0.002449997736758972	0.018319109823464165	0.01900992939954776	0.018833244767745307
C3-C3hj-C21-C3xs	1463026	0.0062460014866193465	0.005036398421953414	0.005063857009524766	0.004505719402136244	0.004050323333290013	0.0040503233332900125	0.004233073477361199	0.0035069782759772072	0.0046599886159634785	0.004972514336628344	0.004554594436808957	0.004907109658992302	0.004825308731370589	0.0024098710927321805	0.0016735322648577752	0.002280218962456923	0.0006810927318979855	0.0031900717473705566	0.000818921477590821	0.00025702632819070095	0.0022916456594621617	0.0	0.0001535212665860196	0.00037365383950814756	0.00015374354435824237	0.00039496320374635856	0.0021755331791878303	0.0018559219712809929	0.0016667040649856483	0.002277090295211437	0.0008350374371704251	0.0013018420207212699	0.00015408855635309405	0.00015876855235429375	0.01602780846071299	0.016718628036796586	0.016541943404994132
C3-C21-C3hj	1461514	0.006092896447289938	0.004883293382624005	0.004910751970195357	0.004352614362806835	0.003897218293960604	0.003897218293960604	0.0040799684380317894	0.003354096153814244	0.004506883576634069	0.004819409297298934	0.004401489397479549	0.004754004619662893	0.00467220369204118	0.0022569958559148728	0.00152052162957564	0.0021271883944161425	0.0008177543738246315	0.003037221736699167	0.000665430144844051	0.00010360405798378769	0.0024449739998844344	0.0001535212665860196	0.0	0.0002203956142177185	2.2227777222277779e-07	0.0002416398428708219	0.002022687566757144	0.0017030663628487073	0.0015135612064681025	0.002124215058394129	0.0006821622003531172	0.0011487369813918606	6.621337866213379e-07	5.739026097390261e-06	0.015874489165892205	0.0165653087419758	0.016388624110173347
C3-C3hj-C21-C3yr	1461515	0.006312837605603652	0.005103234540937719	0.005130693128509071	0.0045725555211205485	0.004117159452274317	0.004117159452274317	0.0042999095963455036	0.0035739621506348097	0.0047268247349477824	0.005039350455612649	0.004621430555793262	0.004973945777976607	0.0048921448503548935	0.0024772138597220833	0.0017406120886194905	0.0023474251766314263	0.0010379030173832736	0.003257248373758818	0.0008856232368830333	0.00032391580345366496	0.0026649562019594123	0.00037365383950814756	0.0002203956142177185	0.0	0.00022052686166480225	0.00046177552986852193	0.002242714203816795	0.0019230955890156725	0.0017335683755124902	0.0023442639129461164	0.0009022110549051048	0.0011494483062955974	0.00022098765644306708	0.0002259313733280016	0.01609476174454784	0.016785581320631435	0.01660889668882898
C3/C21-C3b	1460493	0.006092825954339233	0.0048832228896733	0.004910681477244652	0.004352543869856129	0.0038971478010098987	0.0038971478010098987	0.0040798979450810844	0.0033541054528843373	0.004506813083683364	0.00481933880434823	0.004401418904528844	0.004753934126712189	0.004672133199090475	0.0022570357519252713	0.0015204807447596834	0.002127210685968231	0.0008177718565394673	0.003037208238049032	0.0006653374925615886	0.00010376131238432245	0.0024450288943949836	0.00015374354435824237	2.2227777222277779e-07	0.00022052686166480225	0.0	0.000241525554299679	0.002022674068107009	0.0017030528641985723	0.0015134907135173974	0.002124123567543214	0.0006820756929918593	0.0011486664884411558	6.738326167383261e-07	5.767523247675232e-06	0.01587450266454234	0.016565322240625936	0.016388637608823482
C3-C3b-C3an-C21	1461536	0.006333789427454509	0.005124186362788576	0.005151644950359928	0.004593507342971406	0.0041381112741251756	0.0041381112741251756	0.00432086141819636	0.0035950953062079257	0.004747776556798641	0.005060302277463506	0.004642382377644119	0.0049948975998274645	0.004913096672205752	0.0020158961692863745	0.0012793139861298694	0.0018860711033293345	0.0008210260497700462	0.0027958716880642784	0.000906643297210558	0.00013819379340131974	0.0026860285757670578	0.00039496320374635856	0.0002416398428708219	0.00046177552986852193	0.000241525554299679	0.0	0.001833554796300558	0.0015582751983097545	0.001754488979674065	0.0019007182907596868	0.0004781958309952463	0.0013896299615564318	0.00024205455388922212	0.00024696417196560686	0.016115591264117175	0.01680641084020077	0.01662972620839832
C3/C3bb-C3de-C21ae-C3s-C3an-C21-C3dk-C3abv	1462585	0.0074292617759710855	0.006901917295190791	0.006929375882762143	0.00637123827537362	0.00591584220652739	0.00591584220652739	0.006098592350598574	0.005372509545495698	0.006525507489200855	0.006838033209865721	0.006420113310046334	0.006772628532229679	0.006690827604607966	0.0028031120906139	0.002595635022590963	0.0034754987490902044	0.002445524566617435	0.0017878792733806474	0.0023686714939546737	0.0019192695638731052	0.003937467932420653	0.0021755331791878303	0.002022687566757144	0.002242714203816795	0.002022674068107009	0.001833554796300558	0.0	0.0003235167150039984	0.002642897614730518	0.003068868846327632	0.0020720806618241792	0.003169600105363376	0.0020232402841363455	0.002024921011845262	0.01789592023524831	0.018586739811331906	0.018410055179529452
C3/C3bb-C3de-C21ae-C3s-C21-C3an-C3dk	1462584	0.0071099344545096695	0.0065825597858045455	0.006610018373375897	0.006051880765987375	0.005596484697141143	0.005596484697141143	0.00577923484121233	0.005053152036109454	0.006206149979814609	0.006518675700479475	0.006100755800660088	0.006453271022843434	0.006371470095221719	0.0025240984175829238	0.00232035542460016	0.003200345100719552	0.0021259435466354274	0.0016041321263294676	0.0020490804779710672	0.0015996571379771588	0.003617886912438645	0.0018559219712809929	0.0017030663628487073	0.0019230955890156725	0.0017030528641985723	0.0015582751983097545	0.0003235167150039984	0.0	0.002323306598746912	0.0027936164374611785	0.0017968010638333754	0.0028500360785840874	0.0017036290762295083	0.0017055451098160737	0.01757639319367494	0.018267212769758536	0.018090528137956082
C3/C21-C3xx-C3cl-C3de-C3xw	1462597	0.005063871839062188	0.006395453457239685	0.006422912044811036	0.005864774437422515	0.0054093783685762835	0.0054093783685762835	0.00559212851264747	0.004866379397259715	0.00601904365124975	0.006331569371914616	0.005913649472095229	0.006266164694278573	0.00618436376665686	0.003770082609468338	0.002890194877131504	0.0036402575435112976	0.0018608737649770041	0.0015599070703468981	0.0008481532209558088	0.0016170330387022594	0.002368351769976642	0.0016667040649856483	0.0015135612064681025	0.0017335683755124902	0.0015134907135173974	0.001754488979674065	0.002642897614730518	0.002323306598746912	0.0	0.0012096391442970656	0.002194738609078997	0.0026608970560075412	0.0015139079310837833	0.0015187079710757849	0.01738760340955809	0.018078422985641687	0.017901738353839233
C3-C3fc-C21-C3cl-C3an-C3b	1463231	0.005641177184290046	0.007005016692932122	0.007032475280503474	0.006474337673114951	0.006018941604268721	0.006018941604268721	0.006201691748339907	0.00547560894323703	0.006628606886942187	0.0069411326076070515	0.006523212707787665	0.00687572792997101	0.006793927002349298	0.003913654668359493	0.0030353793800383545	0.0037851196553985514	0.0022334622657668307	0.0021200865622825146	0.0015799720672765292	0.002020825461907603	0.0029786529381785466	0.002277090295211437	0.002124215058394129	0.0023442639129461164	0.002124123567543214	0.0019007182907596868	0.003068868846327632	0.0027936164374611785	0.0012096391442970656	0.0	0.0016418877644132843	0.003271560715117597	0.0021247974001599524	0.002127815094851545	0.017997848505159657	0.018688668081243254	0.0185119834494408
C3-C3fc-C21-C3an-C3b-C3fd-C3s-C3bb	1461205	0.006773126822334831	0.0055635873258847906	0.005591045913456142	0.00503290830606762	0.00457751223722139	0.00457751223722139	0.004760262381292575	0.004034179576189699	0.005187177519894856	0.0054997032405597205	0.005081783340740335	0.005434298562923678	0.005352497635301965	0.002292187671553759	0.0015565008984491252	0.0021631620672336272	0.0012614432925488548	0.003071884098397996	0.0013471685565269883	0.000578772603866591	0.003125860168938181	0.0008350374371704251	0.0006821622003531172	0.0009022110549051048	0.0006820756929918593	0.0004781958309952463	0.0020720806618241792	0.0017968010638333754	0.002194738609078997	0.0016418877644132843	0.0	0.0018297420761661802	0.0006827445421189406	0.0006862581852973514	0.016555933773356936	0.01724675334944053	0.017070068717638078
C3-C3ag-C1bp	1463968	0.007238464745550111	0.006028861680884179	0.006056320268455532	0.005498182661067009	0.005042786592220778	0.005042786592220778	0.005225536736291964	0.004499683862209781	0.005652451874894243	0.005964977595559109	0.005547057695739722	0.005899572917923068	0.005817771990301354	0.0034050225083396297	0.002668492750668285	0.0032751974423825894	0.0019660794255236384	0.004183990886205683	0.0018136580522083012	0.00125218061926489	0.0035925941482430135	0.0013018420207212699	0.0011487369813918606	0.0011494483062955974	0.0011486664884411558	0.0013896299615564318	0.003169600105363376	0.0028500360785840874	0.0026608970560075412	0.003271560715117597	0.0018297420761661802	0.0	0.0011486765874312568	0.001153444310658934	0.01702229344055474	0.017713113016638332	0.01753642838483588
C3	1464066	0.006092836053329334	0.004883232988663401	0.0049106915762347535	0.004352553968846231	0.0038971579000000004	0.0038971579000000004	0.004079908044071186	0.003354260708327502	0.004506823182673465	0.0048193489033383306	0.004401429003518945	0.00475394422570229	0.004672143298080576	0.002257578197680696	0.0015211039713414634	0.0021277531317236554	0.0008181910804439115	0.003037778852319072	0.0006658602890121976	0.00010404072449510097	0.002445459698170549	0.00015408855635309405	6.621337866213379e-07	0.00022098765644306708	6.738326167383261e-07	0.00024205455388922212	0.0020232402841363455	0.0017036290762295083	0.0015139079310837833	0.0021247974001599524	0.0006827445421189406	0.0011486765874312568	0.0	6e-06	0.01587402761204759	0.016564847188131185	0.01638816255632873
C21ef	1464290	0.006092836053329334	0.004883232988663401	0.0049106915762347535	0.004352791521335733	0.0038971579	0.0038971579	0.0040816225011797635	0.003356027178386484	0.004506823182673465	0.0048193489033383306	0.004401679128481457	0.00475394422570229	0.004672143298080576	0.0022583539649505147	0.001524862867782887	0.0021304293964707057	0.0008232754635672868	0.0030397416671931227	0.0006709722666166767	0.0001092504825434913	0.002449997736758972	0.00015876855235429375	5.739026097390261e-06	0.0002259313733280016	5.767523247675232e-06	0.00024696417196560686	0.002024921011845262	0.0017055451098160737	0.0015187079710757849	0.002127815094851545	0.0006862581852973514	0.001153444310658934	6e-06	0.0	0.01587802761204759	0.016568847188131185	0.01639216255632873
C3adm-C3adn-C3adx	1464019	0.021964863665376925	0.020755260600710992	0.020782719188282343	0.020224660765056985	0.01976918551204759	0.01976918551204759	0.019952507141821636	0.01922692552921244	0.020378850794721053	0.02069137651538592	0.02027353999055404	0.02062597183774988	0.020544170910128168	0.018129432261792665	0.01739346844864295	0.017999248850149967	0.016691894357358524	0.018910498987357464	0.016539677343171362	0.01597780079005199	0.018319109823464165	0.01602780846071299	0.015874489165892205	0.01609476174454784	0.01587450266454234	0.016115591264117175	0.01789592023524831	0.01757639319367494	0.01738760340955809	0.017997848505159657	0.016555933773356936	0.01702229344055474	0.01587402761204759	0.01587802761204759	0.0	0.0006912450945195552	0.0005145372638172366
C3adm-C3adn-C3adw	1463756	0.02265568324146052	0.02144608017679459	0.021473538764365946	0.020915480341140585	0.020460005088131186	0.020460005088131186	0.020643326717905232	0.019917745105296036	0.021069670370804653	0.02138219609146951	0.020964359566637635	0.021316791413833476	0.02123499048621176	0.018820251837876265	0.018084288024726548	0.018690068426233566	0.017382713933442123	0.01960131856344106	0.017230496919254962	0.016668620366135582	0.01900992939954776	0.016718628036796586	0.0165653087419758	0.016785581320631435	0.016565322240625936	0.01680641084020077	0.018586739811331906	0.018267212769758536	0.018078422985641687	0.018688668081243254	0.01724675334944053	0.017713113016638332	0.016564847188131185	0.016568847188131185	0.0006912450945195552	0.0	0.0005820483389917296
C3adm-C3adn-C3ado-C3adp	1463757	0.022478998609658067	0.021269395544992138	0.02129685413256349	0.02073879570933813	0.020283320456328732	0.020283320456328736	0.020466642086102778	0.019741060473493582	0.0208929857390022	0.021205511459667065	0.02078767493483518	0.021140106782031022	0.021058305854409307	0.01864356720607381	0.017907603392924097	0.018513383794431112	0.01720602930163967	0.019424633931638607	0.017053812287452508	0.016491935734333128	0.018833244767745307	0.016541943404994132	0.016388624110173347	0.01660889668882898	0.016388637608823482	0.01662972620839832	0.018410055179529452	0.018090528137956082	0.017901738353839233	0.0185119834494408	0.017070068717638078	0.01753642838483588	0.01638816255632873	0.01639216255632873	0.0005145372638172366	0.0005820483389917296	0.0
