46
1          0.0000000 0.0126399 0.0517542 0.0126810 0.0667991 0.0254846 0.0801894 0.0517542 0.0254846 0.0270844 0.0261239 0.0385389 0.0254734 0.0388451 0.0256825 0.0255685 0.0255685 0.0385389 0.0264882 0.0522014 0.0385205 0.0385205 0.0649535 0.0256072 0.0254846 0.0254434 0.0516313 0.0927652 0.0385205 0.0385712 0.0785368 0.0254846 0.0815176 0.0785833 0.1221622 0.0526570 0.0673693 0.0673693 0.0814163 0.0673693 0.0282076 0.0398508 0.0650670 0.0384749 0.0923767 0.0254846 
2          0.0126399 0.0000000 0.0381898 0.0000010 0.0525299 0.0125410 0.0656851 0.0381898 0.0125410 0.0133158 0.0128500 0.0252815 0.0125360 0.0254762 0.0126356 0.0125816 0.0125816 0.0252815 0.0130269 0.0385085 0.0252705 0.0252705 0.0511190 0.0126005 0.0125410 0.0125215 0.0381003 0.0781809 0.0252705 0.0253023 0.0643737 0.0125410 0.0667417 0.0644088 0.1066993 0.0388328 0.0529634 0.0529634 0.0666610 0.0529634 0.0138577 0.0261239 0.0512052 0.0252410 0.0778647 0.0125410 
129923     0.0517542 0.0381898 0.0000000 0.0383159 0.0660897 0.0252388 0.0521300 0.0252682 0.0252388 0.0268064 0.0258654 0.0381582 0.0512999 0.0384580 0.0517389 0.0514974 0.0514974 0.0381582 0.0533592 0.0516688 0.0381402 0.0125404 0.0915131 0.0253590 0.0513261 0.0512395 0.0779571 0.0917577 0.0381402 0.0381898 0.1053537 0.0252388 0.0806200 0.0777537 0.1207556 0.0521144 0.0666466 0.0666466 0.0805211 0.0666466 0.0279058 0.0394430 0.0643958 0.0380955 0.0913784 0.0252388 
4          0.0126810 0.0000010 0.0383159 0.0000000 0.0527097 0.0125816 0.0659107 0.0383159 0.0125816 0.0133615 0.0128500 0.0253641 0.0125765 0.0255601 0.0126767 0.0125816 0.0125816 0.0253641 0.0130707 0.0386367 0.0253530 0.0253530 0.0512890 0.0126414 0.0125816 0.0125619 0.0382258 0.0784476 0.0253530 0.0253851 0.0645890 0.0125816 0.0669749 0.0646244 0.1070747 0.0389633 0.0531463 0.0531463 0.0668926 0.0531463 0.0139072 0.0261239 0.0513757 0.0253233 0.0781292 0.0125816 
5736969    0.0667991 0.0525299 0.0660897 0.0527097 0.0000000 0.0390346 0.0956891 0.0660897 0.0390346 0.0415384 0.0400374 0.0524850 0.0661840 0.0529177 0.0667800 0.0664508 0.0664508 0.0524850 0.0689338 0.0666836 0.0524575 0.0524575 0.1080916 0.0392262 0.0662215 0.0661038 0.0939569 0.0939569 0.0524575 0.0390346 0.1225534 0.0390346 0.0254822 0.0936996 0.1238035 0.0672907 0.0126443 0.0126443 0.0254522 0.0126443 0.0433042 0.0543210 0.0797850 0.0523942 0.1079219 0.0390346 
71161      0.0254846 0.0125410 0.0252388 0.0125816 0.0390346 0.0000000 0.0520675 0.0252388 0.0000010 0.0000010 0.0000010 0.0125308 0.0252705 0.0126252 0.0254762 0.0253641 0.0253641 0.0125308 0.0262687 0.0254440 0.0125258 0.0125258 0.0644088 0.0000010 0.0252815 0.0252410 0.0512052 0.0645735 0.0125258 0.0125410 0.0778647 0.0000010 0.0528897 0.0510765 0.0925148 0.0256526 0.0393490 0.0393490 0.0528254 0.0393490 0.0000010 0.0129429 0.0380688 0.0125113 0.0643198 0.0000010 
1147920    0.0801894 0.0656851 0.0521300 0.0659107 0.0956891 0.0520675 0.0000000 0.0793236 0.0520675 0.0554047 0.0534080 0.0656289 0.0794397 0.0661780 0.0801679 0.0797637 0.0797637 0.0656289 0.0827416 0.0800493 0.0655923 0.0655923 0.0932353 0.0523226 0.0656851 0.0793436 0.0793913 0.1219390 0.0655923 0.0656851 0.1073844 0.0520675 0.1112820 0.0791796 0.1527601 0.0807911 0.0965521 0.0965521 0.1111413 0.0965521 0.0577635 0.0679355 0.0655500 0.0387474 0.0930947 0.0520675 
44826      0.0517542 0.0381898 0.0252682 0.0383159 0.0660897 0.0252388 0.0793236 0.0000000 0.0252388 0.0268064 0.0258654 0.0381582 0.0512999 0.0384580 0.0517389 0.0514974 0.0514974 0.0381582 0.0533592 0.0516688 0.0381402 0.0125404 0.0915131 0.0253590 0.0513261 0.0512395 0.0779571 0.0917577 0.0125404 0.0381898 0.1053537 0.0252388 0.0806200 0.0777537 0.1207556 0.0521144 0.0666466 0.0666466 0.0805211 0.0666466 0.0279058 0.0394430 0.0643958 0.0380955 0.0913784 0.0252388 
32         0.0254846 0.0125410 0.0252388 0.0125816 0.0390346 0.0000010 0.0520675 0.0252388 0.0000000 0.0000010 0.0000010 0.0125308 0.0252705 0.0126252 0.0254762 0.0253641 0.0253641 0.0125308 0.0262687 0.0254440 0.0125258 0.0125258 0.0644088 0.0000010 0.0252815 0.0252410 0.0512052 0.0645735 0.0125258 0.0125410 0.0778647 0.0000010 0.0528897 0.0510765 0.0925148 0.0256526 0.0393490 0.0393490 0.0528254 0.0393490 0.0000010 0.0129429 0.0380688 0.0125113 0.0643198 0.0000010 
11299      0.0270844 0.0133158 0.0268064 0.0133615 0.0415384 0.0000010 0.0554047 0.0268064 0.0000010 0.0000000 0.0000010 0.0133043 0.0268424 0.0134108 0.0270751 0.0269481 0.0269481 0.0133043 0.0279712 0.0270385 0.0132986 0.0132986 0.0684815 0.0000010 0.0268549 0.0268091 0.0544268 0.0686694 0.0132986 0.0133158 0.0828184 0.0000010 0.0563387 0.0542811 0.0985135 0.0272747 0.0418956 0.0418956 0.0418956 0.0418956 0.0000010 0.0137689 0.0404447 0.0132823 0.0683802 0.0000010 
41         0.0261239 0.0128500 0.0258654 0.0128500 0.0400374 0.0000010 0.0534080 0.0258654 0.0000010 0.0000010 0.0000000 0.0128392 0.0258988 0.0129383 0.0261151 0.0259104 0.0259104 0.0128392 0.0269484 0.0260812 0.0128340 0.0128340 0.0660498 0.0000010 0.0259104 0.0258678 0.0524999 0.0662243 0.0128340 0.0128500 0.0798659 0.0000010 0.0542745 0.0523646 0.0949453 0.0263007 0.0403687 0.0403687 0.0542068 0.0403687 0.0000010 0.0129429 0.0390211 0.0128187 0.0659559 0.0000010 
23471      0.0385389 0.0252815 0.0381582 0.0253641 0.0524850 0.0125308 0.0656289 0.0381582 0.0125308 0.0133043 0.0128392 0.0000000 0.0382078 0.0254551 0.0254762 0.0383522 0.0383522 0.0252607 0.0397302 0.0384763 0.0252497 0.0252497 0.0779102 0.0125902 0.0382258 0.0381630 0.0645192 0.0781147 0.0252497 0.0252815 0.0915703 0.0125308 0.0666836 0.0643549 0.1066068 0.0388001 0.0529177 0.0529177 0.0666031 0.0529177 0.0138452 0.0261017 0.0511625 0.0252203 0.0777990 0.0125308 
308        0.0254734 0.0125360 0.0512999 0.0125765 0.0661840 0.0252705 0.0794397 0.0512999 0.0252705 0.0268424 0.0258988 0.0382078 0.0000000 0.0385085 0.0254650 0.0253530 0.0253530 0.0382078 0.0262567 0.0517389 0.0381898 0.0381898 0.0643737 0.0253911 0.0252705 0.0252300 0.0511792 0.0918936 0.0381898 0.0382395 0.0778193 0.0252705 0.0807403 0.0778647 0.1209484 0.0521858 0.0667417 0.0667417 0.0806410 0.0667417 0.0279448 0.0394962 0.0644840 0.0381450 0.0915131 0.0252705 
59         0.0388451 0.0254762 0.0384580 0.0255601 0.0529177 0.0126252 0.0661780 0.0384580 0.0126252 0.0134108 0.0129383 0.0254551 0.0385085 0.0000000 0.0388328 0.0386552 0.0386552 0.0254551 0.0400559 0.0387815 0.0254440 0.0254440 0.0785625 0.0126855 0.0385269 0.0384629 0.0650487 0.0787706 0.0254440 0.0254762 0.0923539 0.0126252 0.0672518 0.0648804 0.1075522 0.0391107 0.0533581 0.0533581 0.0671687 0.0533581 0.0139607 0.0263096 0.0515726 0.0254141 0.0784492 0.0126252 
828        0.0256825 0.0126356 0.0517389 0.0126767 0.0667800 0.0254762 0.0801679 0.0517389 0.0254762 0.0270751 0.0261151 0.0254762 0.0254650 0.0388328 0.0000000 0.0255601 0.0255601 0.0385269 0.0264792 0.0521858 0.0385085 0.0385085 0.0649353 0.0255988 0.0254762 0.0254351 0.0516160 0.0927422 0.0385085 0.0385591 0.0785160 0.0254762 0.0814956 0.0785625 0.1221363 0.0526411 0.0673499 0.0673499 0.0813943 0.0673499 0.0281975 0.0398379 0.0650487 0.0384629 0.0923539 0.0254762 
831        0.0255685 0.0125816 0.0514974 0.0125816 0.0664508 0.0253641 0.0797637 0.0514974 0.0253641 0.0269481 0.0259104 0.0383522 0.0253530 0.0386552 0.0255601 0.0000000 0.0253641 0.0383522 0.0263579 0.0519399 0.0383340 0.0383340 0.0646244 0.0254856 0.0253641 0.0253233 0.0513757 0.0922688 0.0383340 0.0383841 0.0781292 0.0253641 0.0810758 0.0781751 0.1214669 0.0523906 0.0670135 0.0670135 0.0809756 0.0670135 0.0280596 0.0395156 0.0647366 0.0382889 0.0918849 0.0253641 
832        0.0255685 0.0125816 0.0514974 0.0125816 0.0664508 0.0253641 0.0797637 0.0514974 0.0253641 0.0269481 0.0259104 0.0383522 0.0253530 0.0386552 0.0255601 0.0253641 0.0000000 0.0383522 0.0263579 0.0519399 0.0383340 0.0383340 0.0646244 0.0254856 0.0253641 0.0253233 0.0513757 0.0922688 0.0383340 0.0383841 0.0781292 0.0253641 0.0810758 0.0781751 0.1214669 0.0523906 0.0670135 0.0670135 0.0809756 0.0670135 0.0280596 0.0395156 0.0647366 0.0382889 0.0918849 0.0253641 
12353      0.0385389 0.0252815 0.0381582 0.0253641 0.0524850 0.0125308 0.0656289 0.0381582 0.0125308 0.0133043 0.0128392 0.0252607 0.0382078 0.0254551 0.0385269 0.0383522 0.0383522 0.0000000 0.0397302 0.0384763 0.0252497 0.0252497 0.0779102 0.0125902 0.0382258 0.0381630 0.0645192 0.0781147 0.0252497 0.0252815 0.0915703 0.0125308 0.0666836 0.0643549 0.1066068 0.0388001 0.0529177 0.0529177 0.0666031 0.0529177 0.0138452 0.0261017 0.0511625 0.0252203 0.0777990 0.0125308 
835        0.0264882 0.0130269 0.0533592 0.0130707 0.0689338 0.0262687 0.0827416 0.0533592 0.0262687 0.0279712 0.0269484 0.0397302 0.0262567 0.0400559 0.0264792 0.0263579 0.0263579 0.0397302 0.0000000 0.0538354 0.0397105 0.0397105 0.0669679 0.0263990 0.0262687 0.0262249 0.0532286 0.0956748 0.0397105 0.0397644 0.0809789 0.0262687 0.0841568 0.0810289 0.1260522 0.0543208 0.0695420 0.0695420 0.0840489 0.0695420 0.0291706 0.0411259 0.0670887 0.0396621 0.0952606 0.0262687 
1390021    0.0522014 0.0385085 0.0516688 0.0386367 0.0666836 0.0254440 0.0800493 0.0516688 0.0254440 0.0270385 0.0260812 0.0384763 0.0517389 0.0387815 0.0521858 0.0519399 0.0519399 0.0384763 0.0538354 0.0000000 0.0126400 0.0384580 0.0923539 0.0255662 0.0517655 0.0516773 0.0786567 0.0926034 0.0384580 0.0385085 0.1063459 0.0254440 0.0813727 0.0784492 0.1219390 0.0525683 0.0672518 0.0672518 0.0812718 0.0672518 0.0281578 0.0397838 0.0649577 0.0384126 0.0922163 0.0254440 
8520       0.0385205 0.0252705 0.0381402 0.0253530 0.0524575 0.0125258 0.0655923 0.0381402 0.0125258 0.0132986 0.0128340 0.0252497 0.0381898 0.0254440 0.0385085 0.0383340 0.0383340 0.0252497 0.0397105 0.0126400 0.0000000 0.0252388 0.0778647 0.0125852 0.0382078 0.0381450 0.0644840 0.0780688 0.0252388 0.0252705 0.0915131 0.0125258 0.0666466 0.0643198 0.1065345 0.0387815 0.0528897 0.0528897 0.0665651 0.0528897 0.0138391 0.0260899 0.0511366 0.0252093 0.0777537 0.0125258 
1354       0.0385205 0.0252705 0.0125404 0.0253530 0.0524575 0.0125258 0.0655923 0.0125404 0.0125258 0.0132986 0.0128340 0.0252497 0.0381898 0.0254440 0.0385085 0.0383340 0.0383340 0.0252497 0.0397105 0.0384580 0.0252388 0.0000000 0.0778647 0.0125852 0.0382078 0.0381450 0.0644840 0.0780688 0.0252388 0.0252705 0.0915131 0.0125258 0.0666466 0.0643198 0.1065345 0.0387815 0.0528897 0.0528897 0.0665651 0.0528897 0.0138391 0.0260899 0.0511366 0.0252093 0.0777537 0.0125258 
1103       0.0649535 0.0511190 0.0915131 0.0512890 0.1080916 0.0644088 0.0932353 0.0915131 0.0644088 0.0684815 0.0660498 0.0779102 0.0643737 0.0785625 0.0649353 0.0646244 0.0646244 0.0779102 0.0669679 0.0923539 0.0778647 0.0778647 0.0000000 0.0647192 0.0644088 0.0642978 0.0124823 0.0778836 0.0778647 0.0779761 0.0124823 0.0644088 0.1236844 0.0124873 0.1062777 0.0932121 0.1090662 0.1090662 0.1235308 0.1090662 0.0713628 0.0806243 0.0251616 0.0511449 0.0251616 0.0644088 
80         0.0256072 0.0126005 0.0253590 0.0126414 0.0392262 0.0000010 0.0523226 0.0253590 0.0000010 0.0000010 0.0000010 0.0125902 0.0253911 0.0126855 0.0255988 0.0254856 0.0254856 0.0125902 0.0263990 0.0255662 0.0125852 0.0125852 0.0647192 0.0000000 0.0254022 0.0253613 0.0514517 0.0648866 0.0125852 0.0126005 0.0782428 0.0000010 0.0531531 0.0513218 0.0929716 0.0257769 0.0395437 0.0395437 0.0530881 0.0395437 0.0000010 0.0130062 0.0382509 0.0125705 0.0646293 0.0000010 
848        0.0254846 0.0125410 0.0513261 0.0125816 0.0662215 0.0252815 0.0656851 0.0513261 0.0252815 0.0268549 0.0259104 0.0382258 0.0252705 0.0385269 0.0254762 0.0253641 0.0253641 0.0382258 0.0262687 0.0517655 0.0382078 0.0382078 0.0644088 0.0254022 0.0000000 0.0252410 0.0512052 0.0919515 0.0382078 0.0382576 0.0778647 0.0252815 0.0807901 0.0779102 0.1210360 0.0522130 0.0667800 0.0667800 0.0806906 0.0667800 0.0279585 0.0395156 0.0645192 0.0381630 0.0915703 0.0252815 
17875      0.0254434 0.0125215 0.0512395 0.0125619 0.0661038 0.0252410 0.0793436 0.0512395 0.0252410 0.0268091 0.0258678 0.0381630 0.0252300 0.0384629 0.0254351 0.0253233 0.0253233 0.0381630 0.0262249 0.0516773 0.0381450 0.0381450 0.0642978 0.0253613 0.0252410 0.0000000 0.0511190 0.0917840 0.0381450 0.0381946 0.0777272 0.0252410 0.0806410 0.0777725 0.1208017 0.0521232 0.0666610 0.0666610 0.0805420 0.0666610 0.0279087 0.0394483 0.0644088 0.0381003 0.0914044 0.0252410 
1108       0.0516313 0.0381003 0.0779571 0.0382258 0.0939569 0.0512052 0.0793913 0.0779571 0.0512052 0.0544268 0.0524999 0.0645192 0.0511792 0.0650487 0.0516160 0.0513757 0.0513757 0.0645192 0.0532286 0.0786567 0.0644840 0.0644840 0.0124823 0.0514517 0.0512052 0.0511190 0.0000000 0.0644971 0.0644840 0.0645735 0.0251507 0.0512052 0.1092014 0.0251616 0.0924036 0.0793702 0.0947858 0.0947858 0.1090662 0.0947858 0.0566987 0.0667442 0.0125018 0.0381182 0.0380243 0.0512052 
37587      0.0927652 0.0781809 0.0917577 0.0784476 0.0939569 0.0645735 0.1219390 0.0917577 0.0645735 0.0686694 0.0662243 0.0781147 0.0918936 0.0787706 0.0927422 0.0922688 0.0922688 0.0781147 0.0956748 0.0926034 0.0780688 0.0780688 0.0778836 0.0648866 0.0919515 0.0917840 0.0644971 0.0000000 0.0780688 0.0512479 0.0915392 0.0645735 0.1092014 0.0643328 0.0253837 0.0934667 0.0947858 0.0947858 0.1090662 0.0947858 0.0715664 0.0808440 0.0511449 0.0779761 0.0777725 0.0645735 
982        0.0385205 0.0252705 0.0381402 0.0253530 0.0524575 0.0125258 0.0655923 0.0125404 0.0125258 0.0132986 0.0128340 0.0252497 0.0381898 0.0254440 0.0385085 0.0383340 0.0383340 0.0252497 0.0397105 0.0384580 0.0252388 0.0252388 0.0778647 0.0125852 0.0382078 0.0381450 0.0644840 0.0780688 0.0000000 0.0252705 0.0915131 0.0125258 0.0666466 0.0643198 0.1065345 0.0387815 0.0528897 0.0528897 0.0665651 0.0528897 0.0138391 0.0260899 0.0511366 0.0252093 0.0777537 0.0125258 
21974      0.0385712 0.0253023 0.0381898 0.0253851 0.0390346 0.0125410 0.0656851 0.0381898 0.0125410 0.0133158 0.0128500 0.0252815 0.0382395 0.0254762 0.0385591 0.0383841 0.0383841 0.0252815 0.0397644 0.0385085 0.0252705 0.0252705 0.0779761 0.0126005 0.0382576 0.0381946 0.0645735 0.0512479 0.0252705 0.0000000 0.0916483 0.0125410 0.0528897 0.0644088 0.0786503 0.0388328 0.0393490 0.0393490 0.0528254 0.0393490 0.0138577 0.0261239 0.0512052 0.0252410 0.0778647 0.0125410 
1112       0.0785368 0.0643737 0.1053537 0.0645890 0.1225534 0.0778647 0.1073844 0.1053537 0.0778647 0.0828184 0.0798659 0.0915703 0.0778193 0.0923539 0.0785160 0.0781292 0.0781292 0.0915703 0.0809789 0.1063459 0.0915131 0.0915131 0.0124823 0.0782428 0.0778647 0.0777272 0.0251507 0.0915392 0.0915131 0.0916483 0.0000000 0.0778647 0.1385229 0.0251616 0.1204636 0.1073596 0.1236844 0.1236844 0.1383503 0.1236844 0.0713628 0.0947992 0.0380243 0.0644088 0.0125018 0.0778647 
2520       0.0254846 0.0125410 0.0252388 0.0125816 0.0390346 0.0000010 0.0520675 0.0252388 0.0000010 0.0000010 0.0000010 0.0125308 0.0252705 0.0126252 0.0254762 0.0253641 0.0253641 0.0125308 0.0262687 0.0254440 0.0125258 0.0125258 0.0644088 0.0000010 0.0252815 0.0252410 0.0512052 0.0645735 0.0125258 0.0125410 0.0778647 0.0000000 0.0528897 0.0510765 0.0925148 0.0256526 0.0393490 0.0393490 0.0528254 0.0393490 0.0000010 0.0129429 0.0380688 0.0125113 0.0643198 0.0000010 
5737177    0.0815176 0.0667417 0.0806200 0.0669749 0.0254822 0.0528897 0.1112820 0.0806200 0.0528897 0.0563387 0.0542745 0.0666836 0.0807403 0.0672518 0.0814956 0.0810758 0.0810758 0.0666836 0.0841568 0.0813727 0.0666466 0.0666466 0.1236844 0.0531531 0.0807901 0.0806410 0.1092014 0.1092014 0.0666466 0.0528897 0.1385229 0.0528897 0.0000000 0.1088929 0.1399880 0.0821411 0.0125403 0.0125403 0.0252386 0.0125403 0.0587812 0.0690695 0.0946400 0.0665651 0.1234813 0.0528897 
1118       0.0785833 0.0644088 0.0777537 0.0646244 0.0936996 0.0510765 0.0791796 0.0777537 0.0510765 0.0542811 0.0523646 0.0643549 0.0778647 0.0648804 0.0785625 0.0781751 0.0781751 0.0643549 0.0810289 0.0784492 0.0643198 0.0643198 0.0124873 0.0513218 0.0779102 0.0777725 0.0251616 0.0643328 0.0643198 0.0644088 0.0251616 0.0510765 0.1088929 0.0000000 0.0921552 0.0791586 0.0945235 0.0945235 0.1087585 0.0945235 0.0565403 0.0665668 0.0124722 0.0380243 0.0124722 0.0510765 
45023      0.1221622 0.1066993 0.1207556 0.1070747 0.1238035 0.0925148 0.1527601 0.1207556 0.0925148 0.0985135 0.0949453 0.1066068 0.1209484 0.1075522 0.1221363 0.1214669 0.1214669 0.1066068 0.1260522 0.1219390 0.1065345 0.1065345 0.1062777 0.0929716 0.1210360 0.1208017 0.0924036 0.0253837 0.1065345 0.0786503 0.1204636 0.0925148 0.1399880 0.0921552 0.0000000 0.1231495 0.1249610 0.1249610 0.1398115 0.1249610 0.0715664 0.1104621 0.0784893 0.1064060 0.1061144 0.0925148 
13282      0.0526570 0.0388328 0.0521144 0.0389633 0.0672907 0.0256526 0.0807911 0.0521144 0.0256526 0.0272747 0.0263007 0.0388001 0.0521858 0.0391107 0.0526411 0.0523906 0.0523906 0.0388001 0.0543208 0.0525683 0.0387815 0.0387815 0.0932121 0.0257769 0.0522130 0.0521232 0.0793702 0.0934667 0.0387815 0.0388328 0.1073596 0.0256526 0.0821411 0.0791586 0.1231495 0.0000000 0.0678700 0.0678700 0.0820382 0.0678700 0.0284145 0.0401308 0.0655314 0.0387353 0.0930716 0.0256526 
5736931    0.0673693 0.0529634 0.0666466 0.0531463 0.0126443 0.0393490 0.0965521 0.0666466 0.0393490 0.0418956 0.0403687 0.0529177 0.0667417 0.0533581 0.0673499 0.0670135 0.0670135 0.0529177 0.0695420 0.0672518 0.0528897 0.0528897 0.1090662 0.0395437 0.0667800 0.0666610 0.0947858 0.0947858 0.0528897 0.0393490 0.1236844 0.0393490 0.0125403 0.0945235 0.1249610 0.0678700 0.0000000 0.0000010 0.0125258 0.0000010 0.0436933 0.0547859 0.0804715 0.0528254 0.1088929 0.0393490 
5736932    0.0673693 0.0529634 0.0666466 0.0531463 0.0126443 0.0393490 0.0965521 0.0666466 0.0393490 0.0418956 0.0403687 0.0529177 0.0667417 0.0533581 0.0673499 0.0670135 0.0670135 0.0529177 0.0695420 0.0672518 0.0528897 0.0528897 0.1090662 0.0395437 0.0667800 0.0666610 0.0947858 0.0947858 0.0528897 0.0393490 0.1236844 0.0393490 0.0125403 0.0945235 0.1249610 0.0678700 0.0000010 0.0000000 0.0125258 0.0000010 0.0436933 0.0547859 0.0804715 0.0528254 0.1088929 0.0393490 
5736933    0.0814163 0.0666610 0.0805211 0.0668926 0.0254522 0.0528254 0.1111413 0.0805211 0.0528254 0.0418956 0.0542068 0.0666031 0.0806410 0.0671687 0.0813943 0.0809756 0.0809756 0.0666031 0.0840489 0.0812718 0.0665651 0.0665651 0.1235308 0.0530881 0.0806906 0.0805420 0.1090662 0.1090662 0.0665651 0.0528254 0.1383503 0.0528254 0.0252386 0.1087585 0.1398115 0.0820382 0.0125258 0.0125258 0.0000000 0.0125258 0.0587019 0.0689819 0.0945235 0.0664839 0.1233283 0.0528254 
5736934    0.0673693 0.0529634 0.0666466 0.0531463 0.0126443 0.0393490 0.0965521 0.0666466 0.0393490 0.0418956 0.0403687 0.0529177 0.0667417 0.0533581 0.0673499 0.0670135 0.0670135 0.0529177 0.0695420 0.0672518 0.0528897 0.0528897 0.1090662 0.0395437 0.0667800 0.0666610 0.0947858 0.0947858 0.0528897 0.0393490 0.1236844 0.0393490 0.0125403 0.0945235 0.1249610 0.0678700 0.0000010 0.0000010 0.0125258 0.0000000 0.0436933 0.0547859 0.0804715 0.0528254 0.1088929 0.0393490 
71406      0.0282076 0.0138577 0.0279058 0.0139072 0.0433042 0.0000010 0.0577635 0.0279058 0.0000010 0.0000010 0.0000010 0.0138452 0.0279448 0.0139607 0.0281975 0.0280596 0.0280596 0.0138452 0.0291706 0.0281578 0.0138391 0.0138391 0.0713628 0.0000010 0.0279585 0.0279087 0.0566987 0.0715664 0.0138391 0.0138577 0.0713628 0.0000010 0.0587812 0.0565403 0.0715664 0.0284145 0.0436933 0.0436933 0.0587019 0.0436933 0.0000000 0.0143502 0.0421151 0.0138213 0.0565403 0.0000010 
38767      0.0398508 0.0261239 0.0394430 0.0261239 0.0543210 0.0129429 0.0679355 0.0394430 0.0129429 0.0137689 0.0129429 0.0261017 0.0394962 0.0263096 0.0398379 0.0395156 0.0395156 0.0261017 0.0411259 0.0397838 0.0260899 0.0260899 0.0806243 0.0130062 0.0395156 0.0394483 0.0667442 0.0808440 0.0260899 0.0261239 0.0947992 0.0129429 0.0690695 0.0665668 0.1104621 0.0401308 0.0547859 0.0547859 0.0689819 0.0547859 0.0143502 0.0000000 0.0529029 0.0260585 0.0805045 0.0129429 
2553       0.0650670 0.0512052 0.0643958 0.0513757 0.0797850 0.0380688 0.0655500 0.0643958 0.0380688 0.0404447 0.0390211 0.0511625 0.0644840 0.0515726 0.0650487 0.0647366 0.0647366 0.0511625 0.0670887 0.0649577 0.0511366 0.0511366 0.0251616 0.0382509 0.0645192 0.0644088 0.0125018 0.0511449 0.0511366 0.0512052 0.0380243 0.0380688 0.0946400 0.0124722 0.0784893 0.0655314 0.0804715 0.0804715 0.0945235 0.0804715 0.0421151 0.0529029 0.0000000 0.0251909 0.0251301 0.0380688 
2554       0.0384749 0.0252410 0.0380955 0.0253233 0.0523942 0.0125113 0.0387474 0.0380955 0.0125113 0.0132823 0.0128187 0.0252203 0.0381450 0.0254141 0.0384629 0.0382889 0.0382889 0.0252203 0.0396621 0.0384126 0.0252093 0.0252093 0.0511449 0.0125705 0.0381630 0.0381003 0.0381182 0.0779761 0.0252093 0.0252410 0.0644088 0.0125113 0.0665651 0.0380243 0.1064060 0.0387353 0.0528254 0.0528254 0.0664839 0.0528254 0.0138213 0.0260585 0.0251909 0.0000000 0.0510765 0.0125113 
2555       0.0923767 0.0778647 0.0913784 0.0781292 0.1079219 0.0643198 0.0930947 0.0913784 0.0643198 0.0683802 0.0659559 0.0777990 0.0915131 0.0784492 0.0923539 0.0918849 0.0918849 0.0777990 0.0952606 0.0922163 0.0777537 0.0777537 0.0251616 0.0646293 0.0915703 0.0914044 0.0380243 0.0777725 0.0777537 0.0778647 0.0125018 0.0643198 0.1234813 0.0124722 0.1061144 0.0930716 0.1088929 0.1088929 0.1233283 0.1088929 0.0565403 0.0805045 0.0251301 0.0510765 0.0000000 0.0643198 
38269      0.0254846 0.0125410 0.0252388 0.0125816 0.0390346 0.0000010 0.0520675 0.0252388 0.0000010 0.0000010 0.0000010 0.0125308 0.0252705 0.0126252 0.0254762 0.0253641 0.0253641 0.0125308 0.0262687 0.0254440 0.0125258 0.0125258 0.0644088 0.0000010 0.0252815 0.0252410 0.0512052 0.0645735 0.0125258 0.0125410 0.0778647 0.0000010 0.0528897 0.0510765 0.0925148 0.0256526 0.0393490 0.0393490 0.0528254 0.0393490 0.0000010 0.0129429 0.0380688 0.0125113 0.0643198 0.0000000 
