CR-3	201395	0	0.3385357872462947	0.3618328609874014	0.552132701421801	0.32595208833149436	0.28318875145788464	0.2890993391692574	0.43964622473131865	0.31124600309561506	0.3208421672820356	0.3075508972881328	0.3202624724141674	0.26777251184834117	0.32278920583891507	0.31934295910884186	0.3228015838480577	0.3068260681301865	0.32135004720314636	0.3267224626480955	0.33581045974054	0.3192417847896981	0.32006454315338934	0.3037265347358151	0.31264393985282796	0.34633559997252567	0.3060220279282996	0.3294322710344524	0.3076198155537748	0.7956403269754768	0.28169431279620855	0.7250000000000002	0.3473204327808702	0.3158941693117092	0.2929490279524132	0.3295202169828893	0.34083250736298615	0.32261292741050135	0.32080534333387944	0.30843085742561016	0.34619537011288454	0.2995770790525886	0.34424739676230276	0.33146784827043385	0.31392773569796883	0.33627929186688055	0.3939104791995787	0.3242619570478829	0.31396312390204295	0.3297530980223675	0.3166750601680654	0.3432973600563391	0.32218955549634287	0.3169837167947369	0.34816801193752034	0.3326376102577056	0.32680030114188496	0.3021537363397648	0.26511838649337555	0.27225680541238606	0.35014669374858953	0.30077501196240813	0.3145754931838147	0.46091457910178296	0.36386864274209424	0.32776067155078936	0.3204363531577246	0.33920217019004373	0.3225575380231081	0.3318960436096782	0.28959749015419534	0.31797362679799096	0.302767795658791	0.293400679114786	0.2953861099784535	0.2901001208960697	0.3342259786016481	0.33107100845193005	0.3246376824035071	0.3371355471816188
CR-6	201410	0.3385357872462947	0	0.27886539738228266	0.3694006684191754	0.16081623136439988	0.1343709595267772	0.0840606297948384	0.34622501623030155	0.12108560542985676	0.04570485686243819	0.05726555955808541	0.11160878598717673	0.21300209987472854	0.03309974432904415	0.04715319077369015	0.06211921401468709	0.08274559387759294	0.03355891036113664	0.05439802762085052	0.04381353577864205	0.039150233360677786	0.026848798563375027	0.0705111187443964	0.06088523655168633	0.11266683437451956	0.09854493147022178	0.0461487421610983	0.06128341972888154	0.7956403269754767	0.2333730110896818	0.7250000000000002	0.04535998693501725	0.0887178228187049	0.10535352314227803	0.03850219282938868	0.04477485017338036	0.05259739905965159	0.034311050252892196	0.058175111557173795	0.056286307622062784	0.09394057717721518	0.13729810626877226	0.03785883622754609	0.04798801007683727	0.022949854958216026	0.10664829101039325	0.050424067160753185	0.05583560942935561	0.026504437980086868	0.05613013141601455	0.058691129029134925	0.03880969814890735	0.060794046453181434	0.04723948794704346	0.04007211125564182	0.04492580223361472	0.10487174379672763	0.139572819975823	0.12747508753627293	0.25517671549494114	0.11380772084562144	0.1336077848440648	0.24616567938650874	0.06194165509403893	0.06286297030247442	0.04959097490703302	0.03652637018747667	0.03538117432765456	0.05085671031529145	0.06724815624702896	0.07237835884535472	0.1746031746031746	0.1388364870215867	0.09516535914465211	0.07537011275155425	0.1146791157375214	0.03817320130771219	0.0691340785782068	0.06915975030858801
CR-8	201412	0.3618328609874014	0.27886539738228266	0	0.5100502512562815	0.27807013526622343	0.24016441762980567	0.271356783919598	0.2503915871361442	0.2930505042287073	0.27135678391959794	0.27135678391959794	0.2820615481990103	0.3287387091219337	0.271356783919598	0.271356783919598	0.2713567839195979	0.271356783919598	0.2713567839195979	0.2713567839195979	0.276140069876528	0.27135678391959794	0.27135678391959794	0.271356783919598	0.27135678391959794	0.2721724564853252	0.2713567839195979	0.271356783919598	0.271356783919598	0.7956403269754767	0.3609257223618091	0.7035714285714288	0.28765004291685825	0.2804974797535076	0.271356783919598	0.2713567839195979	0.28116211749897413	0.271356783919598	0.2713567839195979	0.27135678391959794	0.28113504453551086	0.27135678391959794	0.32008609355018824	0.27179745840642183	0.27135678391959794	0.2766089020028685	0.3342400893355667	0.27135678391959794	0.2713567839195979	0.271356783919598	0.27135678391959794	0.2836269701923271	0.271356783919598	0.271356783919598	0.2884976220735083	0.27296722039369353	0.271356783919598	0.275634377186733	0.2713567839195979	0.27135678391959805	0.3915928850602217	0.27135678391959794	0.27135678391959783	0.42400993060540787	0.3041982528780823	0.271356783919598	0.271356783919598	0.27953178032603176	0.27135678391959794	0.2722256537456662	0.271356783919598	0.27135678391959794	0.30109337898282623	0.27260679682533595	0.271356783919598	0.2713567839195979	0.2745555887376361	0.27140061858791803	0.2713567839195979	0.27746515731760674
CR-13	201417	0.552132701421801	0.3694006684191754	0.5100502512562815	0	0.38856669428334717	0.45706038008178984	0.4058679706601466	0.5619930475086907	0.39598622859697336	0.3782393621746911	0.3823063550318716	0.4444179389312977	0.5277777777777778	0.38506450671406095	0.38220636108927386	0.3981245177755357	0.4249061326658322	0.38061687461827065	0.38713638462232186	0.3871172900223112	0.3806511820821237	0.3701525528070442	0.3968934739770489	0.39083296606434553	0.4057971014492753	0.41832414336352897	0.3773433761618333	0.3844515116599357	0.7956403269754768	0.5546875	0.7821428571428575	0.3840567794093144	0.4168577981651377	0.42361516034985425	0.37686154468316274	0.3751812272124033	0.38309728349198974	0.3718659681904906	0.391740974807376	0.3958171252218988	0.4299458809380637	0.42123287671232873	0.37217575098039085	0.386092603655125	0.3697833054587558	0.3804444444444444	0.3856875795397956	0.38005812795635263	0.38126929921334046	0.3814107903963929	0.38152610441767065	0.38440407064789406	0.39101347504270256	0.3843736541631573	0.3777006725910643	0.37545494342564806	0.40597391670172484	0.4276073619631902	0.4468813523055527	0.4984126984126984	0.4305726980992347	0.45101544622425627	0.4166666666666667	0.371638141809291	0.3760869160877531	0.3757210940175994	0.3761365544706475	0.3754812427254006	0.38259486656985114	0.39070422535211263	0.4225611628621148	0.47619047619047633	0.4710889345465218	0.43117066290550066	0.4113754165124029	0.45749493058805163	0.37859299148994696	0.410795145806919	0.415623221400114
CR-17	201418	0.32595208833149436	0.16081623136439988	0.27807013526622343	0.38856669428334717	0	0.1888826152896759	0.16792882454595134	0.37227925296079295	0.11503218604295024	0.1696549251199156	0.16370117290074426	0.1961439814609856	0.2804701890409097	0.17648006965928537	0.17362192403449828	0.17596970501454764	0.17720507441814	0.16636103018194015	0.17855194756754625	0.17107634923928378	0.16650576027140632	0.1615681157522686	0.17115081591813044	0.17254266618906489	0.17957806515135138	0.17750668962146873	0.16875893910705778	0.17586707460516007	0.7826604871522236	0.31387004625793974	0.6987641535487435	0.16801583862628702	0.17604034442307742	0.18279770660779399	0.16827710762838718	0.1665967901576278	0.17451284643721418	0.15582502740746318	0.17092045073884482	0.1872326881671233	0.1850694975507841	0.22621921705226086	0.1635913139256153	0.1775081666003494	0.16119886840398026	0.18862781920279856	0.1771031424850199	0.17147369090157694	0.1726848621585649	0.1728263533416173	0.14660797290237998	0.17581963359311853	0.17326715288586975	0.17052361388707143	0.16911623553628874	0.16687050637087256	0.16118688754899002	0.18678990822112998	0.20606389856349236	0.3069817598400862	0.1897552443571746	0.21019799248219606	0.3283697281729593	0.17657457280236385	0.16750247903297746	0.16120033748090268	0.16127657742754736	0.1601974592653963	0.17401042951507548	0.16391604529135603	0.18174370912005466	0.2472107658520251	0.23027148080446158	0.18289670543518857	0.17419046113108147	0.21667747684599153	0.17000855443517152	0.16537439510040772	0.17480576765805364
CR-18	201422	0.28318875145788464	0.1343709595267772	0.24016441762980567	0.45706038008178984	0.1888826152896759	0	0.09952480400479109	0.3187496962826295	0.185941094444601	0.1261972766981899	0.11379792193802316	0.14788695269207772	0.18150932593523517	0.11845854528704412	0.12858305312892074	0.11853896434112564	0.10283958909827247	0.1275446917487258	0.14388454024578057	0.13816795842010207	0.11746163583961075	0.12574496699249427	0.12917213094922703	0.12844304560047803	0.13214100190703296	0.09347941260747385	0.13239127948695642	0.11329813629813179	0.7956403269754768	0.22556706559217382	0.712250420976666	0.14207431468399603	0.14589393263931955	0.12730603221047174	0.13281993310377282	0.1552051094410057	0.13175992030323913	0.12790301754445044	0.11109719489046638	0.1518834521316942	0.10379500766492636	0.23317753101173216	0.1406317403020773	0.12550044728691356	0.14076163436616804	0.18529473712345979	0.12552143245844496	0.12928455134068906	0.12625658180154814	0.1281368215221159	0.14785821177420774	0.10570034039299667	0.11459167922835865	0.14870965872355535	0.14246323668559127	0.13864711968014926	0.15272718698124285	0.11472909173823148	0.12178451504012255	0.27839444654455475	0.06719552828372737	0.08152071845583354	0.3219512125273491	0.17121815521545433	0.12134073657810764	0.12744412152221213	0.1458273211363498	0.12166520445079643	0.13598458832605628	0.08741361649166915	0.10556054382332436	0.1832879386403562	0.1388567999625877	0.07838381377659359	0.07370729488934133	0.14030589338814944	0.14032852343692753	0.12825730336655994	0.1381817712368734
CR-19	201423	0.2890993391692574	0.0840606297948384	0.271356783919598	0.4058679706601466	0.16792882454595134	0.09952480400479109	0	0.33356613708838906	0.14514867861262887	0.07424501512889092	0.05922764456102386	0.09218927703379214	0.17521024167565336	0.08301719822514021	0.07544856448143597	0.07468491875317496	0.07821231504282951	0.07713040749358115	0.09545694569941979	0.09809123543501538	0.07091853206258909	0.07174129042628043	0.055864711889324306	0.04145682048143307	0.14597548611134922	0.03848717402635149	0.07439380591203112	0.0632355376195547	0.7956403269754768	0.17751979158450987	0.7250000000000002	0.10654069786234885	0.057441293882610274	0.07133629515713986	0.07434062805017701	0.09637752130497394	0.0808736965746554	0.07248209060677052	0.05526123294732817	0.11178604529358595	0.042826448646838544	0.1666885751592747	0.08314459554332489	0.07625220120527991	0.08795603913977157	0.14558722647246972	0.07951579202325865	0.07400182956028302	0.08003397818352485	0.08079121354296265	0.09497410732923012	0.06361687993691545	0.07243303040337111	0.1077051517728418	0.08550176852093404	0.0798195315441175	0.06155212842213097	0.08293599661033957	0.08804279832726883	0.2603592742404952	0.0585180910424192	0.09912641364673895	0.23429513180775102	0.11554539001498537	0.0771790325070449	0.07243343498826604	0.09087891746293485	0.07423428529599918	0.0832386051591487	0.04796372842306619	0.07651656248535915	0.1578130836747447	0.08519270845137204	0.07215181283846071	0.053110757178236816	0.11489383123978157	0.08482748561404134	0.08124160482317062	0.07593169063181439
CR-23	201427	0.43964622473131865	0.34622501623030155	0.2503915871361442	0.5619930475086907	0.37227925296079295	0.3187496962826295	0.33356613708838906	0	0.3895853333446677	0.3464177714520259	0.347309686685762	0.33014465560400874	0.33850799392108233	0.3456462025343132	0.3603217910937776	0.34530706836616454	0.34994206257242166	0.34264354413471126	0.3626366044078898	0.3499420625724218	0.33981142340556725	0.3513780800812337	0.3558424526410051	0.3281781194159581	0.32386182343359016	0.3258122877548254	0.35292968770386973	0.3641910435398701	0.7956403269754767	0.3294240657589803	0.7035714285714285	0.3499420625724217	0.3317371749214212	0.35848031647686396	0.35668899605143495	0.3554352641138911	0.35484464913486646	0.3434056590911975	0.3550700089371404	0.35233627631953535	0.32844476852551857	0.41483198146002326	0.35486154827377236	0.35727036783107347	0.33782801834125314	0.34549761812797736	0.34791936768301773	0.34448048912326396	0.34387164573713247	0.35083514210795913	0.3502585079599975	0.34994206257242183	0.3453070683661646	0.34166715867569236	0.3461952255659259	0.35739980014493145	0.33215563791862046	0.3635693246794483	0.3566757466502348	0.40064742776214396	0.323775683900489	0.32291117012390913	0.4019133145726424	0.3403009346482815	0.3570459857189945	0.3527054246066164	0.34823640905650266	0.3455302978665395	0.35529368441465004	0.3567532191993211	0.3451309253014626	0.36163000125920164	0.32873529754873837	0.35074621336554074	0.34994206257242166	0.3256088852209945	0.3549551712271263	0.34877177061018266	0.32063073644834655
CR-29	201430	0.31124600309561506	0.12108560542985676	0.2930505042287073	0.39598622859697336	0.11503218604295024	0.185941094444601	0.14514867861262887	0.3895853333446677	0	0.11768277257778896	0.13310032049852127	0.18626056787481915	0.24961409227162676	0.117682772577789	0.11229873174621921	0.12936434525942148	0.1592935072204789	0.11201136519623417	0.11768277257778893	0.10905089264709723	0.12864056017811107	0.117682772577789	0.13295219055735188	0.1268797529187432	0.21160006892582034	0.1561109156057484	0.1103971667088287	0.1103971667088287	0.7740364817946015	0.2995029487098406	0.7033961548191248	0.12140911928807055	0.15508497784750638	0.15607712782630306	0.1103971667088287	0.12338232554654824	0.11768277257778897	0.10837338730078418	0.12916900846657164	0.12335525258308494	0.16148833276872157	0.17348377485635422	0.11768277257778897	0.11768277257778897	0.11882911005044255	0.19351311240408134	0.112085542341205	0.11768277257778897	0.11768277257778903	0.11768277257778897	0.1517781726450452	0.11039716670882874	0.1113859172857465	0.13071783012108235	0.11768277257778904	0.11319245300699357	0.13747143151636268	0.16171544275089142	0.17803172512931514	0.31454511140825336	0.16105084845677767	0.1804735642367614	0.28299799429005096	0.15356527214328256	0.1103971667088287	0.11174645309586778	0.11547644838528129	0.11098342617256024	0.11039716670882868	0.13399771255919016	0.14967420574905926	0.23024215854977292	0.2058613570028997	0.14185725528366863	0.14439448787975487	0.20332852681778002	0.117682772577789	0.1543009642414472	0.1586728543885245
CR-51	201451	0.3208421672820356	0.04570485686243819	0.27135678391959794	0.3782393621746911	0.1696549251199156	0.1261972766981899	0.07424501512889092	0.3464177714520259	0.11768277257778896	0	0.03610819417737777	0.12215949862408507	0.20607772884188563	0.025087091318658016	0.026051644849568845	0.046844846678510264	0.083020822227595	0.024644739810425014	0.03565212792524442	0.038796008031309476	0.03414920284023349	0.02548024113112902	0.06739581178788738	0.050540931578710854	0.13710252648943322	0.0709937078062585	0.031390686945803464	0.02879084127462419	0.7956403269754768	0.22644864005683885	0.7250000000000001	0.050430730900537	0.09547331028223115	0.09185451676220184	0.0236052514559526	0.031954573622601394	0.019711536284294878	0.028373277105486705	0.0473549739240365	0.056746143684122986	0.08599776463696338	0.14806735520018838	0.023725434965834537	0.02905328678188061	0.039173321430876394	0.1207933477454719	0.014868249499547098	0.023466027476002006	0.02989603985404334	0.0365801249099015	0.07728063020865802	0.029414432999751536	0.037774387379655126	0.038104987516506615	0.016386578560482423	0.026954444940048967	0.10265225744385165	0.12187920001156385	0.10390023984071399	0.25709103821761403	0.10629646351365063	0.12660575870138005	0.2529761904761905	0.08106213276410115	0.04242019841813425	0.016713799071042486	0.02892101580010708	0.027845635327171204	0.032417316553522826	0.05819544242060974	0.07861304656101448	0.18241293793286792	0.12516130882701787	0.08722254660440033	0.06742730021130247	0.127924008588814	0.04034094966288829	0.06792499877548486	0.0879684849985967
KL-CP-10	201459	0.3075508972881328	0.05726555955808541	0.27135678391959794	0.3823063550318716	0.16370117290074426	0.11379792193802316	0.05922764456102386	0.347309686685762	0.13310032049852127	0.03610819417737777	0	0.1224467680005662	0.19298171820362903	0.05417134863557416	0.05624406648247215	0.03106884930358882	0.06875392096021131	0.04828455790401508	0.07086840686888615	0.0692453858454493	0.034946590409179024	0.03866778919150725	0.06759107114353353	0.05105107319020383	0.132235948859644	0.04333844602908178	0.03404055343840746	0.050635325944159516	0.7956403269754768	0.21335262941858224	0.7250000000000002	0.0776948482727828	0.09566856963787733	0.09204977611784801	0.05744371290806597	0.06411271760395532	0.05492781522793664	0.040259238932678014	0.02916541463613923	0.05678605237776916	0.08055226230176937	0.16016139763483783	0.05298796169030486	0.05166366237474632	0.05488253790499841	0.11592677011568267	0.04764430894739374	0.048094289170864286	0.05734003331830613	0.06743403738392702	0.07241405257886877	0.05291126222683515	0.02996979611082536	0.07421318169388436	0.05106416792049729	0.04664993136145823	0.10164072360117796	0.11298568507157465	0.09400834095569532	0.2508770477478223	0.0938971087534839	0.12123099983689524	0.2556583836934425	0.08357437660368192	0.04466236045090027	0.048810736377635486	0.06203448703970509	0.044356416831106894	0.0637213051598153	0.03936055195379349	0.07683168066635199	0.18260819728851407	0.1250650653397467	0.07501845119987972	0.05522320480678186	0.12801780019594608	0.05899212635958237	0.06812025813113103	0.08905565958797888
KL-CP-12	201461	0.3202624724141674	0.11160878598717673	0.2820615481990103	0.4444179389312977	0.1961439814609856	0.14788695269207772	0.09218927703379214	0.33014465560400874	0.18626056787481915	0.12215949862408507	0.1224467680005662	0	0.16463465989710913	0.11738461024802219	0.12078794961242888	0.11044585403623292	0.09084202342622932	0.11268579437335104	0.10949190736183287	0.10244894787502837	0.1053907464515373	0.10554369098924933	0.07687820702268837	0.08793922987898621	0.104537974333444	0.10679121355705945	0.12371790623011089	0.13718636569014683	0.7956403269754768	0.16030534351145037	0.7250000000000001	0.10946488186306369	0.04766542358241701	0.0845877473126655	0.11655318837707178	0.12220944307513136	0.1285003450209168	0.11251478335662828	0.1128779785762575	0.11894112412783797	0.05974699682813634	0.15283164382062442	0.12059562547800112	0.11252134977170469	0.12033664231233179	0.13398112807463952	0.12632701312201838	0.13622679814601157	0.11954261031013189	0.14787851486424897	0.08959023115362211	0.12094299884748734	0.12001812053506099	0.1253030913843429	0.12186915528985644	0.12438339903881251	0.0693679207866738	0.11963346290138772	0.08851880364112415	0.24461635162971052	0.12703170548785425	0.13465061487938224	0.2497387313704107	0.11434458929804585	0.14168859444556725	0.12284610163835823	0.11244683114753368	0.11230635383924559	0.11211411531676342	0.12810168261477262	0.09769614155698932	0.11711271658790746	0.06050086037502491	0.10533299149072091	0.11098748413790756	0.08115740062702341	0.09186509522818619	0.09014306582362133	0.07801061294625199
KL-CP-2	201462	0.26777251184834117	0.21300209987472854	0.3287387091219337	0.5277777777777778	0.2804701890409097	0.18150932593523517	0.17521024167565336	0.33850799392108233	0.24961409227162676	0.20607772884188563	0.19298171820362903	0.16463465989710913	0	0.1971949665782219	0.19154108461474922	0.19077895302031297	0.17023193581800725	0.19546499424704833	0.18037970905624653	0.19556397568165743	0.1877085941770003	0.18868429707840365	0.21082095009256963	0.17351750328482643	0.19405390762562652	0.17588930442112397	0.21051422916138549	0.19010195412064576	0.7956403269754768	0.15414476246105918	0.725	0.21119669440367098	0.18038883649146872	0.20732132639437623	0.20431314311547533	0.21790042592491835	0.20710966788109197	0.19778973092781182	0.1760372731413795	0.21175198699545567	0.16150578000573226	0.23345224935517375	0.21213065928161184	0.17702444206000503	0.21969199711497736	0.22180269989615786	0.20628535681736065	0.20305103848745676	0.2101120663245045	0.21394490729223975	0.18535825545171344	0.20081414090128175	0.19074576959969045	0.22474703248955347	0.21391221668449653	0.20407763963645803	0.2021015477593117	0.2241108116889323	0.20211942659396945	0.21428571428571427	0.18000978182380264	0.2049759137278385	0.3528779112891262	0.2179580924525284	0.22269701987805424	0.2055057639964157	0.2142549279560918	0.19814916620853956	0.21007048277200643	0.17136764512307498	0.1641005354530783	0.23786130795476587	0.16808988640758862	0.150875994299666	0.16039836405346583	0.14093766992187792	0.18290966625993918	0.15680062700276098	0.17342977888180258
KL-CP-5	201465	0.32278920583891507	0.03309974432904415	0.271356783919598	0.38506450671406095	0.17648006965928537	0.11845854528704412	0.08301719822514021	0.3456462025343132	0.117682772577789	0.025087091318658016	0.05417134863557416	0.11738461024802219	0.1971949665782219	0	0.02352631593360912	0.04403294577793564	0.07553006128611744	0.02078646336948241	0.031846263965162845	0.026129682139484356	0.02790247051036297	0.023422623406835062	0.0678075196505093	0.04907605861452727	0.12320572781338415	0.0890568622644549	0.043353199414203444	0.035471946207265764	0.7956403269754769	0.22436625779490732	0.7250000000000002	0.03501237502797311	0.09071520062549966	0.094152329710187	0.027011697428520002	0.043980242506676454	0.028140153705981715	0.03140092428938273	0.053121952648166805	0.05202635251004282	0.07994775584060788	0.1372375543796452	0.03300176581699387	0.02150298961196912	0.03900698270351768	0.1156368535519757	0.0254723497939799	0.034609902328605245	0.022162236981025613	0.04490895660680223	0.07248171622919888	0.021538039662055492	0.042909303809788274	0.036720233287346055	0.035445057616120865	0.03357737294551572	0.10947740198322146	0.12569467838612652	0.11214941611350777	0.25503342049332	0.102647219713763	0.11866065486338398	0.2529761904761905	0.0770574764829277	0.05853631431945116	0.03250991902775341	0.03477643526252866	0.021856506907861575	0.03600871965452344	0.06800926117940972	0.05547299379923595	0.17460317460317465	0.12707231334230976	0.07274350198396945	0.056949965218083966	0.1183230699508734	0.03598266406645893	0.06329234458808415	0.07156591027195572
KL-CP-8	201468	0.31934295910884186	0.04715319077369015	0.271356783919598	0.38220636108927386	0.17362192403449828	0.12858305312892074	0.07544856448143597	0.3603217910937776	0.11229873174621921	0.026051644849568845	0.05624406648247215	0.12078794961242888	0.19154108461474922	0.02352631593360912	0	0.046983366590439224	0.08409097672351862	0.029214509453104182	0.026139341008846503	0.03502759741286111	0.0385516107524731	0.024575890875666542	0.06404467164692483	0.043881198079078504	0.13730111478556745	0.08641781020756886	0.03786812214149713	0.022529375868580608	0.7956403269754769	0.21585423020664757	0.725	0.046662320282088623	0.08308293274950314	0.08703578424131651	0.018903018291588806	0.03787434193260159	0.027974506291491088	0.03806887374188109	0.03984267217871721	0.06226870442762172	0.07791426586018184	0.13502991914624574	0.032104575289295056	0.017568065817448235	0.0505864894692001	0.12543638048605063	0.02435645044399582	0.029102082288936487	0.035225533907757935	0.03940113656713348	0.0774792185047923	0.02668844144876486	0.04446776141224432	0.04688824157112021	0.03388613269217977	0.026228907749933177	0.10912280961773113	0.11499595100680042	0.1038488681231751	0.2475651034719876	0.10868223994438149	0.12899153513211092	0.2529761904761905	0.0792663180030297	0.050294127863094264	0.031415999486020134	0.04050438395209954	0.03792786129763742	0.025436504628501642	0.056320827992979605	0.06796138693780264	0.16921913377160483	0.11888167794492858	0.07657088698118845	0.05677564058809062	0.1281225968849483	0.03628350307492357	0.06950673811047454	0.0843739002482716
KL-CP-22	201471	0.3228015838480577	0.06211921401468709	0.2713567839195979	0.3981245177755357	0.17596970501454764	0.11853896434112564	0.07468491875317496	0.34530706836616454	0.12936434525942148	0.046844846678510264	0.03106884930358882	0.11044585403623292	0.19077895302031297	0.04403294577793564	0.046983366590439224	0	0.07884492092057321	0.05152614603548924	0.056964585755505774	0.05266621341161666	0.03188060199189427	0.03984532482857213	0.05946286216940146	0.04204152712995457	0.12437567790975425	0.055908567050784994	0.03056647356292692	0.058686380092695	0.7956403269754768	0.2174398795922606	0.7250000000000002	0.06400206594431224	0.07288194900086634	0.08172603957601794	0.0503564224527542	0.06867236073717169	0.05918888042778107	0.0561173438637642	0.02631957831415216	0.0374172570280069	0.07021795805243614	0.1462575765214574	0.06403811452965061	0.046633689411454654	0.06691790283066015	0.10806649916579288	0.04218928819465193	0.06497839385971023	0.05642730287033792	0.08025354336671002	0.06554296001740961	0.03990711296245978	0.024312732879560855	0.06747560961385064	0.057311053539911505	0.046654958643275374	0.10896703733848372	0.11736239891416128	0.08507702031632296	0.24810704229067332	0.09863815115658638	0.11894744634431581	0.25920801432330304	0.08193908760410497	0.04646011735483466	0.06355864574955275	0.0698991821071177	0.05119858357413037	0.05413953669960988	0.05516993945392335	0.053696541816355456	0.16676888176680446	0.10757645958439209	0.062306041859741285	0.046610913335250456	0.11519716000913506	0.05104945582557809	0.05564719146957214	0.07144846337245833
KL-CP-24	201473	0.3068260681301865	0.08274559387759294	0.271356783919598	0.4249061326658322	0.17720507441814	0.10283958909827247	0.07821231504282951	0.34994206257242166	0.1592935072204789	0.083020822227595	0.06875392096021131	0.09084202342622932	0.17023193581800725	0.07553006128611744	0.08409097672351862	0.07884492092057321	0	0.07134976656428245	0.09871531710993263	0.07985730850077483	0.06155571382519313	0.06983904497807661	0.0807209748246511	0.08415372675518265	0.11503147049754223	0.0744490454541197	0.09307325278608068	0.08639547487318648	0.7956403269754768	0.19550805694618276	0.7250000000000001	0.07798914428334204	0.092853787035017	0.0870990341425324	0.08551464940280809	0.10179820610962982	0.09270256606068318	0.0740191137342506	0.06986061379425346	0.10671422899584629	0.057739417205963275	0.18800830787588435	0.09081972941994726	0.0795105726157928	0.08744169544310948	0.1277958559310249	0.09217826379916613	0.09177921567731936	0.082669858974872	0.10134753889578593	0.09195228975979008	0.08139643916867023	0.07667150601755705	0.10710044284486782	0.09020196110387742	0.08993995585220975	0.09575673841355124	0.10353675734750237	0.09546569994348078	0.2439060730675249	0.08165956025629419	0.10513365176149825	0.2737164014541986	0.11531223320103674	0.10820552166786895	0.08203871046759519	0.09040525700908976	0.06657279933249897	0.09398717123765248	0.07368400641647134	0.06944549250387326	0.16083596559191052	0.10718674245360267	0.04831191787101064	0.058989416148193356	0.10066455319968863	0.08683903660062885	0.07983806963921349	0.08350746842773728
KL-CP-14	201474	0.32135004720314636	0.03355891036113664	0.2713567839195979	0.38061687461827065	0.16636103018194015	0.1275446917487258	0.07713040749358115	0.34264354413471126	0.11201136519623417	0.024644739810425014	0.04828455790401508	0.11268579437335104	0.19546499424704833	0.02078646336948241	0.029214509453104182	0.05152614603548924	0.07134976656428245	0	0.04183176174521373	0.03448495323591116	0.03332906782024668	0.023430647067900563	0.06335988755471895	0.04958709685507126	0.13007148375903657	0.08378996235637069	0.03890556731841309	0.03802469661127265	0.7956403269754767	0.22386006074949824	0.7250000000000003	0.03875673189804104	0.0940378646157278	0.09241982507288626	0.03216239771950135	0.04685595036831164	0.030601556149397857	0.015392852692279625	0.052615755602757726	0.06142744304110197	0.07826132944882543	0.14261814806579515	0.03315903781510445	0.030049328756251298	0.027043387397650758	0.1173342252469728	0.030077253887880802	0.028685759489675597	0.019749370156515244	0.03964259397488712	0.07504847064726931	0.02480476099478341	0.03775799265049453	0.04574363919781991	0.026877087488762476	0.03478828017825066	0.09935836250587625	0.12238707993267463	0.11028934749312459	0.254527223447911	0.09891863643871754	0.11887892194142821	0.2430294144531558	0.07799043807328734	0.054088682223660804	0.025556625008540435	0.0292622998790844	0.017825712433127815	0.039755898867343084	0.06212247044785064	0.0654370026666694	0.17696373079847472	0.1269707887754613	0.07744934713898814	0.06332550812744511	0.1214164803859455	0.03691562565681855	0.068590454281683	0.07428456118314085
KL-CP-21	201481	0.3267224626480955	0.05439802762085052	0.2713567839195979	0.38713638462232186	0.17855194756754625	0.14388454024578057	0.09545694569941979	0.3626366044078898	0.11768277257778893	0.03565212792524442	0.07086840686888615	0.10949190736183287	0.18037970905624653	0.031846263965162845	0.026139341008846503	0.056964585755505774	0.09871531710993263	0.04183176174521373	0	0.03140703075700209	0.049444635020282034	0.03490027563663998	0.076673549325655	0.06045197448961226	0.12600507253497154	0.10642619142555268	0.05049699982022726	0.03460258661009117	0.7956403269754767	0.20962287818119285	0.7250000000000001	0.05022500992090962	0.0854879526869817	0.09741923636760533	0.023933434059228854	0.03752071686867187	0.030839494062439486	0.051230829903257495	0.055259343606563094	0.05759504834711146	0.09792264707816563	0.11648904004848934	0.03175095022536533	0.01920474449413985	0.05783132631636048	0.11414033823545465	0.03488018563066726	0.04301819546394893	0.0424703707549183	0.04411220172834502	0.06618317625419631	0.04165251672062734	0.0595461190971801	0.04436732343330703	0.03499762585026341	0.036251060910477875	0.1163676464648915	0.13199029529073636	0.119480414382347	0.24029004087960557	0.12558116305597294	0.14487042589866453	0.2540591062011913	0.06840247905471682	0.06156381671035031	0.03734848391246129	0.04015075888816983	0.049337622769785205	0.03767687682665455	0.0753907388518988	0.06449886552498207	0.17570131984989013	0.135477221941809	0.08610403567249894	0.07431560236098	0.11682655463435233	0.024987460824327578	0.06029547610446691	0.07919236178714723
KL-CP-37	201485	0.33581045974054	0.04381353577864205	0.276140069876528	0.3871172900223112	0.17107634923928378	0.13816795842010207	0.09809123543501538	0.3499420625724218	0.10905089264709723	0.038796008031309476	0.0692453858454493	0.10244894787502837	0.19556397568165743	0.026129682139484356	0.03502759741286111	0.05266621341161666	0.07985730850077483	0.03448495323591116	0.03140703075700209	0	0.043728053194603544	0.03271065380241766	0.0751678282880469	0.06415009582440241	0.1237868981446229	0.10413089947433005	0.051784171428541345	0.04918086291991723	0.7956403269754768	0.2312781852014011	0.725	0.01974388776775599	0.08460587413036844	0.10641348358207428	0.033989602997197194	0.044667905317703004	0.04184907041863318	0.04107141816029115	0.06139664483450457	0.04386424270666131	0.08930961600635233	0.12907544457626371	0.038032040098126524	0.02605435498364655	0.045355626049876335	0.1056999416228838	0.03708544247192895	0.05261467907936516	0.03456824204555676	0.06291373335756213	0.06637238973406767	0.036612076871930646	0.049145589026653225	0.04177304420161181	0.03930556990998188	0.04464031485242102	0.10264883770105657	0.14076871559600168	0.12722345332338295	0.2619453478998137	0.11986458123029445	0.13915384407298603	0.24358915019598035	0.07094814998779647	0.068638885817452	0.040282516258483655	0.033274956217162914	0.03692169453887797	0.0406107985964117	0.08308329838928487	0.07138778282708858	0.17467562210119128	0.1377335834279584	0.07101950816662093	0.0685990205353015	0.11619286138289563	0.03461278885993762	0.07272094353322496	0.07085968360732703
KL-CP-27	201487	0.3192417847896981	0.039150233360677786	0.27135678391959794	0.3806511820821237	0.16650576027140632	0.11746163583961075	0.07091853206258909	0.33981142340556725	0.12864056017811107	0.03414920284023349	0.034946590409179024	0.1053907464515373	0.1877085941770003	0.02790247051036297	0.0385516107524731	0.03188060199189427	0.06155571382519313	0.03332906782024668	0.049444635020282034	0.043728053194603544	0	0.019634948440491795	0.06247826590935431	0.0406346408109299	0.10455370614153726	0.07274910402286747	0.04420163339871919	0.05484885251104721	0.7956403269754768	0.20807950539195352	0.7250000000000001	0.05014349005450739	0.07870455810968335	0.08833819241982506	0.042346057804745624	0.05193125762284359	0.049533974462620714	0.032664270714930554	0.0323729335372056	0.05174051911689663	0.0698751687557504	0.13873762578623366	0.046564778836238586	0.03555393961787129	0.04394892217665086	0.09374017235817318	0.043306644411804616	0.044424946982718434	0.039064303112286744	0.060467681788005746	0.05656845548931526	0.03822784757060775	0.03684292330991655	0.05928573075741402	0.045915518110948954	0.04034672357866821	0.10164072360117789	0.12027881751922634	0.10352988116544577	0.23671762359029053	0.0975608226550715	0.11237447288220365	0.25297619047619047	0.0649551921257399	0.05924426205643238	0.04435097605722527	0.04938580542623895	0.02499647584735544	0.05200516308623713	0.0499804884887925	0.04981340215723144	0.1746031746031746	0.11067501741175756	0.06171815357327338	0.047005418058752364	0.10302661506777447	0.03756835451097824	0.05115624660293706	0.06139520250455194
KL-CP-29	201489	0.32006454315338934	0.026848798563375027	0.27135678391959794	0.3701525528070442	0.1615681157522686	0.12574496699249427	0.07174129042628043	0.3513780800812337	0.117682772577789	0.02548024113112902	0.03866778919150725	0.10554369098924933	0.18868429707840365	0.023422623406835062	0.024575890875666542	0.03984532482857213	0.06983904497807661	0.023430647067900563	0.03490027563663998	0.03271065380241766	0.019634948440491795	0	0.06247826590935433	0.04513001322168356	0.11272522390990096	0.07938056029285813	0.03563206886197577	0.04097430695338445	0.7956403269754768	0.20905520829335683	0.7250000000000001	0.04290675892234549	0.08287126411528528	0.09241982507288628	0.027648753883391573	0.04293698149078858	0.03483667054126666	0.020202020202020225	0.03905166422790798	0.049746621834184844	0.07306240671181323	0.13145154756535263	0.02895302856909351	0.02183233859792055	0.031007700036573698	0.10086048961038409	0.034312368279749594	0.04001473940924927	0.032544515652397195	0.05166645612748665	0.05290332762912575	0.026381361663728065	0.0416296752758178	0.050283836767263015	0.036921241978893946	0.031352447446613196	0.10164072360117794	0.12110157588291766	0.10923290895474486	0.23193292360886475	0.10584415380795498	0.1261534489956844	0.25297619047619047	0.056359515761618344	0.050249985924377356	0.029653672135871223	0.03877489963681718	0.022259031921220456	0.042379097996083276	0.0527205741259546	0.061544929220483026	0.1746031746031746	0.11637804520105664	0.07015442926386886	0.052037672103152896	0.11064013239467861	0.023725142028052502	0.05638073615061104	0.07167799178671148
KL-CP-31	201490	0.3037265347358151	0.0705111187443964	0.271356783919598	0.3968934739770489	0.17115081591813044	0.12917213094922703	0.055864711889324306	0.3558424526410051	0.13295219055735188	0.06739581178788738	0.06759107114353353	0.07687820702268837	0.21082095009256963	0.0678075196505093	0.06404467164692483	0.05946286216940146	0.0807209748246511	0.06335988755471895	0.076673549325655	0.0751678282880469	0.06247826590935431	0.06247826590935433	0	0.049251177402134555	0.13847055839183692	0.08453577991150732	0.0560564204085984	0.06623163851990105	0.7956403269754768	0.20043857583748698	0.7250000000000001	0.08361729071538039	0.04578105630959486	0.04163922271288087	0.05563318563136162	0.07703564454023118	0.07001902121771153	0.06563477281677753	0.060194162442393485	0.08886263814661748	0.058498849317344795	0.13204812929981852	0.06378797509839654	0.07026353178164173	0.07134931293176203	0.12660582409232	0.06453874632782071	0.07674767083666768	0.06405326477060881	0.08839938755490509	0.07864866211106168	0.055671483723440635	0.0630288408729183	0.08478174462587333	0.06556953250128125	0.06418028804874244	0.05802057984005853	0.07641388630311977	0.06374223337800994	0.26333015026651285	0.10927131776468775	0.1295806129524172	0.2331215811930429	0.09584397424019603	0.0714595259786469	0.07316598054864959	0.07218778376120105	0.06424201340827664	0.045461020528626286	0.0589181361496905	0.07831895100692934	0.11501712614498058	0.08179662971002258	0.08527985497690442	0.06548460858380654	0.1292920404912177	0.06304633995003177	0.07654143372448939	0.08784062610278558
KL-CP-43	201502	0.31264393985282796	0.06088523655168633	0.27135678391959794	0.39083296606434553	0.17254266618906489	0.12844304560047803	0.04145682048143307	0.3281781194159581	0.1268797529187432	0.050540931578710854	0.05105107319020383	0.08793922987898621	0.17351750328482643	0.04907605861452727	0.043881198079078504	0.04204152712995457	0.08415372675518265	0.04958709685507126	0.06045197448961226	0.06415009582440241	0.0406346408109299	0.04513001322168356	0.049251177402134555	0	0.1362970343827645	0.05987804441978824	0.047432208599903845	0.05662682437827319	0.7956403269754768	0.18661476696782728	0.7250000000000002	0.07259955825173589	0.04697119330748302	0.0722958830324297	0.0459639809643497	0.06322966709738943	0.056267663148354234	0.05327526501835465	0.0396983595734005	0.07334953327221937	0.04763783982761197	0.13960834119209986	0.059150837794934366	0.05010005821379539	0.06671217562829986	0.11998785563880324	0.047773408979300734	0.05814654503480351	0.05727444080732712	0.07322465887630666	0.07647513810198933	0.04579660991467573	0.04716132787625569	0.07051838951143928	0.05643702278706544	0.04688109726917393	0.07081104302600226	0.10777528725842489	0.09118218240812123	0.25201088515323866	0.08743633263810614	0.11447795780961788	0.22061454595059704	0.08621809204748593	0.06373129733169729	0.0608064727502267	0.06755064645773885	0.05188250560985376	0.05082022224731582	0.05366215805188115	0.07095252469552166	0.1585608652157793	0.08250008440611022	0.0795620247389075	0.059766778345809644	0.1027853391307181	0.05342045775732171	0.06400728529691795	0.060797733325339984
KL-CP-44	201503	0.34633559997252567	0.11266683437451956	0.2721724564853252	0.4057971014492753	0.17957806515135138	0.13214100190703296	0.14597548611134922	0.32386182343359016	0.21160006892582034	0.13710252648943322	0.132235948859644	0.104537974333444	0.19405390762562652	0.12320572781338415	0.13730111478556745	0.12437567790975425	0.11503147049754223	0.13007148375903657	0.12600507253497154	0.1237868981446229	0.10455370614153726	0.11272522390990096	0.13847055839183692	0.1362970343827645	0	0.14254684886780714	0.13856485329550217	0.15369953086328542	0.7956403269754768	0.2199841485507247	0.7105072463768116	0.11843438407713115	0.12666035101715195	0.15018802552076732	0.13091830396379256	0.13489424119109272	0.14501351019405545	0.12672716138729606	0.12939114374939611	0.1314734223725915	0.1245335390031983	0.18974598722144304	0.13027494736194994	0.1290345149448433	0.12028526875802599	0.10774879227053136	0.14284017829515705	0.14825172056375943	0.12682889635716338	0.15931836014024395	0.08154356556661421	0.1341307552162011	0.14139662945145381	0.13568871441621608	0.13707339878447872	0.13734191336801857	0.16124331607860354	0.18027918556059394	0.15035499261175017	0.19530710835058662	0.14488889842908712	0.13449180015255519	0.32295548654244305	0.11713263172814563	0.15527908143687824	0.1420070860414369	0.12827609837813142	0.12053140096618356	0.14327282144969533	0.13810573586446212	0.09959632733535984	0.17460317460317465	0.14216298073446404	0.12100938247378429	0.1228165628403865	0.0921459719368205	0.10796165762169126	0.10327366655379064	0.10528919518612916
