CR-3	201395	0	0.48830618418179395	0.5837307823304327	0.6897445465166208	0.46787965435513024	0.488306184181794	0.41177834359206444	0.6895642480007231	0.42799004358854037	0.48830618418179395	0.488306184181794	0.44548073142177175	0.488306184181794	0.48830618418179383	0.48830618418179383	0.48830618418179383	0.49551674228727244	0.488306184181794	0.48830618418179395	0.4883061841817937	0.48830618418179395	0.48830618418179395	0.3949039391175959	0.42762567516806405	0.4902336910515327	0.488306184181794	0.48830618418179395	0.48830618418179383	0.9172025983243215	0.4201462163164565	0.8387790182905531	0.488306184181794	0.4310006544692067	0.4126753263981435	0.48830618418179395	0.488306184181794	0.48830618418179395	0.48830618418179383	0.488306184181794	0.48830618418179395	0.4318232623832145	0.42372417190111944	0.48830618418179383	0.48830618418179395	0.48830618418179383	0.5217145787054063	0.48830618418179383	0.488306184181794	0.488306184181794	0.48830618418179395	0.48830618418179383	0.488306184181794	0.48830618418179395	0.488306184181794	0.488306184181794	0.488306184181794	0.4094378360970407	0.3740718189603243	0.3870549598489961	0.48830618418179383	0.48830618418179395	0.5071239386673335	0.5728785748568607	0.492872049955392	0.488306184181794	0.48830618418179383	0.48830618418179395	0.48830618418179383	0.48830618418179395	0.48830618418179383	0.488306184181794	0.46263175715982363	0.44744434818059153	0.48830618418179383	0.48830618418179383	0.5044502076521804	0.48830618418179395	0.48830618418179395	0.5059627511829347
CR-6	201410	0.48830618418179395	0	0.5225780327418035	0.5597190440828675	0.4522433404495369	0.20003561097523653	0.18520900625215747	0.5505258222052296	0.41635747128845324	0.14314011291967488	0.14545397521814543	0.3028466577433223	0.29942109866308403	0.08852615048945174	0.1534161093934739	0.16310936593291267	0.20988460867042014	0.09152330768918229	0.15148805022506925	0.15642408560039073	0.10924612601710819	0.14314011291967485	0.25745628491911154	0.18946890992315676	0.1425367051009217	0.21372965682377854	0.1582560011304992	0.15800858085845146	0.9172025983243217	0.3314931109333356	0.8387790182905531	0.13252230103489057	0.2871430689746212	0.34754687756489655	0.14314011291967485	0.14535573016669295	0.14314011291967485	0.1157344497366644	0.13372139191930468	0.17239222806964913	0.2529308582773685	0.3212449967732862	0.1431401129196749	0.1468841862016502	0.08085661557829348	0.2029743730914545	0.1565164435008195	0.13756122328691417	0.054769008478495106	0.09002219951622238	0.14314011291967482	0.11795929167890554	0.175973522002138	0.12215502566441869	0.11587781789371764	0.1597606487135399	0.3364900065585949	0.34011179417849746	0.3439933040463779	0.2867922615071475	0.19082154912653057	0.24950358581643436	0.49520483224130285	0.15114010679736192	0.17726103686008837	0.14314011291967482	0.11221872684079692	0.11425964815911412	0.16760422779759612	0.12429220924637714	0.10084923172079376	0.4521932707944156	0.382979719938647	0.17849291151657806	0.1498392776448229	0.20408066151855148	0.14314011291967488	0.11725881903437207	0.1835100080251452
CR-8	201412	0.5837307823304327	0.5225780327418035	0	0.7434927326018669	0.5054050859369462	0.4028672922018901	0.5225780327418035	0.3752264623553681	0.5762313208776805	0.5225780327418035	0.5225780327418036	0.526161505459641	0.5346134275072694	0.5225780327418035	0.5225780327418035	0.5225780327418036	0.5225780327418034	0.5225780327418036	0.5225780327418035	0.5225780327418035	0.5225780327418035	0.5225780327418035	0.5225780327418035	0.5225780327418037	0.4696333489801594	0.5225780327418035	0.5225780327418036	0.5225780327418034	0.9172025983243215	0.5467856820573922	0.805341186588794	0.5225780327418035	0.5225780327418035	0.5258038259665645	0.5225780327418036	0.5225780327418035	0.5225780327418035	0.5225780327418035	0.5225780327418035	0.5225780327418035	0.5225780327418036	0.5711774865530427	0.5225780327418035	0.5225780327418035	0.5225780327418035	0.5268633109794132	0.5225780327418036	0.5225780327418035	0.5225780327418035	0.5225780327418035	0.5225780327418035	0.5225780327418035	0.5225780327418035	0.5225780327418035	0.5225780327418035	0.5225780327418035	0.5255685431257939	0.5225780327418035	0.5225780327418035	0.5711774865530428	0.5225780327418034	0.5225780327418035	0.6476080486741131	0.5225780327418037	0.5225780327418036	0.5225780327418035	0.5225780327418035	0.5225780327418035	0.5225780327418035	0.5225780327418036	0.5225780327418036	0.602235822120789	0.5587094183654717	0.5225780327418034	0.5225780327418036	0.5225780327418035	0.5225780327418036	0.5225780327418036	0.5225780327418035
CR-13	201417	0.6897445465166208	0.5597190440828675	0.7434927326018669	0	0.6676441031794174	0.6432243488429484	0.6042858443718656	0.7830648461843907	0.6685171595274986	0.5136199575469822	0.5472509763459673	0.6608500773302748	0.6756015929259571	0.5346990456831752	0.5285086253502799	0.5796882970961054	0.631256909525713	0.5580787549630718	0.4966131931835978	0.5454123659351029	0.5401373994361768	0.4944035206065879	0.6236448746679237	0.591441733271495	0.554629394527372	0.6071118255039462	0.5596643980265451	0.5159463322172613	0.9172025983243215	0.6886587532245303	0.8933827688067997	0.5703419058435188	0.6443406351942427	0.6701373297599958	0.5080613848216063	0.495738433507821	0.48619047342925115	0.5446770012710821	0.5725761218730228	0.5846131967615485	0.6356181076829107	0.6323927415689855	0.4981730222354402	0.5019152573810015	0.5601465351004674	0.581315605424739	0.5523741236160088	0.5519973380675106	0.5624843998156619	0.5628068709122789	0.5292227009351004	0.5468952811303754	0.5871059988143981	0.5529430057579106	0.5394343158349794	0.5537424095013223	0.6540371127960747	0.6587911650988412	0.6733928119562463	0.5788727981511648	0.6301157112900674	0.6613577790925856	0.7376433081886956	0.5525228794027222	0.5627422687908852	0.5025368040769065	0.5175354012576563	0.546201693709994	0.565297663053221	0.5523765288704574	0.6058967422726945	0.7254491305404115	0.7006996940363153	0.5950718426797708	0.5493996610150199	0.6364851724011825	0.520941107614306	0.5709029021399338	0.6288709076856493
CR-17	201418	0.46787965435513024	0.4522433404495369	0.5054050859369462	0.6676441031794174	0	0.3672795690852232	0.4522433404495371	0.5318181247620526	0.20066201337963407	0.45224334044953696	0.452243340449537	0.43296141989351855	0.44043729715368973	0.45224334044953696	0.4522433404495369	0.452243340449537	0.42530829832843436	0.4233717736278318	0.45224334044953685	0.42337177362783174	0.4522433404495371	0.4522433404495369	0.45698184905815525	0.452243340449537	0.41374791802059674	0.452243340449537	0.452243340449537	0.452243340449537	0.8840836376540502	0.47325799049465006	0.7672488686966049	0.4233717736278318	0.46294575324107207	0.46825673753607744	0.4522433404495369	0.452243340449537	0.4522433404495369	0.42337177362783185	0.45224334044953696	0.46575042894515717	0.4330749304775879	0.5374203526770032	0.452243340449537	0.4522433404495369	0.452243340449537	0.3979094450374933	0.452243340449537	0.45224334044953696	0.452243340449537	0.452243340449537	0.42678101185919837	0.45224334044953696	0.4292235526095156	0.4267810118591986	0.452243340449537	0.4522433404495371	0.4322681962114765	0.4655584383869743	0.4687657937964587	0.452243340449537	0.4612196929283086	0.46742650292420745	0.5648621581639278	0.4522433404495371	0.4522433404495371	0.42337177362783185	0.4233717736278318	0.4233717736278318	0.452243340449537	0.4522433404495369	0.46001363594799743	0.5250060675214894	0.48529893130643476	0.4294674625555166	0.452243340449537	0.45416953610585326	0.452243340449537	0.4267810118591986	0.4589454005949491
CR-18	201422	0.488306184181794	0.20003561097523653	0.4028672922018901	0.6432243488429484	0.3672795690852232	0	0.1892111752799032	0.4741179337338306	0.3857096941492753	0.24902466039927845	0.2525620967454357	0.3261253973096294	0.3291422272706233	0.2236298683587006	0.2259357578580878	0.21302531353422818	0.26617114170021433	0.254076262823192	0.26018581857547707	0.24902466039927845	0.24902466039927834	0.2490246603992784	0.24696121242076283	0.23380568928175113	0.21061476264270873	0.203798964875145	0.2198827316202221	0.20957891748809207	0.9172025983243217	0.3553889453627852	0.805341186588794	0.2532823575925509	0.2754329818641119	0.30380396655357	0.21034956829257256	0.2585821635343131	0.2490246603992784	0.2542701079875428	0.19926019031488587	0.25192614261799184	0.2307335283073981	0.4071161220805489	0.25061982470701333	0.25139209658897155	0.254628802954616	0.28693487913470755	0.21860650124593953	0.2665660294223106	0.21886967628581816	0.23960807430785253	0.24902466039927834	0.16361551210614284	0.2142471978492814	0.22629910081109653	0.25709441463687305	0.23860605932858261	0.33920386538095365	0.2787762874690172	0.3020827237201275	0.34386869817504434	0.16163377185585193	0.23522327530624276	0.5317875538319728	0.2648975255624482	0.20251908883990336	0.2490246603992784	0.2496780578050473	0.24902466039927845	0.22138041677860423	0.18319627956308193	0.1831497687307552	0.41789917301925644	0.34692995084790834	0.1924859866172906	0.1848077379925664	0.277049058750972	0.251985233288538	0.23077918947873874	0.2808780620373459
CR-19	201423	0.41177834359206444	0.18520900625215747	0.5225780327418035	0.6042858443718656	0.4522433404495371	0.1892111752799032	0	0.5256340836455257	0.3857096941492753	0.21707747378877226	0.2170774737887723	0.18776136493630244	0.2563297213166664	0.21707747378877226	0.1814958663556995	0.18014218007034852	0.25540340761176983	0.2170774737887723	0.2170774737887723	0.2172763707032613	0.21707747378877226	0.21707747378877223	0.1417543999872744	0.06376480116646775	0.2231492912221826	0.11421732313051905	0.17449430901897625	0.17159882252681025	0.9172025983243215	0.20428461737835077	0.8387790182905533	0.2228891126913477	0.1315596616320201	0.22746647225079059	0.1735108895332468	0.2170774737887722	0.2170774737887722	0.21707747378877223	0.1498690841460316	0.23324451317251968	0.09418333470538821	0.29559983530079387	0.2170774737887723	0.2170774737887722	0.21717356248737418	0.2546301788760559	0.1826286839898081	0.21730735093815456	0.18449882379257504	0.1897745852067078	0.21707747378877223	0.13902017253061302	0.18543885479926575	0.2171434133428318	0.21707747378877235	0.18934738084442648	0.20170986070744978	0.21810530232680594	0.22481308111397744	0.31927829186784035	0.12501446799381719	0.2279907309314454	0.39794343277814137	0.22578765012604185	0.17458707876943255	0.2170774737887722	0.2170774737887723	0.21707747378877215	0.17212173829444813	0.14270472791780547	0.1849771991221095	0.3413713324295268	0.22984314682443868	0.18035446234262237	0.1715988225268103	0.20764580604898078	0.2170774737887723	0.2170774737887723	0.2027321633214501
CR-23	201427	0.6895642480007231	0.5505258222052296	0.3752264623553681	0.7830648461843907	0.5318181247620526	0.4741179337338306	0.5256340836455257	0	0.6269399141531813	0.5610317011170742	0.5610317011170742	0.5256340836455256	0.5366798006078115	0.5505258222052296	0.5791097891194237	0.5610317011170741	0.5791097891194236	0.526610759688351	0.5791097891194238	0.5791097891194238	0.5324477342028802	0.5791097891194239	0.5791097891194238	0.5075559956431761	0.4975811384435856	0.507555995643176	0.5610317011170742	0.5791097891194238	0.9172025983243215	0.5272214596369098	0.8053411865887936	0.5791097891194238	0.507555995643176	0.5610317011170741	0.5791097891194239	0.5610317011170741	0.5791097891194238	0.526610759688351	0.5610317011170741	0.5610317011170741	0.5256340836455258	0.6747700391869388	0.5791097891194239	0.5791097891194239	0.5266107596883508	0.561031701117074	0.5610317011170741	0.5085326716860014	0.5505258222052297	0.52054670478982	0.5791097891194239	0.5791097891194238	0.5610317011170742	0.5371166386001954	0.5371166386001955	0.5610317011170742	0.5256340836455258	0.5791097891194238	0.5610317011170742	0.6269399141531813	0.5017190211286469	0.47622176171348457	0.5585765324723311	0.5491306717040141	0.5610317011170741	0.5791097891194238	0.5505258222052296	0.5505258222052296	0.5610317011170742	0.5610317011170741	0.5505258222052296	0.5822258812131663	0.5111773337959931	0.5791097891194238	0.5791097891194238	0.5256340836455258	0.5791097891194239	0.5610317011170742	0.4970501167313316
CR-29	201430	0.42799004358854037	0.41635747128845324	0.5762313208776805	0.6685171595274986	0.20066201337963407	0.3857096941492753	0.3857096941492753	0.6269399141531813	0	0.41635747128845335	0.4163574712884532	0.3926669506453155	0.3770338047316913	0.4163574712884532	0.3857096941492753	0.3857096941492753	0.35538149651659245	0.38208437054760047	0.41635747128845324	0.38171358165392194	0.41635747128845324	0.41635747128845324	0.3857096941492753	0.3857096941492753	0.41635747128845324	0.38570969414927525	0.38570969414927525	0.38570969414927536	0.8840836376540503	0.45613236538466234	0.7860036014277888	0.381713581653922	0.3857096941492752	0.3994418559978162	0.38570969414927536	0.41635747128845324	0.41635747128845324	0.381713581653922	0.3857096941492753	0.41635747128845324	0.36074546412564135	0.4734090948133355	0.41635747128845324	0.41635747128845335	0.41635747128845324	0.38303587770778214	0.38570969414927536	0.41635747128845324	0.41635747128845324	0.4163574712884532	0.41635747128845324	0.3857096941492753	0.35106580451474406	0.41635747128845324	0.41635747128845324	0.38601404907393994	0.36019861158676	0.3907939904857647	0.4021882819336852	0.4178990748164416	0.3857096941492754	0.3914925399422759	0.542472016173753	0.41635747128845324	0.3857096941492754	0.38171358165392205	0.38171358165392205	0.38171358165392205	0.38570969414927525	0.3857096941492753	0.3857096941492753	0.474352177881885	0.4347111949977919	0.3226258709554989	0.3857096941492754	0.41635747128845324	0.41635747128845324	0.41635747128845324	0.41635747128845324
CR-51	201451	0.48830618418179395	0.14314011291967488	0.5225780327418035	0.5136199575469822	0.45224334044953696	0.24902466039927845	0.21707747378877226	0.5610317011170742	0.41635747128845335	0	0.05711304769593687	0.30284665774332237	0.28927249923298487	0.07485948955108412	0.08160627010840353	0.09770050640908257	0.23899871986442553	0.12591575743578715	0.06778380212722798	0.09636308372020616	0.04770089466561727	0.047626251444423916	0.2574562849191116	0.16068508555455605	0.15824064734031082	0.16399901460931116	0.09613060571712977	0.07430433276061017	0.9172025983243215	0.3314931109333356	0.8387790182905531	0.14297939426430117	0.2630105405965182	0.3248497955377573	0.058703390381306245	0.027099879562589878	0.04899386140858972	0.11089549872262658	0.10172921531095215	0.10589962299278716	0.2529308582773685	0.28122491620029044	0.054980695496635396	0.0582054884054854	0.14775199772314349	0.15675648911251006	0.07088428935064413	0.1015177168828466	0.13515653586364804	0.166749671912743	0.10051943604796186	0.0941224630664344	0.11819237280017866	0.0963205400999076	0.06354230566295357	0.09901047546306188	0.336490006558595	0.3401117941784974	0.30383741376727874	0.27266467872882294	0.24123487836996182	0.29814023973769943	0.5317875538319726	0.1373888459344624	0.12002569039064802	0.05252275802611014	0.06982288047747225	0.10228326075002997	0.1231669425598817	0.08324136614831511	0.17490966312975623	0.4521932707944156	0.35564362905845787	0.14181656314150576	0.08340595491246172	0.23019571700024954	0.0669315795875607	0.1034657355643937	0.24073677636597476
KL-CP-10	201459	0.488306184181794	0.14545397521814543	0.5225780327418036	0.5472509763459673	0.452243340449537	0.2525620967454357	0.2170774737887723	0.5610317011170742	0.4163574712884532	0.05711304769593687	0	0.3028466577433223	0.29796679281722344	0.11526839094809975	0.12034896863149792	0.04863281944314074	0.2389987198644255	0.12791308966010448	0.11842090946309332	0.12842715709872415	0.07104086033908456	0.10449726627321172	0.2574562849191116	0.160685085554556	0.1731688484174718	0.11669748595227232	0.04424913587912016	0.12494144009647551	0.9172025983243215	0.3314931109333356	0.8387790182905531	0.15546238852248184	0.2630105405965182	0.3248497955377573	0.10585132207587399	0.07054630489269097	0.10526432177750521	0.11439644073587317	0.0754997626727692	0.06063253653602037	0.25293085827736844	0.3074707397859585	0.10449726627321175	0.11001259589781484	0.14775199772314349	0.1719267230568201	0.08370818100226982	0.10648217396020902	0.13687953781134535	0.166749671912743	0.11730973087522943	0.12009757643767359	0.07634138424432672	0.11134502320192867	0.08074182115500358	0.07255877377974806	0.3364900065585949	0.34011179417849746	0.27532182559928203	0.2811169394459124	0.24771081873003337	0.3046161800977709	0.5317875538319726	0.1458411066515518	0.06836078796644328	0.1044972662732117	0.1108470649431011	0.11583301652292345	0.12404246954293874	0.09250078027746807	0.1850909716348469	0.4521932707944156	0.35564362905845787	0.15660526855841794	0.11296768734098757	0.2388900105844882	0.10550019427114325	0.11216002914863218	0.24073677636597476
KL-CP-12	201461	0.44548073142177175	0.3028466577433223	0.526161505459641	0.6608500773302748	0.43296141989351855	0.3261253973096294	0.18776136493630244	0.5256340836455256	0.3926669506453155	0.30284665774332237	0.3028466577433223	0	0.2598060353427515	0.3028466577433223	0.30284665774332215	0.30284665774332226	0.21135905360954144	0.26857355700246954	0.3028466577433223	0.2682874768605114	0.3028466577433223	0.3028466577433223	0.13381649352338743	0.18796814700132827	0.30284665774332237	0.25872524334702446	0.30284665774332226	0.3028466577433223	0.9172025983243217	0.179177429832284	0.8387790182905531	0.26828747686051146	0.09083873411481554	0.1540207356257005	0.30284665774332226	0.3028466577433222	0.30284665774332226	0.26828747686051146	0.3028466577433223	0.30676409997325566	0.10423136222766884	0.33658496936640425	0.3028466577433223	0.30284665774332226	0.3028466577433222	0.2702268696824232	0.3028466577433223	0.30284665774332237	0.30284665774332237	0.3126745108338608	0.30284665774332226	0.3028466577433223	0.2682874768605114	0.3028466577433223	0.3028466577433223	0.3028466577433223	0.07918875249647944	0.18656214439809174	0.1762698742771365	0.367125428536079	0.2738071840981115	0.29537849935178145	0.3358743704300516	0.3028466577433223	0.30844492961673925	0.2682874768605114	0.2682874768605115	0.2682874768605115	0.23289909222948546	0.3028466577433223	0.3028466577433223	0.23810379566216844	0.1377691218835777	0.2682874768605114	0.3028466577433223	0.24864865601505817	0.3028466577433223	0.3028466577433223	0.24864865601505817
KL-CP-2	201462	0.488306184181794	0.29942109866308403	0.5346134275072694	0.6756015929259571	0.44043729715368973	0.3291422272706233	0.2563297213166664	0.5366798006078115	0.3770338047316913	0.28927249923298487	0.29796679281722344	0.2598060353427515	0	0.28811875356872324	0.28811875356872313	0.29027785415331075	0.2681816619374188	0.2650280588118521	0.2881187535687232	0.25703025457944895	0.28811875356872324	0.2881187535687232	0.33696254415187166	0.23747319945606937	0.2972485566868822	0.2567165349859119	0.2982683041242949	0.2881187535687232	0.9172025983243217	0.2762192876277558	0.8387790182905533	0.26782940915971565	0.2835269740862997	0.36624866514417215	0.28811875356872313	0.28811875356872313	0.28811875356872313	0.26624631302837726	0.28967541978719485	0.29009617259659765	0.245297292059519	0.3930146503418031	0.2881187535687232	0.2881187535687231	0.3057968381283791	0.2976409453514812	0.29516734081932855	0.3026339649125561	0.2979323719499349	0.31267021067783624	0.28811875356872313	0.29032860020805584	0.270010885880411	0.29521207328045246	0.2939514613856937	0.29487372353610464	0.26266272945532315	0.37229994760087415	0.3615238816253605	0.3249031616401948	0.25181501403753626	0.318142026941465	0.4503743986038026	0.2998869155907415	0.3107281346322254	0.261718303167006	0.25787122886412195	0.26450120994122234	0.2970912658341663	0.29572951546882653	0.2891506694817883	0.4601228956629588	0.3505655975095639	0.23218606262843608	0.2881187535687232	0.24954574348436354	0.28811875356872324	0.2881187535687231	0.2647815226235911
KL-CP-5	201465	0.48830618418179383	0.08852615048945174	0.5225780327418035	0.5346990456831752	0.45224334044953696	0.2236298683587006	0.21707747378877226	0.5505258222052296	0.4163574712884532	0.07485948955108412	0.11526839094809975	0.3028466577433223	0.28811875356872324	0	0.08446745462246322	0.14532675785350652	0.23899871986442553	0.09438909011781024	0.08313590790677977	0.089826796337303	0.0503054396650095	0.06681773779475673	0.25745628491911166	0.18937991812599925	0.12584439467543998	0.2116252660537351	0.14635556099125466	0.09093342528186295	0.9172025983243217	0.3314931109333356	0.8387790182905531	0.13918250854248743	0.28714306897462133	0.34754687756489655	0.07686624187940069	0.08232675203376381	0.06987883304368825	0.09228409257681566	0.14431368848079815	0.15131142842567621	0.25293085827736855	0.27540167236587315	0.07380020982280278	0.0743421859202743	0.12447184461672932	0.1840677614474151	0.11550171370850103	0.10420341584544084	0.10347685017963906	0.13506998622873398	0.10522528402128355	0.0941224630664344	0.16581862424460259	0.09554825069799135	0.11361586530495188	0.14385181291230822	0.3364900065585949	0.34011179417849735	0.34399330404637796	0.2773705267021446	0.23852521188552123	0.26249252158456143	0.5317875538319726	0.1420946939077841	0.1705639525686467	0.07975599613277029	0.055482644297215396	0.07634559258099552	0.155045529573638	0.12935070972870288	0.11053441627610873	0.4521932707944156	0.3829797199386469	0.14014455493579694	0.0833336865877837	0.2243724731658324	0.07493532261984077	0.09892448957472876	0.21046330758436993
KL-CP-8	201468	0.48830618418179383	0.1534161093934739	0.5225780327418035	0.5285086253502799	0.4522433404495369	0.2259357578580878	0.1814958663556995	0.5791097891194237	0.3857096941492753	0.08160627010840353	0.12034896863149792	0.30284665774332215	0.28811875356872313	0.08446745462246322	0	0.11879912417082833	0.2460573257726673	0.13335685990375565	0.07355117275837586	0.10373919527597479	0.09741842399011454	0.07355117275837582	0.22187467748603884	0.15649051376141557	0.17227115984149174	0.17760502276274595	0.10817524972848097	0.046667389500313274	0.9172025983243217	0.33149311093333556	0.838779018290553	0.1584106031700975	0.25554617240224203	0.3119652701318238	0.0379695653253031	0.07683967994210536	0.0735511727583758	0.12474420370001595	0.10929613475809022	0.16279945818846162	0.2173492508442958	0.2731698188502626	0.07601332205847304	0.07355117275837582	0.15961900412170354	0.19881484092945786	0.0889324885259581	0.13384207958731634	0.1458003854897816	0.1667496719127429	0.11210079017592561	0.0732886621396386	0.13735683539409144	0.1373058682159518	0.11416412509691276	0.10963369983546832	0.3364900065585948	0.3045301867454247	0.3084116966133052	0.2712639823242075	0.22108447984268537	0.27798984121042314	0.5317875538319726	0.14167567924397437	0.1320703344019992	0.08514057303169899	0.09205291752931131	0.1209634545782655	0.11946392214056527	0.08740040341772184	0.14178590114509412	0.41789917301925633	0.3473981125055741	0.12166616461422938	0.05886060099004318	0.23019968318053508	0.07597613197612924	0.1331224781691903	0.2435344708327471
KL-CP-22	201471	0.48830618418179383	0.16310936593291267	0.5225780327418036	0.5796882970961054	0.452243340449537	0.21302531353422818	0.18014218007034852	0.5610317011170741	0.3857096941492753	0.09770050640908257	0.04863281944314074	0.30284665774332226	0.29027785415331075	0.14532675785350652	0.11879912417082833	0	0.2389987198644254	0.15277833278374806	0.1530491848882176	0.14532675785350646	0.10959504981108867	0.1453267578535065	0.21801820691257381	0.12817008344361902	0.18274032094585813	0.0786825329755299	0.02342785937412186	0.11957062921861095	0.9172025983243217	0.33149311093333556	0.8387790182905531	0.15870302067228947	0.23141364402413905	0.28541171753121947	0.10734144085430075	0.1114745016776555	0.1453267578535065	0.15419043216462408	0.04702209716877767	0.06017715052960757	0.21349278027083074	0.3148600054752153	0.14532675785350652	0.1453267578535065	0.16729375971878135	0.18112211544478568	0.07174192986684094	0.1394611437898267	0.15395030901983042	0.18686763652432722	0.14532675785350643	0.10593942590171386	0.03690330623778894	0.1238353301271939	0.1089614296653536	0.06664145440463401	0.3364900065585949	0.30067371617195965	0.2358837475927442	0.29078711717896844	0.20817403551882585	0.2650793968865634	0.5317875538319727	0.16519757273489577	0.044461640697104975	0.147855705856476	0.14532675785350654	0.1506386126306924	0.09811949859622812	0.09431700784692038	0.1378652497597268	0.41789917301925633	0.3195938599677193	0.12127222543063408	0.10588867984696876	0.23120107192057554	0.14532675785350652	0.11666889164907673	0.2407367763659747
KL-CP-24	201473	0.49551674228727244	0.20988460867042014	0.5225780327418034	0.631256909525713	0.42530829832843436	0.26617114170021433	0.25540340761176983	0.5791097891194236	0.35538149651659245	0.23899871986442553	0.2389987198644255	0.21135905360954144	0.2681816619374188	0.23899871986442553	0.2460573257726673	0.2389987198644254	0	0.17670529397422383	0.2447257790569838	0.17544078055342827	0.23899871986442545	0.2389987198644254	0.20364463633447347	0.2502563498172711	0.23899871986442553	0.248519427055113	0.24700585687152485	0.250685301393915	0.9172025983243217	0.30604387164325303	0.838779018290553	0.14663643645942423	0.23409637118581295	0.2840550825855234	0.2389987198644254	0.24312212401581992	0.23899871986442545	0.2064626786518099	0.2508215438983093	0.250569283659443	0.2014409618453762	0.4013298392674565	0.2389987198644255	0.23899871986442545	0.2079768217660437	0.2326605150699434	0.23899871986442553	0.25110598990381755	0.20797682176604385	0.2266725241382048	0.23899871986442545	0.2389987198644255	0.2103779329328911	0.23899871986442553	0.2106124770199981	0.25348944202460266	0.21268539106269999	0.2765558574047016	0.2789886192177757	0.3307023412683857	0.23742718485288714	0.2778211021110123	0.4351380445660782	0.24036979605854003	0.2538643689970575	0.20646267865180995	0.20646267865181003	0.20646267865180995	0.21998160926587443	0.2509776061929038	0.21491591429280552	0.38718858596581346	0.3179750351100446	0.18119188627913238	0.2389987198644255	0.22214887905070727	0.23899871986442553	0.24071394200082336	0.2315178760871418
KL-CP-14	201474	0.488306184181794	0.09152330768918229	0.5225780327418036	0.5580787549630718	0.4233717736278318	0.254076262823192	0.2170774737887723	0.526610759688351	0.38208437054760047	0.12591575743578715	0.12791308966010448	0.26857355700246954	0.2650280588118521	0.09438909011781024	0.13335685990375565	0.15277833278374806	0.17670529397422383	0	0.13202531318807226	0.09572300989295326	0.09438909011781024	0.1259157574357871	0.25745628491911166	0.18937991812599927	0.15228098798647888	0.21162526605373513	0.14655931214169143	0.1379848355250034	0.9172025983243217	0.3314931109333356	0.8387790182905531	0.09204887474928422	0.2871430689746213	0.3475468775648967	0.1259157574357871	0.1304216581469084	0.1259157574357871	0.033608606694529884	0.15261844493934876	0.16441686030016944	0.2279666282537345	0.3054734075616412	0.12591575743578715	0.1259157574357871	0.06471262475624069	0.17702974281175082	0.1300884685342349	0.08386535682910669	0.07707523102625005	0.10546561991717993	0.1278014405539931	0.12712956919639018	0.13154552350374982	0.11301360387347631	0.06890581034616385	0.14529839832776664	0.30221690581774213	0.3401117941784975	0.3439933040463779	0.2902415802551401	0.1929057045745684	0.24721330235233127	0.4689385991994892	0.15496574746077957	0.17076770371908348	0.0916426566949343	0.06072127061605637	0.06088599938687928	0.15504552957363807	0.1427838968102766	0.12523881386683847	0.45219327079441574	0.3829797199386469	0.12863574441163333	0.12591575743578712	0.20790035195314954	0.12591575743578715	0.14372968820619858	0.18351000802514525
KL-CP-21	201481	0.48830618418179395	0.15148805022506925	0.5225780327418035	0.4966131931835978	0.45224334044953685	0.26018581857547707	0.2170774737887723	0.5791097891194238	0.41635747128845324	0.06778380212722798	0.11842090946309332	0.3028466577433223	0.2881187535687232	0.08313590790677977	0.07355117275837586	0.1530491848882176	0.2447257790569838	0.13202531318807226	0	0.1010872477210163	0.09549036482170994	0.03502799334130215	0.2574562849191116	0.18937991812599925	0.16769172339117358	0.21185508348013524	0.14375685716155373	0.05656642342431619	0.9172025983243215	0.3314931109333356	0.8387790182905531	0.15707905645441408	0.28714306897462133	0.3475468775648965	0.058082394400296354	0.05287206859400912	0.025887642613724223	0.12281614453161133	0.1443136884807982	0.1614679114727782	0.25293085827736844	0.24672374563460603	0.057825010892628086	0.014745612796237529	0.1576909449532989	0.19211192384104547	0.12234098642415665	0.13384207958731648	0.14446883877409816	0.16674967191274295	0.09178147845409786	0.10753872285702784	0.1716068961114807	0.1359743215002684	0.1122360659285082	0.13938060959726048	0.336490006558595	0.34011179417849746	0.3439933040463779	0.24422139665582968	0.25533454056007465	0.31223990192781226	0.5317875538319727	0.13654040197721454	0.167651941835072	0.06146668140939983	0.08607575836100444	0.11903539540986094	0.15504552957363804	0.11977298174792443	0.1760359618624834	0.4521932707944156	0.38297971993864693	0.1559162253316186	0.08102046266466499	0.22885417188006363	0.05453481390216321	0.11412322929443348	0.24220292411706354
KL-CP-37	201485	0.4883061841817937	0.15642408560039073	0.5225780327418035	0.5454123659351029	0.42337177362783174	0.24902466039927845	0.2172763707032613	0.5791097891194238	0.38171358165392194	0.09636308372020616	0.12842715709872415	0.2682874768605114	0.25703025457944895	0.089826796337303	0.10373919527597479	0.14532675785350646	0.17544078055342827	0.09572300989295326	0.1010872477210163	0	0.09708848125985939	0.08627454198241748	0.2574562849191116	0.18937991812599925	0.16296530175871674	0.21162526605373505	0.1506396653397103	0.11243701945098501	0.9172025983243217	0.3314931109333356	0.8387790182905531	0.06211581441382773	0.28714306897462133	0.34754687756489644	0.09481758169363724	0.09964073534572651	0.08859214309526742	0.08066356997034368	0.14791454490458833	0.1513114284256762	0.2279666282537345	0.2725071085782093	0.09530380399192483	0.09229352573451083	0.160435634649194	0.1561873892660118	0.11648007246191301	0.1421338047935694	0.1375625639671326	0.16819380716024138	0.10595713401485368	0.10245204372748497	0.12962758885959347	0.1276153531368952	0.11789996965340756	0.14813591726076392	0.3010329713384213	0.34011179417849735	0.3439933040463779	0.27810237669571486	0.24052183482147585	0.2974271961892134	0.49869598387707537	0.14282654390135424	0.17484805691710237	0.06275403855582991	0.061323213888604074	0.07626348770066599	0.15540072328730034	0.14442508799435277	0.1669252251115899	0.45219327079441557	0.3829797199386469	0.0997203890865449	0.09805711352985767	0.22212665506543394	0.09288666243407731	0.13159048464677328	0.24073677636597476
KL-CP-27	201487	0.48830618418179395	0.10924612601710819	0.5225780327418035	0.5401373994361768	0.4522433404495371	0.24902466039927834	0.21707747378877226	0.5324477342028802	0.41635747128845324	0.04770089466561727	0.07104086033908456	0.3028466577433223	0.28811875356872324	0.0503054396650095	0.09741842399011454	0.10959504981108867	0.23899871986442545	0.09438909011781024	0.09549036482170994	0.09708848125985939	0	0.07392842816921338	0.2574562849191116	0.16068508555455602	0.11135387462691117	0.1758935580113173	0.10802514911913588	0.1053113132757385	0.9172025983243215	0.3314931109333356	0.8387790182905533	0.13918250854248743	0.2630105405965182	0.3248497955377573	0.08397693225385736	0.052911235197654685	0.0769895234181449	0.08256912272129437	0.10858198043838031	0.11557972038325841	0.25293085827736844	0.28332104785565126	0.08237332297975376	0.08591205109996736	0.1144610529914908	0.14481169379442377	0.08162471359065689	0.07081874726498892	0.10008051119506302	0.13495348362411944	0.09404789138326791	0.0984971141387968	0.1300869162021848	0.09738105062172121	0.07749500846854164	0.10315783707569454	0.33649000655859496	0.34011179417849735	0.3082615960039601	0.26619313406412903	0.23852521188552123	0.2625757331586242	0.5317875538319726	0.13091730126976844	0.13192023379265416	0.08832910928972128	0.06092099805021696	0.06922191679622965	0.12316694255988166	0.09177291179093583	0.13786529236076323	0.4521932707944156	0.355643629058458	0.14014455493579697	0.08270531960212661	0.22291005038333803	0.08204601299429744	0.09618006894748211	0.21046330758436987
KL-CP-29	201489	0.48830618418179395	0.14314011291967485	0.5225780327418035	0.4944035206065879	0.4522433404495369	0.2490246603992784	0.21707747378877223	0.5791097891194239	0.41635747128845324	0.047626251444423916	0.10449726627321172	0.3028466577433223	0.2881187535687232	0.06681773779475673	0.07355117275837582	0.1453267578535065	0.2389987198644254	0.1259157574357871	0.03502799334130215	0.08627454198241748	0.07392842816921338	0	0.2574562849191116	0.18937991812599922	0.1326637300498714	0.2116252660537351	0.14375685716155367	0.05831301601175902	0.9172025983243215	0.33149311093333556	0.8387790182905531	0.14076088634239106	0.2871430689746213	0.34754687756489644	0.04356658425552542	0.04604855311399727	0.02610228541910047	0.11089549872262651	0.1443136884807981	0.1513114284256762	0.25293085827736855	0.2627471554518937	0.03456292884658828	0.02544967961955955	0.14775199772314349	0.16986991250960298	0.11550171370850103	0.1338420795873164	0.13515653586364798	0.16674967191274292	0.06938974056297716	0.09412246306643438	0.16581862424460256	0.1274823957764657	0.10821226417959635	0.13888954511811233	0.33649000655859496	0.34011179417849746	0.34399330404637785	0.24153498324383832	0.2390163704480516	0.2959217318157893	0.5317875538319726	0.12576448467280374	0.16765194183507193	0.03885842037340785	0.0692403859505745	0.1000647528281198	0.15504552957363796	0.11423895363451024	0.1669252251115899	0.45219327079441546	0.3829797199386468	0.1401445549357969	0.0653088714794813	0.22212665506543394	0.04845381883916395	0.11735643099897729	0.24073677636597476
KL-CP-31	201490	0.3949039391175959	0.25745628491911154	0.5225780327418035	0.6236448746679237	0.45698184905815525	0.24696121242076283	0.1417543999872744	0.5791097891194238	0.3857096941492753	0.2574562849191116	0.2574562849191116	0.13381649352338743	0.33696254415187166	0.25745628491911166	0.22187467748603884	0.21801820691257381	0.20364463633447347	0.25745628491911166	0.2574562849191116	0.2574562849191116	0.2574562849191116	0.2574562849191116	0	0.1638863715407982	0.2574562849191116	0.21620022115171392	0.21515631418667389	0.21515631418667389	0.9172025983243217	0.21852532890328835	0.838779018290553	0.2574562849191116	0.08822415852560057	0.12789992530256797	0.21515631418667389	0.25745628491911154	0.2574562849191116	0.2574562849191116	0.22243873119640378	0.2662248648061134	0.10269668984495016	0.2845152849551655	0.2574562849191116	0.25745628491911154	0.2574562849191115	0.27532076271422823	0.22271624030522968	0.2574562849191116	0.25745628491911166	0.25985275639328487	0.2574562849191116	0.21515631418667386	0.2184192064328596	0.25745628491911154	0.2574562849191117	0.2271128627045984	0.15283653237671505	0.11732145152143103	0.1242558202980269	0.3448172422589077	0.23775299852494486	0.27896955483278557	0.4192281295622951	0.25745628491911166	0.2152652804893366	0.2574562849191116	0.2574562849191117	0.25745628491911154	0.14214993104475493	0.21515631418667389	0.21818810107651615	0.2027428588325824	0.18439381579200112	0.21651349450574042	0.21515631418667389	0.2737090023465633	0.25745628491911154	0.25745628491911154	0.2647949682094823
KL-CP-43	201502	0.42762567516806405	0.18946890992315676	0.5225780327418037	0.591441733271495	0.452243340449537	0.23380568928175113	0.06376480116646775	0.5075559956431761	0.3857096941492753	0.16068508555455605	0.160685085554556	0.18796814700132827	0.23747319945606937	0.18937991812599925	0.15649051376141557	0.12817008344361902	0.2502563498172711	0.18937991812599927	0.18937991812599925	0.18937991812599925	0.16068508555455602	0.18937991812599922	0.1638863715407982	0	0.20625025761903723	0.09864237453079482	0.12779568118997237	0.15691946533805967	0.9172025983243217	0.20369742974336313	0.8387790182905531	0.19265891100870125	0.11352810973225737	0.23127988215944387	0.1564905137614156	0.16068508555455593	0.18937991812599922	0.18937991812599922	0.12836087527101073	0.17472374290383605	0.10565952960994271	0.28224099211671727	0.18937991812599922	0.18937991812599922	0.19111348658588945	0.20463205211796476	0.1277956811899725	0.1632594952685204	0.18937991812599927	0.20703645786999428	0.18937991812599922	0.15649051376141565	0.13436921860986303	0.16068508555455602	0.1606850855545561	0.13357475554737447	0.21755719228344947	0.246541880800184	0.22172855809662131	0.30717299227706973	0.16956260195022868	0.23996021489165958	0.4137907643541411	0.19746890380084384	0.14122263971684593	0.18937991812599922	0.1893799181259993	0.18937991812599922	0.12854283873695752	0.1285169375656053	0.1709455227626153	0.35862335741610224	0.2122193483590633	0.16311777154276028	0.15649051376141565	0.19217117082415353	0.18937991812599925	0.16068508555455602	0.1872575280966229
KL-CP-44	201503	0.4902336910515327	0.1425367051009217	0.4696333489801594	0.554629394527372	0.41374791802059674	0.21061476264270873	0.2231492912221826	0.4975811384435856	0.41635747128845324	0.15824064734031082	0.1731688484174718	0.30284665774332237	0.2972485566868822	0.12584439467543998	0.17227115984149174	0.18274032094585813	0.23899871986442553	0.15228098798647888	0.16769172339117358	0.16296530175871674	0.11135387462691117	0.1326637300498714	0.2574562849191116	0.20625025761903723	0	0.21909129179760636	0.19154658021431276	0.18093347986023184	0.9172025983243215	0.33149311093333567	0.805341186588794	0.17365675590378044	0.2871430689746213	0.3475468775648965	0.15430415447793897	0.15627880207507525	0.1509947293525165	0.14545232031688754	0.19005133465836346	0.19075071909723984	0.2529308582773686	0.3374486699393905	0.14892105121571914	0.158113409669431	0.14853857057335035	0.16340415365409808	0.1863014324577352	0.17085180237072772	0.14900109265947262	0.18873698870693187	0.13602427492689462	0.17192680543368002	0.2015049524117626	0.18229687922933577	0.17905335842691192	0.1922720208147053	0.336490006558595	0.3401117941784975	0.3439933040463779	0.2420483968977848	0.2405976070866615	0.2567475297662137	0.5317875538319726	0.15955416499062205	0.21055161594390198	0.15897137128307295	0.13032866815421829	0.13490192910699533	0.20089480688140968	0.18557301328146242	0.15053097623757583	0.45219327079441574	0.382979719938647	0.18032010671951754	0.1556001277957501	0.222126655065434	0.15419414474232582	0.1673034029098145	0.21046330758436987
KL-CP-59	201507	0.488306184181794	0.21372965682377854	0.5225780327418035	0.6071118255039462	0.452243340449537	0.203798964875145	0.11421732313051905	0.507555995643176	0.38570969414927525	0.16399901460931116	0.11669748595227232	0.25872524334702446	0.2567165349859119	0.2116252660537351	0.17760502276274595	0.0786825329755299	0.248519427055113	0.21162526605373513	0.21185508348013524	0.21162526605373505	0.1758935580113173	0.2116252660537351	0.21620022115171392	0.09864237453079482	0.21909129179760636	0	0.0816137614141956	0.16165756954313448	0.9172025983243217	0.2808817546377923	0.8387790182905533	0.2177357700141891	0.18200604249936456	0.2811068845264306	0.1680586817982097	0.1716542378843369	0.2116252660537351	0.2116252660537351	0.1058279957606953	0.13245969730774582	0.15449388111935558	0.37196027602675535	0.2116252660537351	0.2116252660537351	0.2131155630627979	0.2224102928624411	0.13226779708199626	0.18591093162249903	0.21162526605373516	0.2232811785917194	0.21162526605373502	0.15821995713980827	0.09301621901584793	0.1809709504234072	0.16695530753709237	0.12085148361375782	0.27823770129717923	0.28395475790456554	0.23266944325661099	0.3184755973771563	0.1405345818541931	0.21093219479562395	0.4744712733678708	0.22172965070146558	0.07511496944939722	0.21162526605373505	0.21162526605373513	0.2116252660537351	0.14117109466950611	0.1328635450290184	0.17842964813449008	0.41789917301925633	0.26973949264663816	0.16312852634303296	0.15546822977980324	0.20247367476711847	0.2116252660537351	0.17925680987075482	0.19637195358233941
