130
31232      0.0000000 0.0157333 0.0245152 0.0153098 0.0114645 0.0197258 0.0275615 0.0153098 0.0317350 0.0193963 0.0115255 0.0193963 0.0275615 0.0156627 0.0279345 0.0114645 0.0153098 0.0155188 0.0159474 0.0193963 0.0233136 0.0154843 0.0154843 0.0113955 0.0235867 0.0154941 0.0154843 0.0154014 0.0153098 0.0154843 0.0195447 0.0153098 0.0036990 0.0277739 0.0155188 0.0154941 0.0193963 0.0154014 0.0277201 0.0193963 0.0154014 0.0113955 0.0114645 0.0113955 0.0114645 0.0319137 0.0277201 0.0192823 0.0037407 0.0192823 0.0153098 0.0153098 0.0153098 0.0153098 0.0235781 0.0275615 0.0234495 0.0234495 0.0365708 0.0192823 0.0234495 0.0235867 0.0153098 0.0234495 0.0154843 0.0155272 0.0454455 0.0155188 0.0115515 0.0192823 0.0197258 0.0113955 0.0410165 0.0114645 0.0154014 0.0154843 0.0233136 0.0115515 0.0154843 0.0244429 0.0234495 0.0319137 0.0192823 0.0234495 0.0274058 0.0114645 0.0154843 0.0197795 0.0113955 0.0115255 0.0196615 0.0153098 0.0408330 0.0113955 0.0075392 0.0078716 0.0154014 0.0235867 0.0154843 0.0113955 0.0192823 0.0319137 0.0233136 0.0113955 0.0154843 0.0153098 0.0154843 0.0153098 0.0161835 0.0167905 0.0153098 0.0115255 0.0156627 0.0154843 0.0113955 0.0153098 0.0192823 0.0153098 0.0154014 0.0317350 0.0192823 0.0114518 0.0153098 0.0197258 0.0154014 0.0275615 0.0233136 0.0192823 0.0317350 0.0197258 
4228096    0.0157333 0.0000000 0.0248625 0.0155188 0.0116223 0.0199995 0.0279345 0.0155188 0.0321600 0.0196615 0.0116850 0.0196615 0.0279345 0.0158811 0.0283163 0.0116223 0.0155188 0.0157333 0.0161741 0.0196615 0.0236295 0.0156979 0.0156979 0.0115515 0.0239090 0.0157078 0.0156979 0.0156128 0.0155188 0.0156979 0.0198137 0.0155188 0.0117117 0.0281520 0.0157333 0.0157078 0.0196615 0.0156128 0.0280966 0.0196615 0.0156128 0.0115515 0.0116223 0.0115515 0.0116223 0.0323430 0.0280966 0.0195447 0.0115515 0.0195447 0.0155188 0.0155188 0.0155188 0.0155188 0.0239004 0.0279345 0.0237686 0.0237686 0.0370636 0.0195447 0.0237686 0.0239090 0.0155188 0.0237686 0.0156979 0.0157420 0.0460447 0.0157333 0.0117117 0.0195447 0.0199995 0.0115515 0.0415635 0.0116223 0.0156128 0.0156979 0.0236295 0.0117117 0.0156979 0.0247876 0.0237686 0.0323430 0.0195447 0.0237686 0.0277739 0.0116223 0.0156979 0.0200545 0.0115515 0.0116850 0.0199334 0.0155188 0.0413770 0.0115515 0.0076426 0.0079843 0.0156128 0.0239090 0.0156979 0.0115515 0.0195447 0.0323430 0.0236295 0.0115515 0.0156979 0.0155188 0.0156979 0.0155188 0.0164164 0.0170411 0.0155188 0.0116850 0.0158811 0.0156979 0.0115515 0.0155188 0.0195447 0.0155188 0.0156128 0.0321600 0.0195447 0.0116093 0.0155188 0.0199995 0.0156128 0.0279345 0.0236295 0.0195447 0.0321600 0.0199995 
10757      0.0245152 0.0248625 0.0000000 0.0241766 0.0201131 0.0290963 0.0038502 0.0199911 0.0077620 0.0038502 0.0202265 0.0285938 0.0038502 0.0247497 0.0119011 0.0117357 0.0241766 0.0245152 0.0252340 0.0285938 0.0284259 0.0244601 0.0244601 0.0199911 0.0244686 0.0244686 0.0244601 0.0243219 0.0241766 0.0244601 0.0288218 0.0241766 0.0202725 0.0331934 0.0245152 0.0244686 0.0201131 0.0159669 0.0202364 0.0201131 0.0243219 0.0199911 0.0201131 0.0199911 0.0201131 0.0244686 0.0287632 0.0284259 0.0199911 0.0284259 0.0158688 0.0241766 0.0241766 0.0241766 0.0331203 0.0038502 0.0077620 0.0243219 0.0119484 0.0284259 0.0243219 0.0244686 0.0158688 0.0000010 0.0244601 0.0245325 0.0380623 0.0245152 0.0202725 0.0241766 0.0290963 0.0199911 0.0335826 0.0201131 0.0243219 0.0244601 0.0327418 0.0202725 0.0244601 0.0343943 0.0329301 0.0420342 0.0284259 0.0329301 0.0327418 0.0201131 0.0244601 0.0291669 0.0199911 0.0202265 0.0289936 0.0241766 0.0160024 0.0199911 0.0158688 0.0158688 0.0243219 0.0331213 0.0199911 0.0199911 0.0241766 0.0244686 0.0284259 0.0199911 0.0244601 0.0241766 0.0244601 0.0241766 0.0244601 0.0266419 0.0241766 0.0202265 0.0247497 0.0244601 0.0118088 0.0241766 0.0199911 0.0158688 0.0243219 0.0077620 0.0284259 0.0200941 0.0241766 0.0290963 0.0243219 0.0038502 0.0284259 0.0284259 0.0077620 0.0290963 
2057       0.0153098 0.0155188 0.0241766 0.0000000 0.0113107 0.0114997 0.0191375 0.0074385 0.0231391 0.0191375 0.0113702 0.0113107 0.0271991 0.0154500 0.0193963 0.0113107 0.0151059 0.0075392 0.0038399 0.0113107 0.0151059 0.0075223 0.0075223 0.0112435 0.0152857 0.0152857 0.0152761 0.0074834 0.0074385 0.0075223 0.0113955 0.0151059 0.0113955 0.0192823 0.0075392 0.0152857 0.0113107 0.0151954 0.0273537 0.0191375 0.0074834 0.0112435 0.0113107 0.0112435 0.0113107 0.0232719 0.0192500 0.0112435 0.0112435 0.0112435 0.0151059 0.0074385 0.0074385 0.0074385 0.0152761 0.0271991 0.0151954 0.0151954 0.0276605 0.0112435 0.0151954 0.0152857 0.0074385 0.0231391 0.0075223 0.0075422 0.0361667 0.0075392 0.0113955 0.0112435 0.0114997 0.0036730 0.0404811 0.0113107 0.0074834 0.0075223 0.0151059 0.0113955 0.0152761 0.0117757 0.0151954 0.0232719 0.0112435 0.0151954 0.0190271 0.0113107 0.0075223 0.0195115 0.0112435 0.0113702 0.0193963 0.0074385 0.0317601 0.0036907 0.0074385 0.0077620 0.0151954 0.0152857 0.0075223 0.0036907 0.0112435 0.0314940 0.0151059 0.0036907 0.0152761 0.0074385 0.0075223 0.0074385 0.0159568 0.0081381 0.0074385 0.0113702 0.0154500 0.0075223 0.0112435 0.0074385 0.0112435 0.0074385 0.0074834 0.0231391 0.0112435 0.0037086 0.0074385 0.0114997 0.0074834 0.0190436 0.0151059 0.0112435 0.0231391 0.0114997 
13837      0.0114645 0.0116223 0.0201131 0.0113107 0.0000000 0.0155432 0.0232719 0.0113107 0.0273537 0.0152857 0.0075681 0.0152857 0.0232719 0.0115699 0.0235867 0.0075287 0.0113107 0.0114645 0.0117757 0.0152857 0.0191375 0.0114389 0.0114389 0.0074834 0.0113107 0.0114475 0.0114389 0.0036907 0.0113107 0.0114389 0.0154014 0.0113107 0.0075852 0.0234495 0.0114645 0.0114475 0.0074385 0.0036907 0.0151954 0.0074385 0.0113787 0.0074834 0.0075287 0.0074834 0.0075287 0.0191375 0.0151954 0.0151954 0.0074834 0.0151954 0.0113107 0.0113107 0.0113107 0.0113107 0.0193539 0.0232719 0.0192500 0.0192500 0.0320246 0.0151954 0.0192500 0.0113107 0.0113107 0.0192500 0.0114389 0.0075422 0.0317350 0.0114645 0.0075852 0.0151954 0.0155432 0.0074834 0.0275615 0.0075287 0.0113787 0.0114389 0.0191375 0.0075852 0.0114389 0.0200551 0.0192500 0.0275098 0.0151954 0.0192500 0.0231391 0.0075287 0.0114389 0.0155877 0.0074834 0.0075681 0.0154941 0.0113107 0.0317601 0.0074834 0.0037131 0.0038746 0.0036907 0.0193637 0.0114389 0.0074834 0.0151954 0.0191375 0.0191375 0.0074834 0.0114389 0.0113107 0.0114389 0.0113107 0.0119484 0.0123886 0.0113107 0.0075681 0.0115699 0.0114389 0.0074834 0.0113107 0.0151954 0.0113107 0.0113787 0.0273537 0.0151954 0.0075199 0.0113107 0.0155432 0.0113787 0.0232719 0.0191375 0.0151954 0.0273537 0.0155432 
4228116    0.0197258 0.0199995 0.0290963 0.0114997 0.0155432 0.0000000 0.0236649 0.0114997 0.0278138 0.0236649 0.0113450 0.0155432 0.0320224 0.0114740 0.0239893 0.0155432 0.0194589 0.0116585 0.0119806 0.0155432 0.0194589 0.0116321 0.0116321 0.0154500 0.0196919 0.0196919 0.0196821 0.0115699 0.0114997 0.0037238 0.0156627 0.0194589 0.0156627 0.0238479 0.0116585 0.0196919 0.0155432 0.0195748 0.0322042 0.0236649 0.0115699 0.0154500 0.0155432 0.0154500 0.0155432 0.0279748 0.0238042 0.0154500 0.0154500 0.0154500 0.0194589 0.0114997 0.0114997 0.0114997 0.0196821 0.0320224 0.0195748 0.0195748 0.0325706 0.0154500 0.0195748 0.0196919 0.0114997 0.0278138 0.0116321 0.0075253 0.0413870 0.0116585 0.0156627 0.0154500 0.0114740 0.0076079 0.0458509 0.0155432 0.0076079 0.0075055 0.0194589 0.0156627 0.0196821 0.0204066 0.0195748 0.0279748 0.0154500 0.0195748 0.0235268 0.0155432 0.0116321 0.0241320 0.0154500 0.0156276 0.0239893 0.0114997 0.0368112 0.0076079 0.0114997 0.0120147 0.0195748 0.0196919 0.0116321 0.0076079 0.0154500 0.0364930 0.0194589 0.0076079 0.0152426 0.0114997 0.0116321 0.0114997 0.0205843 0.0082383 0.0114997 0.0156276 0.0199100 0.0037238 0.0154500 0.0114997 0.0154500 0.0114997 0.0115699 0.0278138 0.0154500 0.0076457 0.0114997 0.0075907 0.0115699 0.0236649 0.0194589 0.0154500 0.0278138 0.0114740 
2582       0.0275615 0.0279345 0.0038502 0.0191375 0.0232719 0.0236649 0.0000000 0.0191375 0.0036907 0.0074385 0.0233987 0.0232719 0.0074385 0.0278138 0.0075392 0.0151059 0.0271991 0.0193963 0.0199339 0.0232719 0.0271991 0.0193539 0.0193539 0.0231391 0.0193637 0.0275098 0.0275036 0.0192500 0.0191375 0.0193539 0.0234495 0.0271991 0.0234495 0.0317350 0.0193963 0.0275098 0.0152857 0.0192500 0.0234074 0.0232719 0.0192500 0.0231391 0.0232719 0.0231391 0.0232719 0.0193637 0.0234074 0.0231391 0.0231391 0.0231391 0.0191375 0.0191375 0.0191375 0.0191375 0.0275036 0.0074385 0.0036907 0.0192500 0.0075681 0.0231391 0.0192500 0.0193637 0.0113107 0.0036907 0.0193539 0.0194077 0.0320932 0.0193963 0.0234495 0.0231391 0.0236649 0.0151954 0.0363666 0.0232719 0.0192500 0.0193539 0.0271991 0.0234495 0.0275036 0.0285092 0.0273537 0.0358905 0.0231391 0.0273537 0.0313193 0.0232719 0.0193539 0.0320932 0.0231391 0.0233987 0.0319137 0.0191375 0.0114008 0.0151954 0.0191375 0.0199911 0.0273537 0.0275098 0.0193539 0.0151954 0.0231391 0.0275098 0.0271991 0.0151954 0.0275036 0.0191375 0.0193539 0.0191375 0.0287577 0.0209859 0.0191375 0.0233987 0.0278138 0.0193539 0.0151954 0.0191375 0.0151954 0.0113107 0.0192500 0.0036907 0.0231391 0.0152699 0.0191375 0.0236649 0.0192500 0.0000010 0.0271991 0.0231391 0.0036907 0.0236649 
457754     0.0153098 0.0155188 0.0199911 0.0074385 0.0113107 0.0114997 0.0191375 0.0000000 0.0231391 0.0191375 0.0113702 0.0113107 0.0271991 0.0154500 0.0193963 0.0113107 0.0151059 0.0075392 0.0076813 0.0113107 0.0073835 0.0075223 0.0075223 0.0112435 0.0152857 0.0152857 0.0152761 0.0074834 0.0073835 0.0075223 0.0113955 0.0151059 0.0113955 0.0113955 0.0075392 0.0152857 0.0113107 0.0151954 0.0273537 0.0191375 0.0074834 0.0112435 0.0113107 0.0112435 0.0113107 0.0232719 0.0192500 0.0112435 0.0112435 0.0112435 0.0151059 0.0074385 0.0074385 0.0074385 0.0152761 0.0271991 0.0151954 0.0151954 0.0276605 0.0112435 0.0151954 0.0152857 0.0073835 0.0231391 0.0075223 0.0075422 0.0361667 0.0075392 0.0113955 0.0036907 0.0114997 0.0036907 0.0404811 0.0113107 0.0074277 0.0075223 0.0151059 0.0113955 0.0152761 0.0156991 0.0151954 0.0232719 0.0112435 0.0151954 0.0112435 0.0112260 0.0075223 0.0195115 0.0112435 0.0113702 0.0193963 0.0074385 0.0317601 0.0036907 0.0074385 0.0038502 0.0151954 0.0152857 0.0075223 0.0036637 0.0036907 0.0314940 0.0074385 0.0074277 0.0152761 0.0074385 0.0075223 0.0074385 0.0118736 0.0081381 0.0074385 0.0113702 0.0154500 0.0075223 0.0112435 0.0074385 0.0112435 0.0074385 0.0074834 0.0231391 0.0111597 0.0037086 0.0074385 0.0114997 0.0074834 0.0191375 0.0074385 0.0112435 0.0231391 0.0114997 
2587       0.0317350 0.0321600 0.0077620 0.0231391 0.0273537 0.0278138 0.0036907 0.0231391 0.0000000 0.0112435 0.0275036 0.0273537 0.0036907 0.0320224 0.0113955 0.0190271 0.0313193 0.0234495 0.0241064 0.0273537 0.0313193 0.0233987 0.0233987 0.0271991 0.0234074 0.0316703 0.0316678 0.0232719 0.0231391 0.0233987 0.0275615 0.0313193 0.0275615 0.0359685 0.0234495 0.0316703 0.0192500 0.0232719 0.0275098 0.0273537 0.0232719 0.0271991 0.0273537 0.0271991 0.0273537 0.0234074 0.0275098 0.0271991 0.0271991 0.0271991 0.0231391 0.0231391 0.0231391 0.0231391 0.0316678 0.0112435 0.0074385 0.0232719 0.0114389 0.0271991 0.0232719 0.0234074 0.0151954 0.0074385 0.0233987 0.0234656 0.0278801 0.0234495 0.0275615 0.0271991 0.0278138 0.0191375 0.0320932 0.0273537 0.0232719 0.0233987 0.0313193 0.0275615 0.0316678 0.0328316 0.0314940 0.0401715 0.0271991 0.0314940 0.0355008 0.0273537 0.0233987 0.0363666 0.0271991 0.0275036 0.0361667 0.0231391 0.0153177 0.0191375 0.0231391 0.0241766 0.0314940 0.0316703 0.0233987 0.0191375 0.0271991 0.0316703 0.0313193 0.0191375 0.0316678 0.0231391 0.0233987 0.0231391 0.0331203 0.0253893 0.0231391 0.0275036 0.0320224 0.0233987 0.0191375 0.0231391 0.0191375 0.0151954 0.0232719 0.0074385 0.0271991 0.0192327 0.0231391 0.0278138 0.0232719 0.0036907 0.0313193 0.0271991 0.0074385 0.0278138 
2594       0.0193963 0.0196615 0.0038502 0.0191375 0.0152857 0.0236649 0.0074385 0.0191375 0.0112435 0.0000000 0.0153674 0.0232719 0.0074385 0.0195748 0.0075392 0.0074385 0.0191375 0.0193963 0.0199339 0.0232719 0.0271991 0.0193539 0.0193539 0.0151954 0.0193637 0.0193637 0.0193539 0.0192500 0.0191375 0.0193539 0.0234495 0.0191375 0.0154014 0.0317350 0.0193963 0.0193637 0.0152857 0.0113787 0.0234074 0.0152857 0.0192500 0.0151954 0.0152857 0.0151954 0.0152857 0.0275098 0.0234074 0.0231391 0.0151954 0.0231391 0.0113107 0.0191375 0.0191375 0.0191375 0.0275036 0.0074385 0.0036907 0.0192500 0.0153674 0.0231391 0.0192500 0.0193637 0.0191375 0.0036907 0.0193539 0.0194077 0.0406995 0.0193963 0.0154014 0.0231391 0.0236649 0.0151954 0.0363666 0.0152857 0.0192500 0.0193539 0.0271991 0.0154014 0.0193539 0.0285092 0.0273537 0.0358905 0.0231391 0.0273537 0.0313193 0.0152857 0.0193539 0.0237252 0.0151954 0.0153674 0.0235867 0.0191375 0.0192933 0.0151954 0.0113107 0.0118088 0.0192500 0.0275098 0.0193539 0.0151954 0.0231391 0.0275098 0.0271991 0.0151954 0.0193539 0.0191375 0.0193539 0.0191375 0.0202265 0.0209859 0.0191375 0.0153674 0.0195748 0.0193539 0.0074834 0.0191375 0.0151954 0.0113107 0.0192500 0.0112435 0.0231391 0.0152699 0.0191375 0.0236649 0.0192500 0.0074385 0.0271991 0.0231391 0.0112435 0.0236649 
110627     0.0115255 0.0116850 0.0202265 0.0113702 0.0075681 0.0113450 0.0233987 0.0113702 0.0275036 0.0153674 0.0000000 0.0153674 0.0233987 0.0075055 0.0237166 0.0075681 0.0113702 0.0115255 0.0118403 0.0153674 0.0192404 0.0114997 0.0114997 0.0075223 0.0194687 0.0115083 0.0114997 0.0114389 0.0113702 0.0074220 0.0154843 0.0113702 0.0076252 0.0235781 0.0115255 0.0115083 0.0153674 0.0114389 0.0235354 0.0153674 0.0114389 0.0075223 0.0075681 0.0075223 0.0075681 0.0276605 0.0235354 0.0152761 0.0075223 0.0152761 0.0113702 0.0113702 0.0113702 0.0113702 0.0194589 0.0233987 0.0193539 0.0193539 0.0322042 0.0152761 0.0193539 0.0194687 0.0113702 0.0193539 0.0114997 0.0115310 0.0409301 0.0115255 0.0076252 0.0152761 0.0075055 0.0075223 0.0365708 0.0075681 0.0075223 0.0036825 0.0192404 0.0076252 0.0114997 0.0201670 0.0193539 0.0276605 0.0152761 0.0193539 0.0232633 0.0075681 0.0114997 0.0156726 0.0075223 0.0076079 0.0155779 0.0113702 0.0364012 0.0075223 0.0037322 0.0038954 0.0114389 0.0194687 0.0114997 0.0075223 0.0152761 0.0276605 0.0192404 0.0075223 0.0036825 0.0113702 0.0114997 0.0113702 0.0120147 0.0081381 0.0113702 0.0076079 0.0116321 0.0114997 0.0075223 0.0113702 0.0152761 0.0113702 0.0114389 0.0275036 0.0152761 0.0075592 0.0113702 0.0113450 0.0114389 0.0233987 0.0192404 0.0152761 0.0275036 0.0075055 
132642     0.0193963 0.0196615 0.0285938 0.0113107 0.0152857 0.0155432 0.0232719 0.0113107 0.0273537 0.0232719 0.0153674 0.0000000 0.0314940 0.0195748 0.0235867 0.0152857 0.0191375 0.0114645 0.0117757 0.0075287 0.0113107 0.0114389 0.0114389 0.0151954 0.0193637 0.0193637 0.0193539 0.0113787 0.0113107 0.0114389 0.0075852 0.0113107 0.0154014 0.0154014 0.0114645 0.0193637 0.0152857 0.0192500 0.0316703 0.0232719 0.0113787 0.0151954 0.0152857 0.0151954 0.0152857 0.0275098 0.0234074 0.0074834 0.0151954 0.0074834 0.0113107 0.0113107 0.0113107 0.0113107 0.0193539 0.0314940 0.0192500 0.0113787 0.0320246 0.0151954 0.0192500 0.0193637 0.0113107 0.0273537 0.0114389 0.0114698 0.0406995 0.0114645 0.0154014 0.0074834 0.0155432 0.0074834 0.0450941 0.0152857 0.0113787 0.0114389 0.0191375 0.0154014 0.0114389 0.0200551 0.0113787 0.0193637 0.0074834 0.0113787 0.0151954 0.0152857 0.0114389 0.0237252 0.0151954 0.0153674 0.0235867 0.0113107 0.0361977 0.0074834 0.0113107 0.0118088 0.0192500 0.0114475 0.0114389 0.0074834 0.0151954 0.0358905 0.0113107 0.0074834 0.0193539 0.0037131 0.0114389 0.0113107 0.0202265 0.0081916 0.0113107 0.0153674 0.0195748 0.0114389 0.0151954 0.0113107 0.0151954 0.0113107 0.0113787 0.0273537 0.0151954 0.0075199 0.0113107 0.0155432 0.0113787 0.0232719 0.0191375 0.0151954 0.0273537 0.0155432 
2597       0.0275615 0.0279345 0.0038502 0.0271991 0.0232719 0.0320224 0.0074385 0.0271991 0.0036907 0.0074385 0.0233987 0.0314940 0.0000000 0.0278138 0.0153098 0.0151059 0.0271991 0.0275615 0.0283426 0.0314940 0.0355008 0.0275036 0.0275036 0.0231391 0.0275098 0.0275098 0.0275036 0.0273537 0.0271991 0.0275036 0.0317350 0.0271991 0.0234495 0.0402644 0.0275615 0.0275098 0.0232719 0.0192500 0.0234074 0.0232719 0.0273537 0.0231391 0.0232719 0.0231391 0.0232719 0.0275098 0.0316703 0.0313193 0.0231391 0.0313193 0.0191375 0.0271991 0.0271991 0.0271991 0.0358930 0.0074385 0.0112435 0.0273537 0.0153674 0.0313193 0.0273537 0.0275098 0.0191375 0.0036907 0.0275036 0.0275826 0.0320932 0.0275615 0.0234495 0.0313193 0.0320224 0.0231391 0.0278801 0.0232719 0.0273537 0.0275036 0.0355008 0.0234495 0.0275036 0.0372192 0.0356948 0.0445148 0.0313193 0.0356948 0.0397450 0.0232719 0.0275036 0.0320932 0.0231391 0.0233987 0.0319137 0.0271991 0.0192933 0.0231391 0.0191375 0.0199911 0.0273537 0.0358905 0.0275036 0.0231391 0.0313193 0.0275098 0.0355008 0.0231391 0.0275036 0.0271991 0.0275036 0.0271991 0.0287577 0.0298622 0.0271991 0.0233987 0.0278138 0.0275036 0.0151954 0.0271991 0.0231391 0.0191375 0.0273537 0.0112435 0.0313193 0.0232538 0.0271991 0.0320224 0.0273537 0.0074385 0.0355008 0.0313193 0.0112435 0.0320224 
4227628    0.0156627 0.0158811 0.0247497 0.0154500 0.0115699 0.0114740 0.0278138 0.0154500 0.0320224 0.0195748 0.0075055 0.0195748 0.0278138 0.0000000 0.0281928 0.0115699 0.0154500 0.0156627 0.0160995 0.0195748 0.0235268 0.0156276 0.0075055 0.0114997 0.0238042 0.0156375 0.0156276 0.0155432 0.0154500 0.0075055 0.0197258 0.0154500 0.0116585 0.0280296 0.0156627 0.0156375 0.0195748 0.0155432 0.0279748 0.0195748 0.0155432 0.0114997 0.0115699 0.0114997 0.0115699 0.0322042 0.0279748 0.0194589 0.0114997 0.0194589 0.0154500 0.0154500 0.0154500 0.0154500 0.0237957 0.0278138 0.0236649 0.0194589 0.0369049 0.0194589 0.0236649 0.0238042 0.0154500 0.0236649 0.0156276 0.0156713 0.0458509 0.0156627 0.0116585 0.0194589 0.0074056 0.0114997 0.0413870 0.0115699 0.0114997 0.0113450 0.0235268 0.0116585 0.0156276 0.0246753 0.0236649 0.0322042 0.0194589 0.0236649 0.0276543 0.0115699 0.0156276 0.0199646 0.0114997 0.0116321 0.0198445 0.0154500 0.0412017 0.0114997 0.0076079 0.0079465 0.0155432 0.0238042 0.0156276 0.0114997 0.0194589 0.0322042 0.0235268 0.0114997 0.0113450 0.0154500 0.0113450 0.0154500 0.0163398 0.0081381 0.0154500 0.0116321 0.0158092 0.0156276 0.0114997 0.0154500 0.0194589 0.0154500 0.0155432 0.0320224 0.0194589 0.0115570 0.0154500 0.0036743 0.0155432 0.0278138 0.0235268 0.0194589 0.0320224 0.0111942 
2597426    0.0279345 0.0283163 0.0119011 0.0193963 0.0235867 0.0239893 0.0075392 0.0193963 0.0113955 0.0075392 0.0237166 0.0235867 0.0153098 0.0281928 0.0000000 0.0153098 0.0275615 0.0196615 0.0202130 0.0235867 0.0275615 0.0196180 0.0196180 0.0234495 0.0196278 0.0278801 0.0278741 0.0195115 0.0193963 0.0196180 0.0237686 0.0275615 0.0237686 0.0321600 0.0196615 0.0278801 0.0154941 0.0195115 0.0320932 0.0235867 0.0195115 0.0234495 0.0235867 0.0234495 0.0235867 0.0278801 0.0237252 0.0234495 0.0234495 0.0234495 0.0193963 0.0193963 0.0193963 0.0193963 0.0278741 0.0153098 0.0037407 0.0195115 0.0155779 0.0234495 0.0195115 0.0196278 0.0193963 0.0113955 0.0196180 0.0196735 0.0412386 0.0196615 0.0237686 0.0234495 0.0239893 0.0154014 0.0456858 0.0235867 0.0195115 0.0196180 0.0275615 0.0237686 0.0278741 0.0289063 0.0277201 0.0363666 0.0234495 0.0277201 0.0317350 0.0235867 0.0196180 0.0325275 0.0234495 0.0237166 0.0323430 0.0193963 0.0195564 0.0154014 0.0193963 0.0202725 0.0277201 0.0278801 0.0196180 0.0154014 0.0234495 0.0363666 0.0275615 0.0154014 0.0278741 0.0193963 0.0196180 0.0193963 0.0291617 0.0212957 0.0193963 0.0237166 0.0281928 0.0196180 0.0154014 0.0193963 0.0154014 0.0114645 0.0195115 0.0113955 0.0234495 0.0154781 0.0193963 0.0239893 0.0195115 0.0075392 0.0275615 0.0234495 0.0113955 0.0239893 
2615       0.0114645 0.0116223 0.0117357 0.0113107 0.0075287 0.0155432 0.0151059 0.0113107 0.0190271 0.0074385 0.0075681 0.0152857 0.0151059 0.0115699 0.0153098 0.0000000 0.0113107 0.0114645 0.0117757 0.0152857 0.0191375 0.0114389 0.0114389 0.0074834 0.0193637 0.0114475 0.0114389 0.0113787 0.0113107 0.0114389 0.0154014 0.0113107 0.0075852 0.0234495 0.0114645 0.0114475 0.0152857 0.0113787 0.0234074 0.0152857 0.0113787 0.0074834 0.0075287 0.0074834 0.0075287 0.0275098 0.0234074 0.0151954 0.0074834 0.0151954 0.0113107 0.0113107 0.0113107 0.0113107 0.0193539 0.0151059 0.0112435 0.0192500 0.0233987 0.0151954 0.0192500 0.0193637 0.0113107 0.0112435 0.0114389 0.0114698 0.0406995 0.0114645 0.0075852 0.0151954 0.0155432 0.0074834 0.0363666 0.0075287 0.0113787 0.0114389 0.0191375 0.0075852 0.0114389 0.0200551 0.0192500 0.0275098 0.0151954 0.0192500 0.0231391 0.0075287 0.0114389 0.0155877 0.0074834 0.0075681 0.0154941 0.0113107 0.0274256 0.0074834 0.0037131 0.0038746 0.0113787 0.0193637 0.0114389 0.0074834 0.0151954 0.0275098 0.0191375 0.0074834 0.0114389 0.0113107 0.0114389 0.0113107 0.0119484 0.0123886 0.0113107 0.0075681 0.0115699 0.0114389 0.0074834 0.0113107 0.0151954 0.0113107 0.0113787 0.0190271 0.0151954 0.0075199 0.0113107 0.0155432 0.0113787 0.0151059 0.0191375 0.0151954 0.0190271 0.0155432 
1899596    0.0153098 0.0155188 0.0241766 0.0151059 0.0113107 0.0194589 0.0271991 0.0151059 0.0313193 0.0191375 0.0113702 0.0191375 0.0271991 0.0154500 0.0275615 0.0113107 0.0000000 0.0153098 0.0157274 0.0191375 0.0230066 0.0152761 0.0152761 0.0112435 0.0232719 0.0152857 0.0152761 0.0151954 0.0151059 0.0152761 0.0192823 0.0151059 0.0113955 0.0274058 0.0153098 0.0152857 0.0191375 0.0151954 0.0273537 0.0191375 0.0151954 0.0112435 0.0113107 0.0112435 0.0113107 0.0314940 0.0273537 0.0190271 0.0112435 0.0190271 0.0151059 0.0151059 0.0151059 0.0151059 0.0232633 0.0271991 0.0231391 0.0231391 0.0360905 0.0190271 0.0231391 0.0232719 0.0151059 0.0231391 0.0152761 0.0153177 0.0448583 0.0153098 0.0113955 0.0190271 0.0194589 0.0112435 0.0404811 0.0113107 0.0151954 0.0152761 0.0230066 0.0113955 0.0152761 0.0241064 0.0231391 0.0314940 0.0190271 0.0231391 0.0270459 0.0113107 0.0152761 0.0195115 0.0112435 0.0113702 0.0193963 0.0151059 0.0403009 0.0112435 0.0074385 0.0077620 0.0151954 0.0232719 0.0152761 0.0112435 0.0190271 0.0314940 0.0230066 0.0112435 0.0152761 0.0151059 0.0152761 0.0151059 0.0159568 0.0165466 0.0151059 0.0113702 0.0154500 0.0152761 0.0112435 0.0151059 0.0190271 0.0151059 0.0151954 0.0231391 0.0190271 0.0112982 0.0074385 0.0194589 0.0151954 0.0271991 0.0230066 0.0190271 0.0313193 0.0194589 
52304      0.0155188 0.0157333 0.0245152 0.0075392 0.0114645 0.0116585 0.0193963 0.0075392 0.0234495 0.0193963 0.0115255 0.0114645 0.0275615 0.0156627 0.0196615 0.0114645 0.0153098 0.0000000 0.0078499 0.0114645 0.0153098 0.0076252 0.0076252 0.0113955 0.0154941 0.0154941 0.0154843 0.0075852 0.0075392 0.0076252 0.0115515 0.0153098 0.0115515 0.0195447 0.0076426 0.0154941 0.0114645 0.0154014 0.0277201 0.0193963 0.0075852 0.0113955 0.0114645 0.0113955 0.0114645 0.0235867 0.0195115 0.0113955 0.0113955 0.0113955 0.0153098 0.0075392 0.0075392 0.0075392 0.0154843 0.0275615 0.0154014 0.0154014 0.0280356 0.0113955 0.0154014 0.0154941 0.0075392 0.0234495 0.0076252 0.0076457 0.0366489 0.0076426 0.0115515 0.0113955 0.0116585 0.0037407 0.0410165 0.0114645 0.0075852 0.0076252 0.0153098 0.0115515 0.0154843 0.0160466 0.0154014 0.0235867 0.0113955 0.0154014 0.0192823 0.0114645 0.0076252 0.0197795 0.0113955 0.0115255 0.0196615 0.0075392 0.0321865 0.0037407 0.0075392 0.0078716 0.0154014 0.0154941 0.0076252 0.0037407 0.0113955 0.0319137 0.0153098 0.0037407 0.0154843 0.0075392 0.0076252 0.0075392 0.0161835 0.0040354 0.0037407 0.0115255 0.0156627 0.0076252 0.0113955 0.0075392 0.0113955 0.0075392 0.0075852 0.0234495 0.0113955 0.0037590 0.0075392 0.0116585 0.0075852 0.0193963 0.0153098 0.0113955 0.0234495 0.0116585 
481365     0.0159474 0.0161741 0.0252340 0.0038399 0.0117757 0.0119806 0.0199339 0.0076813 0.0241064 0.0199339 0.0118403 0.0117757 0.0283426 0.0160995 0.0202130 0.0117757 0.0157274 0.0078499 0.0000000 0.0117757 0.0076813 0.0078316 0.0078316 0.0117029 0.0159211 0.0159211 0.0159110 0.0077894 0.0000010 0.0078316 0.0118676 0.0157274 0.0118676 0.0118676 0.0078499 0.0159211 0.0117757 0.0158232 0.0285092 0.0199339 0.0077894 0.0117029 0.0117757 0.0077408 0.0117757 0.0242507 0.0200551 0.0117029 0.0117029 0.0117029 0.0157274 0.0077408 0.0077408 0.0077408 0.0117029 0.0283426 0.0158232 0.0158232 0.0288419 0.0117029 0.0077894 0.0159211 0.0076813 0.0241064 0.0078316 0.0078531 0.0377293 0.0078499 0.0118676 0.0117029 0.0119806 0.0038399 0.0422393 0.0117757 0.0077291 0.0078316 0.0157274 0.0118676 0.0159110 0.0077291 0.0158232 0.0242507 0.0117029 0.0158232 0.0117029 0.0116839 0.0078316 0.0159211 0.0117029 0.0118403 0.0202130 0.0077408 0.0284267 0.0038399 0.0077408 0.0080917 0.0158232 0.0159211 0.0078316 0.0038106 0.0038399 0.0328316 0.0077408 0.0077291 0.0159110 0.0077408 0.0078316 0.0077408 0.0166506 0.0085011 0.0077408 0.0118403 0.0160995 0.0078316 0.0117029 0.0077408 0.0077408 0.0077408 0.0077894 0.0241064 0.0038106 0.0038592 0.0077408 0.0119806 0.0077894 0.0199339 0.0077408 0.0117029 0.0241064 0.0119806 
472674     0.0193963 0.0196615 0.0285938 0.0113107 0.0152857 0.0155432 0.0232719 0.0113107 0.0273537 0.0232719 0.0153674 0.0075287 0.0314940 0.0195748 0.0235867 0.0152857 0.0191375 0.0114645 0.0117757 0.0000000 0.0113107 0.0114389 0.0114389 0.0151954 0.0193637 0.0193637 0.0193539 0.0113787 0.0113107 0.0114389 0.0075852 0.0113107 0.0154014 0.0154014 0.0114645 0.0193637 0.0152857 0.0192500 0.0316703 0.0232719 0.0113787 0.0151954 0.0152857 0.0151954 0.0152857 0.0275098 0.0234074 0.0074834 0.0151954 0.0074834 0.0113107 0.0113107 0.0113107 0.0113107 0.0193539 0.0314940 0.0192500 0.0113787 0.0320246 0.0151954 0.0192500 0.0193637 0.0113107 0.0273537 0.0114389 0.0114698 0.0406995 0.0114645 0.0154014 0.0074834 0.0155432 0.0074834 0.0450941 0.0152857 0.0113787 0.0114389 0.0191375 0.0154014 0.0114389 0.0200551 0.0113787 0.0193637 0.0074834 0.0113787 0.0151954 0.0152857 0.0114389 0.0237252 0.0151954 0.0153674 0.0235867 0.0113107 0.0361977 0.0074834 0.0113107 0.0118088 0.0192500 0.0114475 0.0114389 0.0074834 0.0151954 0.0358905 0.0113107 0.0074834 0.0193539 0.0037131 0.0114389 0.0113107 0.0202265 0.0081916 0.0113107 0.0153674 0.0195748 0.0114389 0.0151954 0.0113107 0.0151954 0.0113107 0.0113787 0.0273537 0.0151954 0.0075199 0.0113107 0.0155432 0.0113787 0.0232719 0.0191375 0.0151954 0.0273537 0.0155432 
460392     0.0233136 0.0236295 0.0284259 0.0151059 0.0191375 0.0194589 0.0271991 0.0073835 0.0313193 0.0271991 0.0192404 0.0113107 0.0355008 0.0235268 0.0275615 0.0191375 0.0230066 0.0153098 0.0076813 0.0113107 0.0000000 0.0152761 0.0152761 0.0190271 0.0232719 0.0232719 0.0232633 0.0151954 0.0073835 0.0152761 0.0113955 0.0151059 0.0192823 0.0037407 0.0153098 0.0232719 0.0191375 0.0231391 0.0356948 0.0271991 0.0151954 0.0190271 0.0191375 0.0190271 0.0191375 0.0314940 0.0273537 0.0112435 0.0190271 0.0112435 0.0151059 0.0151059 0.0151059 0.0151059 0.0232633 0.0355008 0.0231391 0.0151954 0.0360905 0.0190271 0.0151954 0.0232719 0.0149925 0.0313193 0.0152761 0.0153177 0.0448583 0.0153098 0.0192823 0.0036907 0.0194589 0.0112435 0.0493000 0.0191375 0.0150806 0.0152761 0.0230066 0.0192823 0.0152761 0.0156991 0.0151954 0.0232719 0.0112435 0.0151954 0.0036907 0.0189920 0.0152761 0.0277201 0.0190271 0.0192404 0.0275615 0.0151059 0.0403009 0.0112435 0.0151059 0.0117357 0.0231391 0.0152857 0.0152761 0.0111597 0.0036907 0.0399574 0.0000010 0.0150806 0.0232633 0.0074385 0.0152761 0.0151059 0.0201032 0.0123084 0.0151059 0.0192404 0.0235268 0.0152761 0.0190271 0.0151059 0.0190271 0.0151059 0.0151954 0.0313193 0.0111597 0.0112982 0.0151059 0.0194589 0.0151954 0.0271991 0.0074385 0.0190271 0.0313193 0.0194589 
104557     0.0154843 0.0156979 0.0244601 0.0075223 0.0114389 0.0116321 0.0193539 0.0075223 0.0233987 0.0193539 0.0114997 0.0114389 0.0275036 0.0156276 0.0196180 0.0114389 0.0152761 0.0076252 0.0078316 0.0114389 0.0152761 0.0000000 0.0076079 0.0113702 0.0154597 0.0154597 0.0154500 0.0075681 0.0075223 0.0076079 0.0115255 0.0152761 0.0115255 0.0195017 0.0076252 0.0154597 0.0114389 0.0153674 0.0276605 0.0193539 0.0075681 0.0113702 0.0114389 0.0113702 0.0114389 0.0235354 0.0194687 0.0113702 0.0113702 0.0113702 0.0152761 0.0075223 0.0075223 0.0075223 0.0154500 0.0275036 0.0153674 0.0153674 0.0279748 0.0113702 0.0153674 0.0154597 0.0075223 0.0233987 0.0076079 0.0076283 0.0365708 0.0076252 0.0115255 0.0113702 0.0116321 0.0037322 0.0409301 0.0114389 0.0075681 0.0076079 0.0152761 0.0115255 0.0154500 0.0160098 0.0153674 0.0235354 0.0113702 0.0153674 0.0192404 0.0114389 0.0076079 0.0197356 0.0113702 0.0114997 0.0196180 0.0075223 0.0321176 0.0037322 0.0075223 0.0078532 0.0153674 0.0154597 0.0076079 0.0037322 0.0113702 0.0318458 0.0152761 0.0037322 0.0154500 0.0075223 0.0076079 0.0075223 0.0161461 0.0082383 0.0075223 0.0114997 0.0156276 0.0076079 0.0113702 0.0075223 0.0113702 0.0075223 0.0075681 0.0233987 0.0113702 0.0037505 0.0075223 0.0116321 0.0075681 0.0193539 0.0152761 0.0113702 0.0233987 0.0116321 
7278       0.0154843 0.0156979 0.0244601 0.0075223 0.0114389 0.0116321 0.0193539 0.0075223 0.0233987 0.0193539 0.0114997 0.0114389 0.0275036 0.0075055 0.0196180 0.0114389 0.0152761 0.0076252 0.0078316 0.0114389 0.0152761 0.0076079 0.0000000 0.0113702 0.0154597 0.0154597 0.0154500 0.0075681 0.0075223 0.0076079 0.0115255 0.0152761 0.0115255 0.0195017 0.0076252 0.0154597 0.0114389 0.0153674 0.0276605 0.0193539 0.0075681 0.0113702 0.0114389 0.0113702 0.0114389 0.0235354 0.0194687 0.0113702 0.0113702 0.0113702 0.0152761 0.0075223 0.0075223 0.0075223 0.0154500 0.0275036 0.0153674 0.0113702 0.0279748 0.0113702 0.0153674 0.0154597 0.0075223 0.0233987 0.0076079 0.0076283 0.0365708 0.0076252 0.0115255 0.0113702 0.0037238 0.0037322 0.0409301 0.0114389 0.0075681 0.0076079 0.0152761 0.0115255 0.0154500 0.0160098 0.0153674 0.0235354 0.0113702 0.0153674 0.0192404 0.0114389 0.0076079 0.0197356 0.0113702 0.0114997 0.0196180 0.0075223 0.0321176 0.0037322 0.0075223 0.0078532 0.0153674 0.0154597 0.0076079 0.0037322 0.0113702 0.0318458 0.0152761 0.0037322 0.0154500 0.0075223 0.0036825 0.0075223 0.0161461 0.0040354 0.0075223 0.0114997 0.0156276 0.0076079 0.0113702 0.0075223 0.0113702 0.0075223 0.0075681 0.0233987 0.0113702 0.0037505 0.0075223 0.0037238 0.0075681 0.0193539 0.0152761 0.0113702 0.0233987 0.0075055 
1660       0.0113955 0.0115515 0.0199911 0.0112435 0.0074834 0.0154500 0.0231391 0.0112435 0.0271991 0.0151954 0.0075223 0.0151954 0.0231391 0.0114997 0.0234495 0.0074834 0.0112435 0.0113955 0.0117029 0.0151954 0.0190271 0.0113702 0.0113702 0.0000000 0.0192500 0.0113787 0.0037322 0.0113107 0.0112435 0.0113702 0.0153098 0.0112435 0.0075392 0.0233136 0.0113955 0.0113787 0.0151954 0.0113107 0.0232719 0.0151954 0.0113107 0.0074385 0.0074834 0.0074385 0.0074834 0.0273537 0.0232719 0.0151059 0.0074385 0.0151059 0.0112435 0.0112435 0.0112435 0.0112435 0.0192404 0.0231391 0.0191375 0.0191375 0.0318458 0.0151059 0.0191375 0.0192500 0.0112435 0.0191375 0.0113702 0.0114008 0.0404811 0.0113955 0.0075392 0.0151059 0.0154500 0.0074385 0.0361667 0.0074834 0.0113107 0.0113702 0.0190271 0.0075392 0.0113702 0.0199339 0.0191375 0.0273537 0.0151059 0.0191375 0.0230066 0.0074834 0.0113702 0.0154941 0.0074385 0.0075223 0.0154014 0.0112435 0.0359991 0.0074385 0.0036907 0.0038502 0.0113107 0.0192500 0.0113702 0.0074385 0.0151059 0.0273537 0.0190271 0.0074385 0.0113702 0.0112435 0.0113702 0.0112435 0.0118736 0.0123084 0.0112435 0.0075223 0.0114997 0.0113702 0.0074385 0.0112435 0.0151059 0.0112435 0.0113107 0.0271991 0.0151059 0.0074746 0.0112435 0.0154500 0.0113107 0.0231391 0.0190271 0.0151059 0.0271991 0.0154500 
52863      0.0235867 0.0239090 0.0244686 0.0152857 0.0113107 0.0196919 0.0193637 0.0152857 0.0234074 0.0193637 0.0194687 0.0193637 0.0275098 0.0238042 0.0196278 0.0193637 0.0232719 0.0154941 0.0159211 0.0193637 0.0232719 0.0154597 0.0154597 0.0192500 0.0000000 0.0235441 0.0235354 0.0074834 0.0152857 0.0154597 0.0195115 0.0232719 0.0195115 0.0277201 0.0154941 0.0235441 0.0037131 0.0074834 0.0112435 0.0113107 0.0153771 0.0192500 0.0193637 0.0192500 0.0193637 0.0074385 0.0036907 0.0192500 0.0192500 0.0192500 0.0152857 0.0152857 0.0152857 0.0152857 0.0235354 0.0275098 0.0153771 0.0153771 0.0279808 0.0192500 0.0153771 0.0075287 0.0152857 0.0234074 0.0154597 0.0114698 0.0192823 0.0154941 0.0195115 0.0192500 0.0196919 0.0113787 0.0233136 0.0193637 0.0153771 0.0154597 0.0232719 0.0195115 0.0235354 0.0243965 0.0234074 0.0318482 0.0192500 0.0234074 0.0273537 0.0193637 0.0154597 0.0280416 0.0192500 0.0194687 0.0278801 0.0152857 0.0277411 0.0113787 0.0152857 0.0159669 0.0151954 0.0235441 0.0154597 0.0113787 0.0192500 0.0151059 0.0232719 0.0113787 0.0235354 0.0152857 0.0154597 0.0152857 0.0246083 0.0167610 0.0152857 0.0194687 0.0238042 0.0154597 0.0113787 0.0152857 0.0113787 0.0075287 0.0153771 0.0234074 0.0192500 0.0114348 0.0152857 0.0196919 0.0153771 0.0193637 0.0232719 0.0192500 0.0234074 0.0196919 
24704      0.0154941 0.0157078 0.0244686 0.0152857 0.0114475 0.0196919 0.0275098 0.0152857 0.0316703 0.0193637 0.0115083 0.0193637 0.0275098 0.0156375 0.0278801 0.0114475 0.0152857 0.0154941 0.0159211 0.0193637 0.0232719 0.0154597 0.0154597 0.0113787 0.0235441 0.0000000 0.0154597 0.0153771 0.0152857 0.0154597 0.0195115 0.0152857 0.0115342 0.0277201 0.0154941 0.0075287 0.0193637 0.0153771 0.0276667 0.0193637 0.0153771 0.0113787 0.0037131 0.0113787 0.0114475 0.0318482 0.0276667 0.0192500 0.0113787 0.0192500 0.0152857 0.0152857 0.0152857 0.0152857 0.0235354 0.0275098 0.0234074 0.0234074 0.0364896 0.0192500 0.0234074 0.0235441 0.0152857 0.0234074 0.0154597 0.0155024 0.0453314 0.0154941 0.0115342 0.0192500 0.0196919 0.0113787 0.0409195 0.0114475 0.0153771 0.0154597 0.0232719 0.0115342 0.0154597 0.0243965 0.0234074 0.0318482 0.0192500 0.0234074 0.0273537 0.0114475 0.0154597 0.0115342 0.0113787 0.0115083 0.0114645 0.0152857 0.0407369 0.0113787 0.0075287 0.0078602 0.0153771 0.0235441 0.0154597 0.0113787 0.0192500 0.0318482 0.0232719 0.0113787 0.0154597 0.0152857 0.0154597 0.0152857 0.0161564 0.0167610 0.0152857 0.0115083 0.0115699 0.0154597 0.0113787 0.0152857 0.0192500 0.0152857 0.0153771 0.0316703 0.0192500 0.0114348 0.0152857 0.0196919 0.0153771 0.0275098 0.0232719 0.0192500 0.0316703 0.0196919 
1668       0.0154843 0.0156979 0.0244601 0.0152761 0.0114389 0.0196821 0.0275036 0.0152761 0.0316678 0.0193539 0.0114997 0.0193539 0.0275036 0.0156276 0.0278741 0.0114389 0.0152761 0.0154843 0.0159110 0.0193539 0.0232633 0.0154500 0.0154500 0.0037322 0.0235354 0.0154597 0.0000000 0.0153674 0.0152761 0.0154500 0.0195017 0.0152761 0.0115255 0.0277140 0.0154843 0.0154597 0.0193539 0.0153674 0.0276605 0.0193539 0.0153674 0.0113702 0.0114389 0.0113702 0.0114389 0.0318458 0.0276605 0.0192404 0.0113702 0.0192404 0.0152761 0.0152761 0.0152761 0.0152761 0.0235268 0.0275036 0.0233987 0.0233987 0.0364930 0.0192404 0.0233987 0.0235354 0.0152761 0.0233987 0.0154500 0.0154927 0.0453506 0.0154843 0.0115255 0.0192404 0.0196821 0.0113702 0.0409301 0.0114389 0.0153674 0.0154500 0.0232633 0.0115255 0.0074220 0.0243881 0.0233987 0.0318458 0.0192404 0.0233987 0.0273474 0.0114389 0.0154500 0.0197356 0.0113702 0.0114997 0.0196180 0.0152761 0.0407471 0.0113702 0.0075223 0.0078532 0.0153674 0.0235354 0.0154500 0.0113702 0.0192404 0.0318458 0.0232633 0.0113702 0.0154500 0.0152761 0.0154500 0.0152761 0.0161461 0.0167504 0.0152761 0.0036825 0.0075055 0.0154500 0.0113702 0.0152761 0.0192404 0.0152761 0.0153674 0.0316678 0.0192404 0.0114262 0.0152761 0.0196821 0.0153674 0.0275036 0.0232633 0.0192404 0.0316678 0.0196821 
8839       0.0154014 0.0156128 0.0243219 0.0074834 0.0036907 0.0115699 0.0192500 0.0074834 0.0232719 0.0192500 0.0114389 0.0113787 0.0273537 0.0155432 0.0195115 0.0113787 0.0151954 0.0075852 0.0077894 0.0113787 0.0151954 0.0075681 0.0075681 0.0113107 0.0074834 0.0153771 0.0153674 0.0000000 0.0074834 0.0075681 0.0114645 0.0151954 0.0114645 0.0193963 0.0075852 0.0153771 0.0036907 0.0074385 0.0191375 0.0112435 0.0075287 0.0113107 0.0113787 0.0113107 0.0113787 0.0151954 0.0113107 0.0113107 0.0113107 0.0113107 0.0151954 0.0074834 0.0074834 0.0074834 0.0153674 0.0273537 0.0152857 0.0152857 0.0278200 0.0113107 0.0152857 0.0074834 0.0074834 0.0232719 0.0075681 0.0037420 0.0275615 0.0075852 0.0114645 0.0113107 0.0115699 0.0037131 0.0317350 0.0113787 0.0075287 0.0075681 0.0151954 0.0114645 0.0153674 0.0159211 0.0152857 0.0234074 0.0113107 0.0152857 0.0191375 0.0113787 0.0075681 0.0196278 0.0113107 0.0114389 0.0195115 0.0074834 0.0275826 0.0037131 0.0074834 0.0078108 0.0074385 0.0153771 0.0075681 0.0037131 0.0113107 0.0231391 0.0151954 0.0037131 0.0153674 0.0074834 0.0075681 0.0074834 0.0160560 0.0081916 0.0074834 0.0114389 0.0155432 0.0075681 0.0113107 0.0074834 0.0113107 0.0074834 0.0075287 0.0232719 0.0113107 0.0037312 0.0074834 0.0115699 0.0075287 0.0192500 0.0151954 0.0113107 0.0232719 0.0115699 
71313      0.0153098 0.0155188 0.0241766 0.0074385 0.0113107 0.0114997 0.0191375 0.0073835 0.0231391 0.0191375 0.0113702 0.0113107 0.0271991 0.0154500 0.0193963 0.0113107 0.0151059 0.0075392 0.0000010 0.0113107 0.0073835 0.0075223 0.0075223 0.0112435 0.0152857 0.0152857 0.0152761 0.0074834 0.0000000 0.0075223 0.0113955 0.0151059 0.0113955 0.0113955 0.0075392 0.0152857 0.0113107 0.0151954 0.0273537 0.0191375 0.0074834 0.0112435 0.0113107 0.0112435 0.0113107 0.0232719 0.0192500 0.0112435 0.0112435 0.0112435 0.0151059 0.0074385 0.0074385 0.0074385 0.0152761 0.0271991 0.0151954 0.0151954 0.0276605 0.0112435 0.0074834 0.0152857 0.0073835 0.0231391 0.0075223 0.0075422 0.0361667 0.0075392 0.0113955 0.0112435 0.0114997 0.0036907 0.0404811 0.0113107 0.0074277 0.0075223 0.0151059 0.0113955 0.0152761 0.0077291 0.0151954 0.0232719 0.0112435 0.0151954 0.0112435 0.0112260 0.0075223 0.0195115 0.0112435 0.0113702 0.0193963 0.0074385 0.0317601 0.0036907 0.0074385 0.0077620 0.0151954 0.0152857 0.0075223 0.0036637 0.0036907 0.0314940 0.0074385 0.0074277 0.0152761 0.0074385 0.0075223 0.0074385 0.0159568 0.0081381 0.0074385 0.0113702 0.0154500 0.0075223 0.0112435 0.0074385 0.0112435 0.0074385 0.0074834 0.0231391 0.0036637 0.0037086 0.0074385 0.0114997 0.0074834 0.0191375 0.0074385 0.0112435 0.0231391 0.0114997 
19097      0.0154843 0.0156979 0.0244601 0.0075223 0.0114389 0.0037238 0.0193539 0.0075223 0.0233987 0.0193539 0.0074220 0.0114389 0.0275036 0.0075055 0.0196180 0.0114389 0.0152761 0.0076252 0.0078316 0.0114389 0.0152761 0.0076079 0.0076079 0.0113702 0.0154597 0.0154597 0.0154500 0.0075681 0.0075223 0.0000000 0.0115255 0.0152761 0.0115255 0.0195017 0.0076252 0.0154597 0.0114389 0.0153674 0.0276605 0.0193539 0.0075681 0.0113702 0.0114389 0.0113702 0.0114389 0.0235354 0.0194687 0.0113702 0.0113702 0.0113702 0.0152761 0.0075223 0.0075223 0.0075223 0.0154500 0.0275036 0.0153674 0.0153674 0.0279748 0.0113702 0.0153674 0.0154597 0.0075223 0.0233987 0.0076079 0.0076283 0.0365708 0.0076252 0.0115255 0.0113702 0.0075055 0.0037322 0.0409301 0.0114389 0.0037322 0.0036825 0.0152761 0.0115255 0.0154500 0.0160098 0.0153674 0.0235354 0.0113702 0.0153674 0.0192404 0.0114389 0.0076079 0.0197356 0.0113702 0.0114997 0.0196180 0.0075223 0.0321176 0.0037322 0.0075223 0.0078532 0.0153674 0.0154597 0.0076079 0.0037322 0.0113702 0.0318458 0.0152761 0.0037322 0.0112188 0.0075223 0.0076079 0.0075223 0.0161461 0.0040354 0.0075223 0.0114997 0.0156276 0.0076079 0.0113702 0.0075223 0.0113702 0.0075223 0.0075681 0.0233987 0.0113702 0.0037505 0.0075223 0.0037238 0.0075681 0.0193539 0.0152761 0.0113702 0.0233987 0.0075055 
