D1-D4-D1hg-D4c-D1ju	872515	0.0	0.0016453049594349974	0.0020757831421864773	0.0018432028803029106	0.003451435701529694	0.004559308539642499	0.000983492582064514	0.002116723124605079	0.006330414543930695	0.004320870015898257	0.0020412467675567825	0.010888961409580995	0.002820618682239974	0.00271196190184963	0.002486567478260322	0.005133212121420712	0.003957122505928814
D1-D4-D4c-D1c	872095	0.0016453049594349974	0.0	0.0007129664364039614	0.00045031284781521844	0.0022369755079492057	0.0032754990980019055	0.0011134529964184198	0.0007535593015787545	0.004968704222733783	0.003106907772522748	0.0005375782532436549	0.009675701177428078	0.0014577004844695419	0.0012731161462750703	0.0009931540749261731	0.003919663812217072	0.0025938835701378215
D1-D4-D4c-D1c-D1k-D2	872097	0.0020757831421864773	0.0007129664364039614	0.0	0.0004905739360859496	0.00257586446759972	0.0036137950327201837	0.0010923569402079376	0.0007100575593461594	0.004887271337948616	0.003445692442732168	0.0006428536939213927	0.010013869950294912	0.0013758113793461964	0.0013596941166203387	0.00113395069243227	0.004257832585083905	0.002512594168075778
D1/D2-D4-D4c-D1c	872101	0.0018432028803029106	0.00045031284781521844	0.0004905739360859496	0.0	0.002435044211738826	0.0034733322253491707	0.0009269078831230051	0.0004925356544481826	0.004584895051346955	0.003305024671492851	0.00032091373507465033	0.009873534304775344	0.0011371836787631468	0.0008692900882360913	0.0007491824093279484	0.004117496939564338	0.002143887895784221
D1-D1c	872110	0.003451435701529694	0.0022369755079492057	0.00257586446759972	0.002435044211738826	0.0	0.004757444938548436	0.0030013230945416377	0.002653899499360128	0.004780123585574328	0.0008713955182481751	0.002545474948170732	0.008915354498910327	0.003189858309647106	0.003304327650429914	0.0030785896731980403	0.004826034017622951	0.002405086903039392
D1-D4-D4c-D1c-D17d-D17j	872623	0.004559308539642499	0.0032754990980019055	0.0036137950327201837	0.0034733322253491707	0.004757444938548436	0.0	0.0040394030148555434	0.0036924057716324734	0.007567732480075978	0.005627289419298142	0.0035835847483451496	0.006400202079426173	0.002336210927871638	0.004342538452754961	0.0041168301453463965	0.0016938560971449335	0.00519324865220054
D1-D4-D4c-D1hg-D1c-D2	872625	0.000983492582064514	0.0011134529964184198	0.0010923569402079376	0.0009269078831230051	0.0030013230945416377	0.0040394030148555434	0.0	0.0011464094054037975	0.005348251636668999	0.003870944752707062	0.001091411954342079	0.010439410752584224	0.0018371939573827854	0.0017959913293179352	0.0015702395646606014	0.00468337338737322	0.0029738677788025596
D1-D4-D4c-D1c-D6	872144	0.002116723124605079	0.0007535593015787545	0.0007100575593461594	0.0004925356544481826	0.002653899499360128	0.0036924057716324734	0.0011464094054037975	0.0	0.004215231366179792	0.0035238729953234287	0.0006638188713682513	0.010092518988655179	0.0014156362994793004	0.0013617904778444308	0.0011360525006125575	0.004336481623444173	0.002551869486542691
D1-D1as-D6-D1bb-D4	872711	0.006330414543930695	0.004968704222733783	0.004887271337948616	0.004584895051346955	0.004780123585574328	0.007567732480075978	0.005348251636668999	0.004215231366179792	0.0	0.003908956522737135	0.004736440677366026	0.012217488460451864	0.005403355210306908	0.005453650845621921	0.005267910001249625	0.00796678567222808	0.004555643451560732
D1-D1as	872742	0.004320870015898257	0.003106907772522748	0.003445692442732168	0.003305024671492851	0.0008713955182481751	0.005627289419298142	0.003870944752707062	0.0035238729953234287	0.003908956522737135	0.0	0.0034151930173305493	0.009785235968563361	0.00405976446132659	0.004174085989424609	0.003948514419299198	0.005695895295352755	0.003275672476587176
D1/D4-D4c-D2-D1c-D1h	872265	0.0020412467675567825	0.0005375782532436549	0.0006428536939213927	0.00032091373507465033	0.002545474948170732	0.0035835847483451496	0.001091411954342079	0.0006638188713682513	0.004736440677366026	0.0034151930173305493	0.0	0.00998368821834975	0.0012474383454782652	0.0011667758244485469	0.0009139378569278106	0.004227654851539384	0.0023617823459040396
D1/D17d-D4-D1r-D17e-D17j-D17c-D17l	872299	0.010888961409580995	0.009675701177428078	0.010013869950294912	0.009873534304775344	0.008915354498910327	0.006400202079426173	0.010439410752584224	0.010092518988655179	0.012217488460451864	0.009785235968563361	0.00998368821834975	0.0	0.008736350626012196	0.010742296069938921	0.010516884868979306	0.005756037365211006	0.009844003532906329
D1-D4-D4c-D1c-D2-D17d	872304	0.002820618682239974	0.0014577004844695419	0.0013758113793461964	0.0011371836787631468	0.003189858309647106	0.002336210927871638	0.0018371939573827854	0.0014156362994793004	0.005403355210306908	0.00405976446132659	0.0012474383454782652	0.008736350626012196	0.0	0.0020063515678803816	0.0017806230163350993	0.00298031326080119	0.0030284860980167956
D1-D4-D4c-D2-D5	872327	0.00271196190184963	0.0012731161462750703	0.0013596941166203387	0.0008692900882360913	0.003304327650429914	0.004342538452754961	0.0017959913293179352	0.0013617904778444308	0.005453650845621921	0.004174085989424609	0.0011667758244485469	0.010742296069938921	0.0020063515678803816	0.0	0.0015717002190991092	0.00498652744302344	0.002212854897560488
D1-D4-D4c-D2-D1c-D1ip	872334	0.002486567478260322	0.0009931540749261731	0.00113395069243227	0.0007491824093279484	0.0030785896731980403	0.0041168301453463965	0.0015702395646606014	0.0011360525006125575	0.005267910001249625	0.003948514419299198	0.0009139378569278106	0.010516884868979306	0.0017806230163350993	0.0015717002190991092	0.0	0.0047608475037683	0.0028929761083936823
D1-D4-D4c-D1c-D17d-D1r-D17c-D17e	872392	0.005133212121420712	0.003919663812217072	0.004257832585083905	0.004117496939564338	0.004826034017622951	0.0016938560971449335	0.00468337338737322	0.004336481623444173	0.00796678567222808	0.005695895295352755	0.004227654851539384	0.005756037365211006	0.00298031326080119	0.00498652744302344	0.0047608475037683	0.0	0.005592900631449821
D1-D4-D4f-D1c	872429	0.003957122505928814	0.0025938835701378215	0.002512594168075778	0.002143887895784221	0.002405086903039392	0.00519324865220054	0.0029738677788025596	0.002551869486542691	0.004555643451560732	0.003275672476587176	0.0023617823459040396	0.009844003532906329	0.0030284860980167956	0.002212854897560488	0.0028929761083936823	0.005592900631449821	0.0
