D1-D4-D1hg-D4c-D1ju	872515	0	0.23080538389232216	0.2517624471265862	0.23080922976925577	0.6121177576448471	0.2560723178304651	0.17592472225833225	0.24597639082632108	0.5468813279668008	0.6121177576448471	0.24209652662156825	0.5016649500514985	0.2478125656230313	0.23315300540983772	0.2507587310317242	0.3463128790492333	0.36843263134737303
D1-D4-D4c-D1c	872095	0.23080538389232216	0	0.15748685026299475	0.09159362609560856	0.4185758142418576	0.1390772184556309	0.17816643667126658	0.08970275743106422	0.5468767968480472	0.5319246807531924	0.15146121346966326	0.5016599668006639	0.1485970280594388	0.22083558328833422	0.15220271695924562	0.2597785055373616	0.2010079899201008
D1-D4-D4c-D1c-D1k-D2	872097	0.2517624471265862	0.15748685026299475	0	0.08106297342566436	0.5294894102117957	0.1772946811595652	0.10331690049298521	0.16926907558235463	0.5468813279668008	0.623757524849503	0.096201632942847	0.5016649500514985	0.08943731688049358	0.17533473995780127	0.09270268243293918	0.2597859074932377	0.28922421551568966
D1/D2-D4-D4c-D1c	872101	0.23080922976925577	0.09159362609560856	0.08106297342566436	0	0.48552771708424375	0.13908152296192594	0.09587260318492037	0.1336859894203174	0.5468790624187516	0.5906161407578886	0.06853794386168414	0.5016624584385391	0.06026349341266468	0.13220169495762607	0.06701865962680746	0.25978220653380396	0.2311915321270181
D1-D1c	872110	0.6121177576448471	0.4185758142418576	0.5294894102117957	0.48552771708424375	0	0.5041299174016519	0.5413491730165396	0.4558536036599085	0.7003444948325775	0.3098469015309847	0.5270418239544011	0.6910261794764104	0.5129097418051639	0.614457710845783	0.5309370359444608	0.566580835479113	0.44867551324486754
D1-D4-D4c-D1c-D17d-D17j	872623	0.2560723178304651	0.1390772184556309	0.1772946811595652	0.13908152296192594	0.5041299174016519	0	0.19911402657920263	0.1628493002744904	0.5468813279668008	0.5979680406391872	0.16544920927767529	0.3625791226263212	0.10123696289111327	0.25103246902592924	0.18585035374115647	0.18873839415620453	0.251444971100578
D1-D4-D4c-D1hg-D1c-D2	872625	0.17592472225833225	0.17816643667126658	0.10331690049298521	0.09587260318492037	0.5413491730165396	0.19911402657920263	0	0.18101866434674788	0.5468813279668008	0.6349773004539909	0.11194108206212783	0.5016649500514985	0.10581682549523515	0.18950431487055389	0.09933251668708282	0.2597859074932377	0.3114737705245895
D1-D4-D4c-D1c-D6	872144	0.24597639082632108	0.08970275743106422	0.16926907558235463	0.1336859894203174	0.4558536036599085	0.1628493002744904	0.18101866434674788	0	0.4571662850114497	0.5466413339666508	0.1687332506699732	0.5016674416395426	0.1625293114740984	0.2483163089291875	0.16479505614831555	0.2597896084156634	0.25439864003399915
D1-D1as-D6-D1bb-D4	872711	0.5468813279668008	0.5468767968480472	0.5468813279668008	0.5468790624187516	0.7003444948325775	0.5468813279668008	0.5468813279668008	0.4571662850114497	0	0.5047074293885592	0.5468835934921953	0.5468813279668008	0.5468813279668008	0.5468813279668008	0.5468790624187516	0.5468835934921953	0.5468767968480472
D1-D1as	872742	0.6121177576448471	0.5319246807531924	0.623757524849503	0.5906161407578886	0.3098469015309847	0.5979680406391872	0.6349773004539909	0.5466413339666508	0.5047074293885592	0	0.6115697107572311	0.6910261794764104	0.6086478270434591	0.614457710845783	0.6211056834147488	0.6531086722831929	0.5771542284577155
D1/D4-D4c-D2-D1c-D1h	872265	0.24209652662156825	0.15146121346966326	0.096201632942847	0.06853794386168414	0.5270418239544011	0.16544920927767529	0.11194108206212783	0.1687332506699732	0.5468835934921953	0.6115697107572311	0	0.5016674416395426	0.07981220657276995	0.15595954141605045	0.09458716238512845	0.26178952841886327	0.27780805479863
D1/D17d-D4-D1r-D17e-D17j-D17c-D17l	872299	0.5016649500514985	0.5016599668006639	0.5016649500514985	0.5016624584385391	0.6910261794764104	0.3625791226263212	0.5016649500514985	0.5016674416395426	0.5468813279668008	0.6910261794764104	0.5016674416395426	0	0.4413967580972571	0.5016649500514985	0.5016624584385391	0.24187653432129874	0.5016599668006639
D1-D4-D4c-D1c-D2-D17d	872304	0.2478125656230313	0.1485970280594388	0.08943731688049358	0.06026349341266468	0.5129097418051639	0.10123696289111327	0.10581682549523515	0.1625293114740984	0.5468813279668008	0.6086478270434591	0.07981220657276995	0.4413967580972571	0	0.16181514554563364	0.08651283717907052	0.19951801686940956	0.27196456070878583
D1-D4-D4c-D2-D5	872327	0.23315300540983772	0.22083558328833422	0.17533473995780127	0.13220169495762607	0.614457710845783	0.25103246902592924	0.18950431487055389	0.2483163089291875	0.5468813279668008	0.614457710845783	0.15595954141605045	0.5016649500514985	0.16181514554563364	0	0.14614134646633833	0.3463128790492333	0.3633927321453571
D1-D4-D4c-D2-D1c-D1ip	872334	0.2507587310317242	0.15220271695924562	0.09270268243293918	0.06701865962680746	0.5309370359444608	0.18585035374115647	0.09933251668708282	0.16479505614831555	0.5468790624187516	0.6211056834147488	0.09458716238512845	0.5016624584385391	0.08651283717907052	0.14614134646633833	0	0.25978220653380396	0.29821052684209737
D1-D4-D4c-D1c-D17d-D1r-D17c-D17e	872392	0.3463128790492333	0.2597785055373616	0.2597859074932377	0.25978220653380396	0.566580835479113	0.18873839415620453	0.2597859074932377	0.2597896084156634	0.5468835934921953	0.6531086722831929	0.26178952841886327	0.24187653432129874	0.19951801686940956	0.3463128790492333	0.25978220653380396	0	0.3564260893477663
D1-D4-D4f-D1c	872429	0.36843263134737303	0.2010079899201008	0.28922421551568966	0.2311915321270181	0.44867551324486754	0.251444971100578	0.3114737705245895	0.25439864003399915	0.5468767968480472	0.5771542284577155	0.27780805479863	0.5016599668006639	0.27196456070878583	0.3633927321453571	0.29821052684209737	0.3564260893477663	0
