D1-D4-D1hg-D4c-D1ju	872515	0.0	0.0008368005660187447	0.0009888619803039393	0.0008961760536638368	0.002213532026754649	0.0017347981589163862	0.0005555197629677465	0.0008906446105062739	0.004339680971442574	0.0027361258185754672	0.0010061721903570746	0.0060822046478080025	0.0012271328916065795	0.0014992083101879623	0.0011671185758710951	0.0021370546966866764	0.002186442670065987
D1-D4-D4c-D1c	872095	0.0008368005660187447	0.0	0.0003649266832251765	0.0002597718376686994	0.0014870938635409376	0.0011107279331900432	0.000521755208557433	0.00021515924642806245	0.0037162561018394477	0.0020099822744852674	0.0003270359638287204	0.005356448284493435	0.0006030784611416578	0.0007650954062551029	0.00043283280791048154	0.0014489892500781471	0.001562444177788615
D1-D4-D4c-D1c-D1k-D2	872097	0.0009888619803039393	0.0003649266832251765	0.0	0.00012834094466052716	0.0017385165759448108	0.0011330084089941667	0.0005017190193618039	0.00041564155083884525	0.0035695024848398944	0.0022613681699598146	0.00023683798144238417	0.005607486337570051	0.0004561572142870899	0.0007316051377624477	0.00039936842448471527	0.0016620669823927095	0.0014155459271145772
D1/D2-D4-D4c-D1c	872101	0.0008961760536638368	0.0002597718376686994	0.00012834094466052716	0.0	0.0016487969007897632	0.0010433999468259525	0.0003966831254623612	0.0003259296657283077	0.0034746924658502444	0.0021717083048361624	0.00011633623576218231	0.005517972775306191	0.0003534468437468762	0.0006033923690062777	0.0002869277023916255	0.0015725359300642872	0.0013027429189462678
D1-D1c	872110	0.002213532026754649	0.0014870938635409376	0.0017385165759448108	0.0016487969007897632	0.0	0.0021853631600219935	0.0019668357813455964	0.001568482484541546	0.0039221305989303205	0.0005237956716328368	0.001700499612694922	0.005396594214094362	0.0018224625229831056	0.002252189269796041	0.0019199266714514192	0.0024301601356657336	0.0017683928415916817
D1-D4-D4c-D1c-D17d-D17j	872623	0.0017347981589163862	0.0011107279331900432	0.0011330084089941667	0.0010433999468259525	0.0021853631600219935	0.0	0.0013614080366190146	0.001141319261208025	0.0041855977436968915	0.002708266766407691	0.0010950480928337875	0.0044746248128849165	0.0006899890922823153	0.0016467500626813408	0.0013145131857018426	0.0007625956014960003	0.0020316530594741097
D1-D4-D4c-D1hg-D1c-D2	872625	0.0005555197629677465	0.000521755208557433	0.0005017190193618039	0.0003966831254623612	0.0019668357813455964	0.0013614080366190146	0.0	0.0006439625480836012	0.003853103208887334	0.002489557642254937	0.0004848493101621014	0.005835776726340881	0.0007399713544536642	0.0009438353866716797	0.0006116148856445863	0.0018904044085220374	0.0016993425144985956
D1-D4-D4c-D1c-D6	872144	0.0008906446105062739	0.00021515924642806245	0.00041564155083884525	0.0003259296657283077	0.001568482484541546	0.001141319261208025	0.0006439625480836012	0.0	0.003501161726261099	0.00209138284570543	0.0004244552100426024	0.005437874794080981	0.0006336737879599997	0.0009293018535476655	0.0005970468330338257	0.0014925574818877728	0.0015930307367143768
D1-D1as-D6-D1bb-D4	872711	0.004339680971442574	0.0037162561018394477	0.0035695024848398944	0.0034746924658502444	0.0039221305989303205	0.0041855977436968915	0.003853103208887334	0.003501161726261099	0.0	0.0033984617146187515	0.0035262582018549715	0.007790644648143881	0.0036483496905628317	0.004077625957322821	0.003745654872766606	0.004621034153121888	0.00359454218658697
D1-D1as	872742	0.0027361258185754672	0.0020099822744852674	0.0022613681699598146	0.0021717083048361624	0.0005237956716328368	0.002708266766407691	0.002489557642254937	0.00209138284570543	0.0033984617146187515	0.0	0.002223336868394062	0.005919456779037867	0.002345378525649919	0.0027749638792079648	0.0024427635273104958	0.0029530017090058807	0.0022916345575822905
D1/D4-D4c-D2-D1c-D1h	872265	0.0010061721903570746	0.0003270359638287204	0.00023683798144238417	0.00011633623576218231	0.001700499612694922	0.0010950480928337875	0.0004848493101621014	0.0004244552100426024	0.0035262582018549715	0.002223336868394062	0.0	0.005569563885965614	0.0004051321732617942	0.0005517501369283838	0.00030434249220311885	0.0016241488320071968	0.0012853247949547075
D1/D17d-D4-D1r-D17e-D17j-D17c-D17l	872299	0.0060822046478080025	0.005356448284493435	0.005607486337570051	0.005517972775306191	0.005396594214094362	0.0044746248128849165	0.005835776726340881	0.005437874794080981	0.007790644648143881	0.005919456779037867	0.005569563885965614	0.0	0.0051645395274805385	0.006120932676692226	0.005788966154638145	0.0039454368452419035	0.005637670541629239
D1-D4-D4c-D1c-D2-D17d	872304	0.0012271328916065795	0.0006030784611416578	0.0004561572142870899	0.0003534468437468762	0.0018224625229831056	0.0006899890922823153	0.0007399713544536642	0.0006336737879599997	0.0036483496905628317	0.002345378525649919	0.0004051321732617942	0.0051645395274805385	0.0	0.0009567954258892129	0.0006302049346819389	0.0012191026822386346	0.0014865171708906845
D1-D4-D4c-D2-D5	872327	0.0014992083101879623	0.0007650954062551029	0.0007316051377624477	0.0006033923690062777	0.002252189269796041	0.0016467500626813408	0.0009438353866716797	0.0009293018535476655	0.004077625957322821	0.0027749638792079648	0.0005517501369283838	0.006120932676692226	0.0009567954258892129	0.0	0.0006845354337889758	0.002175823259527283	0.0012182607881923615
D1-D4-D4c-D2-D1c-D1ip	872334	0.0011671185758710951	0.00043283280791048154	0.00039936842448471527	0.0002869277023916255	0.0019199266714514192	0.0013145131857018426	0.0006116148856445863	0.0005970468330338257	0.003745654872766606	0.0024427635273104958	0.00030434249220311885	0.005788966154638145	0.0006302049346819389	0.0006845354337889758	0.0	0.0018435560986805278	0.0015895631288211608
D1-D4-D4c-D1c-D17d-D1r-D17c-D17e	872392	0.0021370546966866764	0.0014489892500781471	0.0016620669823927095	0.0015725359300642872	0.0024301601356657336	0.0007625956014960003	0.0018904044085220374	0.0014925574818877728	0.004621034153121888	0.0029530017090058807	0.0016241488320071968	0.0039454368452419035	0.0012191026822386346	0.002175823259527283	0.0018435560986805278	0.0	0.0024672847227435925
D1-D4-D4f-D1c	872429	0.002186442670065987	0.001562444177788615	0.0014155459271145772	0.0013027429189462678	0.0017683928415916817	0.0020316530594741097	0.0016993425144985956	0.0015930307367143768	0.00359454218658697	0.0022916345575822905	0.0012853247949547075	0.005637670541629239	0.0014865171708906845	0.0012182607881923615	0.0015895631288211608	0.0024672847227435925	0.0
