D1-D4-D1hg-D4c-D1ju	872515	0	0.125087498250035	0.11216663500094998	0.1119677606447871	0.41747873781893274	0.13137171570710732	0.0740985180296394	0.1510427343589846	0.4689732756681083	0.41747873781893274	0.11949641510754677	0.2933911982640521	0.1220663380098597	0.14328141796455088	0.11749206269843254	0.14560990365337212	0.1871462570748585
D1-D4-D4c-D1c	872095	0.125087498250035	0	0.07907762767116987	0.05406891862162757	0.29942050869236964	0.0685332866678333	0.08622827543449131	0.044164337534936975	0.4689732756681083	0.3424998625020625	0.08382748517544474	0.2933911982640521	0.06951791446256612	0.14937126571835704	0.07407314817129572	0.09979150729724459	0.15463690726185475
D1-D4-D4c-D1c-D1k-D2	872097	0.11216663500094998	0.07907762767116987	0	0.032689019329420116	0.37127571810704735	0.07486237981670642	0.0518784436466906	0.1110022249443764	0.46897858574949874	0.40933476663083423	0.04307827686892524	0.2933982640694372	0.047258109675612975	0.10736124235651752	0.04739334123305684	0.09941052652630632	0.13498595042148737
D1/D2-D4-D4c-D1c	872101	0.1119677606447871	0.05406891862162757	0.032689019329420116	0	0.3472297915531267	0.059423514412139694	0.045899082018359634	0.09081363779543307	0.4689732756681083	0.38914916276255856	0.03295901122966311	0.2933911982640521	0.020109396718098457	0.10156246093847654	0.03859403514912127	0.0948916787912423	0.13586728265434692
D1-D1c	872110	0.41747873781893274	0.29942050869236964	0.37127571810704735	0.3472297915531267	0	0.3415231695366093	0.3829892551611726	0.2974070259297407	0.5793184136317273	0.1977280227197728	0.36869578260543484	0.48937276568085797	0.3518162045948851	0.4487910241795164	0.37349253014939704	0.3667689969300921	0.35980960285595714
D1-D4-D4c-D1c-D17d-D17j	872623	0.13137171570710732	0.0685332866678333	0.07486237981670642	0.059423514412139694	0.3415231695366093	0	0.09879253018674533	0.09787804243915121	0.4689759307220783	0.378332433351333	0.06627268045618404	0.25429609963651273	0.049303274385396514	0.15302540923772287	0.0929072127836165	0.07325706971721131	0.13147171320716983
D1-D4-D4c-D1hg-D1c-D2	872625	0.0740985180296394	0.08622827543449131	0.0518784436466906	0.045899082018359634	0.3829892551611726	0.09879253018674533	0	0.12357314640280395	0.4689732756681083	0.42190867136992943	0.0628581142565723	0.2933911982640521	0.056768296951091465	0.10810229744256393	0.05125371865703358	0.11112111076112335	0.1524569508609828
D1-D4-D4c-D1c-D6	872144	0.1510427343589846	0.044164337534936975	0.1110022249443764	0.09081363779543307	0.2974070259297407	0.09787804243915121	0.12357314640280395	0	0.4380012399752005	0.3293067069329307	0.10826229344266393	0.2965975850603735	0.10133246668833279	0.18235635287294255	0.11084778304433911	0.13160605181844545	0.19025214621780673
D1-D1as-D6-D1bb-D4	872711	0.4689732756681083	0.4689732756681083	0.46897858574949874	0.4689732756681083	0.5793184136317273	0.4689759307220783	0.4689732756681083	0.4380012399752005	0	0.44492110157796844	0.46897858574949874	0.46897858574949874	0.46897858574949874	0.4689759307220783	0.4689759307220783	0.46898124075037	0.4689732756681083
D1-D1as	872742	0.41747873781893274	0.3424998625020625	0.40933476663083423	0.38914916276255856	0.1977280227197728	0.378332433351333	0.42190867136992943	0.3293067069329307	0.44492110157796844	0	0.3989550261243469	0.48937276568085797	0.3910952226194345	0.4487910241795164	0.40918181636367273	0.40604781856544303	0.414928776068359
D1/D4-D4c-D2-D1c-D1h	872265	0.11949641510754677	0.08382748517544474	0.04307827686892524	0.03295901122966311	0.36869578260543484	0.06627268045618404	0.0628581142565723	0.10826229344266393	0.46897858574949874	0.3989550261243469	0	0.2933982640694372	0.040198392064317426	0.11021114261000865	0.05552305669301574	0.10392032358543865	0.13547593572192834
D1/D17d-D4-D1r-D17e-D17j-D17c-D17l	872299	0.2933911982640521	0.2933911982640521	0.2933982640694372	0.2933911982640521	0.48937276568085797	0.25429609963651273	0.2933911982640521	0.2965975850603735	0.46897858574949874	0.48937276568085797	0.2933982640694372	0	0.2766689332426703	0.29339473118440856	0.29339473118440856	0.19849606767695455	0.2933911982640521
D1-D4-D4c-D1c-D2-D17d	872304	0.1220663380098597	0.06951791446256612	0.047258109675612975	0.020109396718098457	0.3518162045948851	0.049303274385396514	0.056768296951091465	0.10133246668833279	0.46897858574949874	0.3910952226194345	0.040198392064317426	0.2766689332426703	0	0.11370102046428375	0.0460733874314399	0.07817148228329725	0.14317570472885813
D1-D4-D4c-D2-D5	872327	0.14328141796455088	0.14937126571835704	0.10736124235651752	0.10156246093847654	0.4487910241795164	0.15302540923772287	0.10810229744256393	0.18235635287294255	0.4689759307220783	0.4487910241795164	0.11021114261000865	0.29339473118440856	0.11370102046428375	0	0.09034728958131256	0.17692292308307667	0.20879978000549987
D1-D4-D4c-D2-D1c-D1ip	872334	0.11749206269843254	0.07407314817129572	0.04739334123305684	0.03859403514912127	0.37349253014939704	0.0929072127836165	0.05125371865703358	0.11084778304433911	0.4689759307220783	0.40918181636367273	0.05552305669301574	0.29339473118440856	0.0460733874314399	0.09034728958131256	0	0.1016259349626015	0.15443113922151946
D1-D4-D4c-D1c-D17d-D1r-D17c-D17e	872392	0.14560990365337212	0.09979150729724459	0.09941052652630632	0.0948916787912423	0.3667689969300921	0.07325706971721131	0.11112111076112335	0.13160605181844545	0.46898124075037	0.40604781856544303	0.10392032358543865	0.19849606767695455	0.07817148228329725	0.17692292308307667	0.1016259349626015	0	0.1535496257630983
D1-D4-D4f-D1c	872429	0.1871462570748585	0.15463690726185475	0.13498595042148737	0.13586728265434692	0.35980960285595714	0.13147171320716983	0.1524569508609828	0.19025214621780673	0.4689732756681083	0.414928776068359	0.13547593572192834	0.2933911982640521	0.14317570472885813	0.20879978000549987	0.15443113922151946	0.1535496257630983	0
