D1-D4-D1n-D4c	1464833	0	0.12056198595035124	0.16017519474415767	0.20393990150246244	0.16901661966760664	0.19498610027799443	0.15742527724168276	0.14691132721681957	0.24522264332070037	1.0	0.23075307740767778	0.1152165435036949	0.15629109272268193	0.10689679309620712	0.152051198720032	0.14863128421789457	0.1617967640647187	0.2249955000899982	0.21049973750656234	0.21955341339759807	0.222423327300181	0.24435889102772432
D1-D4-D4c-D6-D1c-D4f	1464844	0.12056198595035124	0	0.16325928592499261	0.2070237892863214	0.17210069748256293	0.16962075948101296	0.160509382171624	0.15313540593782188	0.24522641707540235	0.9707704384434234	0.26505572304969327	0.07819226327078552	0.13190604281871543	0.11957081502147425	0.15685529434116977	0.1517154485365439	0.16966075848103798	0.2620884477888053	0.24759257222283332	0.22263720769773057	0.2547360842370517	0.2766716998490045
D1-D4-D4c-D2-D1c-D1fw	1465387	0.16017519474415767	0.16325928592499261	0	0.11556095536656218	0.034118976430707076	0.14230573082807516	0.05518779248830047	0.018414355497557586	0.21432142714291427	0.9633207335853283	0.13956441742330306	0.13387464501419943	0.047843325483608076	0.16463341466341347	0.03927362542311019	0.02666406675766348	0.033069007929762105	0.1217763467095987	0.15859944901928433	0.15503379864805408	0.2110815567377305	0.13749018784342548
D1-D4-D1hg-D4c-D1c-D5ad-D1ju	1465313	0.20393990150246244	0.2070237892863214	0.11556095536656218	0	0.11590210244743882	0.16563085922851928	0.1138910138145165	0.11448656540303791	0.2942247021354253	0.9637305440418393	0.2164074257400991	0.15845945391911284	0.1371058868233953	0.11668091616793412	0.11983640490785276	0.12752617421477355	0.12672183195420114	0.19813004674883128	0.23544293671189864	0.15502957396491124	0.21122760703375382	0.20953371398858034
D1-D4-D4c-D2-D1c-D17d-D1r	1464917	0.16901661966760664	0.17210069748256293	0.034118976430707076	0.11590210244743882	0	0.14202715945681085	0.055268341949741506	0.03214419639509012	0.19238422847314582	0.961350386496135	0.12612621621351358	0.13521594352169436	0.06039349016274593	0.1659750207493775	0.048463788405289865	0.03102422439439014	0.05120897582048359	0.14082718345633088	0.17730056748581285	0.12288631341059768	0.17893463196104117	0.1513912152196195
D1-D4-D4f-D1c	1464815	0.19498610027799443	0.16962075948101296	0.14230573082807516	0.16563085922851928	0.14202715945681085	0	0.11456656300310991	0.12881177970550736	0.24522264332070037	0.9559504404955951	0.26815195544133674	0.12456626301210964	0.14821129471763206	0.18442446726598202	0.1327116822079448	0.1435414114647134	0.1610967780644387	0.24987500249995	0.2871878203044924	0.2033338999830005	0.2629721108366749	0.261278468038299
D1-D4-D4c-D1c-D1k-D2	1464450	0.15742527724168276	0.160509382171624	0.05518779248830047	0.1138910138145165	0.055268341949741506	0.11456656300310991	0	0.044163454279100234	0.22869085236590536	0.9617107657846843	0.1810327586896524	0.12012519499220031	0.06456274030408936	0.15088396464141435	0.04559340423085192	0.05642302519411821	0.07397778066658	0.1627551173464796	0.1726189583364582	0.15503379864805408	0.2110815567377305	0.1467098651547196
D1/D4/D2-D4c-D1c	1464454	0.14691132721681957	0.15313540593782188	0.018414355497557586	0.11448656540303791	0.03214419639509012	0.12881177970550736	0.044163454279100234	0	0.20832770853020144	0.9592406113908292	0.14049008284710035	0.125530606428775	0.044198674039778806	0.15628952986645467	0.03007909762707119	0.022049338519844405	0.03228419289517762	0.12106197345066373	0.15837524874253772	0.15502957396491124	0.21107761228357008	0.14218573442796717
D1/D4-D17d-D2-D1r-D17c-D17e	1464481	0.24522264332070037	0.24522641707540235	0.21432142714291427	0.2942247021354253	0.19238422847314582	0.24522264332070037	0.22869085236590536	0.20832770853020144	0	1.0	0.21013159473621054	0.2452301907923683	0.19826806061787838	0.2452301907923683	0.22654707085252015	0.18805841795537157	0.22250332490025299	0.2857014289571313	0.27120550780722674	0.17008319667213312	0.14291428342866286	0.2937047203347883
D1c	1465505	1.0	0.9707704384434234	0.9633207335853283	0.9637305440418393	0.961350386496135	0.9559504404955951	0.9617107657846843	0.9592406113908292	1.0	0	1.0	0.9810503789924202	0.9746903796443054	1.0	0.9696804547931781	0.9674104888426673	0.962760372396276	1.0	1.0	0.9646707065858683	1.0	1.0
D1/D4/D2-D4c-D17d-D17c-D1r-D17e	1464522	0.23075307740767778	0.26505572304969327	0.13956441742330306	0.2164074257400991	0.12612621621351358	0.26815195544133674	0.1810327586896524	0.14049008284710035	0.21013159473621054	1.0	0	0.22717091316347346	0.15132970346037888	0.2389804407823687	0.15525956591519297	0.12461063862764803	0.1341059768206954	0.09395718128456146	0.13664021759238426	0.14941402343906243	0.16367345306187753	0.09214177503787367
D1-D4-D4c-D6-D1c-D4f-D3b	1466114	0.1152165435036949	0.07819226327078552	0.13387464501419943	0.15845945391911284	0.13521594352169436	0.12456626301210964	0.12012519499220031	0.125530606428775	0.2452301907923683	0.9810503789924202	0.22717091316347346	0	0.09391171309004184	0.08685652573897044	0.12925047623333183	0.12273070442534512	0.14205573832785015	0.22420327390178293	0.24144654937077203	0.17397304107835687	0.2172313107475701	0.23220687275945343
D1/D4-D4c-D2-D6-D1c	1466112	0.15629109272268193	0.13190604281871543	0.047843325483608076	0.1371058868233953	0.06039349016274593	0.14821129471763206	0.06456274030408936	0.044198674039778806	0.19826806061787838	0.9746903796443054	0.15132970346037888	0.09391171309004184	0	0.1289404870829521	0.062418127456176316	0.03726888193354199	0.05620359491012725	0.14413139671508213	0.1703648890533284	0.1650492232771853	0.21107761228357008	0.1521354359369219
D1-D4-D4c-D1hg-D5ad-D6-D1ju	1466130	0.10689679309620712	0.11957081502147425	0.16463341466341347	0.11668091616793412	0.1659750207493775	0.18442446726598202	0.15088396464141435	0.15628952986645467	0.2452301907923683	1.0	0.2389804407823687	0.08685652573897044	0.1289404870829521	0	0.16000939967101152	0.1534896278630248	0.17281481555553332	0.23601291961241164	0.23128690495832646	0.20899164033438664	0.21186152553897844	0.24401645942392017
D1/D4/D2-D4c-D1c-D1h	1464637	0.152051198720032	0.15685529434116977	0.03927362542311019	0.11983640490785276	0.048463788405289865	0.1327116822079448	0.04559340423085192	0.03007909762707119	0.22654707085252015	0.9696804547931781	0.15525956591519297	0.12925047623333183	0.062418127456176316	0.16000939967101152	0	0.04253872383828485	0.05512362190945226	0.13698157546061349	0.17429477115686529	0.16003939862104827	0.21107761228357008	0.1368658940231793
D1-D4-D4c-D2-D1c-D17d	1464672	0.14863128421789457	0.1517154485365439	0.02666406675766348	0.12752617421477355	0.03102422439439014	0.1435414114647134	0.05642302519411821	0.022049338519844405	0.18805841795537157	0.9674104888426673	0.12461063862764803	0.12273070442534512	0.03726888193354199	0.1534896278630248	0.04253872383828485	0	0.03732406689832754	0.13023174420639483	0.15876523704288872	0.14265000724974625	0.19595814146504872	0.14343569692909214
D1-D4-D4c-D2-D1c-D1ip	1464705	0.1617967640647187	0.16966075848103798	0.033069007929762105	0.12672183195420114	0.05120897582048359	0.1610967780644387	0.07397778066658	0.03228419289517762	0.22250332490025299	0.962760372396276	0.1341059768206954	0.14205573832785015	0.05620359491012725	0.17281481555553332	0.05512362190945226	0.03732406689832754	0	0.1004379912401752	0.13771155721106973	0.15502534923952282	0.2110736677899663	0.14406139846503838
D1-D4-D4c-D2-D1ip	1464704	0.2249955000899982	0.2620884477888053	0.1217763467095987	0.19813004674883128	0.14082718345633088	0.24987500249995	0.1627551173464796	0.12106197345066373	0.2857014289571313	1.0	0.09395718128456146	0.22420327390178293	0.14413139671508213	0.23601291961241164	0.13698157546061349	0.13023174420639483	0.1004379912401752	0	0.09975250618734531	0.22498325050248494	0.23924282271531855	0.09565260868478288
D1-D4-D4c-D2-D1k-D4i	1464706	0.21049973750656234	0.24759257222283332	0.15859944901928433	0.23544293671189864	0.17730056748581285	0.2871878203044924	0.1726189583364582	0.15837524874253772	0.27120550780722674	1.0	0.13664021759238426	0.24144654937077203	0.1703648890533284	0.23128690495832646	0.17429477115686529	0.15876523704288872	0.13771155721106973	0.09975250618734531	0	0.23888663896763612	0.23529676461323853	0.11565653030409087
D1-D4-D4c-D17d-D1c-D1r-D17c-D17e-D17j	1465280	0.21955341339759807	0.22263720769773057	0.15503379864805408	0.15502957396491124	0.12288631341059768	0.2033338999830005	0.15503379864805408	0.15502957396491124	0.17008319667213312	0.9646707065858683	0.14941402343906243	0.17397304107835687	0.1650492232771853	0.20899164033438664	0.16003939862104827	0.14265000724974625	0.15502534923952282	0.22498325050248494	0.23888663896763612	0	0.05963761449542018	0.23298684546040888
D1/D4/D17e-D17d-D4c-D1r-D17c-D17j	1464773	0.222423327300181	0.2547360842370517	0.2110815567377305	0.21122760703375382	0.17893463196104117	0.2629721108366749	0.2110815567377305	0.21107761228357008	0.14291428342866286	1.0	0.16367345306187753	0.2172313107475701	0.21107761228357008	0.21186152553897844	0.21107761228357008	0.19595814146504872	0.2110736677899663	0.23924282271531855	0.23529676461323853	0.05963761449542018	0	0.24724634637787676
D1-D4-D2-D4c-D1k-D1h	1465319	0.24435889102772432	0.2766716998490045	0.13749018784342548	0.20953371398858034	0.1513912152196195	0.261278468038299	0.1467098651547196	0.14218573442796717	0.2937047203347883	1.0	0.09214177503787367	0.23220687275945343	0.1521354359369219	0.24401645942392017	0.1368658940231793	0.14343569692909214	0.14406139846503838	0.09565260868478288	0.11565653030409087	0.23298684546040888	0.24724634637787676	0
