D1-D4-D1n-D4c	1464833	0	0.2553286167845804	0.2568285792855179	0.33580992570222895	0.29667758306042347	0.3114072148196295	0.2595385115372116	0.2232155356892862	0.47813304667383316	1.0	0.3674821381251656	0.2602258920937767	0.26630834229144273	0.2932412027639171	0.24699882502937426	0.2517087072823179	0.2552286192845179	0.24398512029759406	0.3099272518187045	0.41290348386064557	0.40175794726158215	0.31950701232469186
D1-D4-D4c-D6-D1c-D4f	1464844	0.2553286167845804	0	0.21745347639570814	0.2798652047178349	0.24636260912172636	0.21966341009769708	0.221873343799686	0.19148021299467513	0.4781356559303221	0.9154112688309676	0.3794248230070797	0.0921563137474501	0.14971550853474397	0.24117655882044128	0.20997370078897634	0.20966371008869733	0.2191134265972021	0.31146721331966704	0.333519994400168	0.3377598008089636	0.40176093836715715	0.35320940371788845
D1-D4-D4c-D2-D1c-D1fw	1465387	0.2568285792855179	0.21745347639570814	0	0.24977625783097593	0.11375658730238093	0.2929812105636831	0.09872703818885434	0.05408364790880228	0.3850784476465706	0.9068913966290506	0.25753969841206353	0.2232810687572497	0.09119726408207754	0.3046843360482383	0.08267751967440977	0.06612801615951522	0.06771796846094617	0.15997100072498188	0.22420327390178293	0.3377598008089636	0.40176093836715715	0.20956371308860733
D1-D4-D1hg-D4c-D1c-D5ad-D1ju	1465313	0.33580992570222895	0.2798652047178349	0.24977625783097593	0	0.24977625783097593	0.3516226932057378	0.24977625783097593	0.24977250682479527	0.4964676236331728	0.9139617207655847	0.3803378847951842	0.26973286202120905	0.26049588264410745	0.12569497220111195	0.25186618468353605	0.24977625783097593	0.24977625783097593	0.33580992570222895	0.36156234531791387	0.33776311184440777	0.4017639294428223	0.341653042143525
D1-D4-D4c-D2-D1c-D17d-D1r	1464917	0.29667758306042347	0.24636260912172636	0.11375658730238093	0.24977625783097593	0	0.32100036998890036	0.13077607671769848	0.11375215619609509	0.27132186034418965	0.9101313480297796	0.16199352025918964	0.24043038278468862	0.12830615081547553	0.3185238516651917	0.1225263242102737	0.05840824775256742	0.11375658730238093	0.20361990950226244	0.2561623151305461	0.22400491977860995	0.288004919827806	0.23119306420807376
D1-D4-D4f-D1c	1464815	0.3114072148196295	0.21966341009769708	0.2929812105636831	0.3516226932057378	0.32100036998890036	0	0.2755917322480326	0.2484887877803055	0.4781356559303221	0.8825917611235832	0.48218071277148916	0.2314307427702892	0.3060608181754547	0.404800831970881	0.2893613191604252	0.29495115146545603	0.3069207923762287	0.3961250968725782	0.4634060978170655	0.4263558139883705	0.49457768978085764	0.43843684689459317
D1-D4-D4c-D1c-D1k-D2	1464450	0.2595385115372116	0.221873343799686	0.09872703818885434	0.24977625783097593	0.13077607671769848	0.2755917322480326	0	0.0813329666758331	0.4020979370618881	0.9040114398284026	0.29144834206631737	0.21666133354665815	0.11708648740537785	0.29806456774012907	0.09510714678559644	0.10100696979090627	0.11266662000139996	0.20186995325116872	0.18781436556903294	0.3377598008089636	0.40176093836715715	0.1628451146465606
D1/D4/D2-D4c-D1c	1464454	0.2232155356892862	0.19148021299467513	0.05408364790880228	0.24977250682479527	0.11375215619609509	0.2484887877803055	0.0813329666758331	0	0.3850753731156721	0.8976910230897691	0.2578459753908613	0.20096796612118575	0.08244293892652683	0.2932412027639171	0.06685332866678333	0.05833354166145846	0.05843353916152096	0.14763704725905483	0.21491962700932477	0.3377564897404104	0.40175794726158215	0.2098697532561686
D1/D4-D17d-D2-D1r-D17c-D17e	1464481	0.47813304667383316	0.4781356559303221	0.3850784476465706	0.4964676236331728	0.27132186034418965	0.4781356559303221	0.4020979370618881	0.3850753731156721	0	1.0	0.20119195232190712	0.4781408743650254	0.3850784476465706	0.4781382651607194	0.3879283621491355	0.32674019779406616	0.3850784476465706	0.3850753731156721	0.4035478935631931	0.24445399957001934	0.18387856425025123	0.4092477225683229
D1c	1465505	1.0	0.9154112688309676	0.9068913966290506	0.9139617207655847	0.9101313480297796	0.8825917611235832	0.9040114398284026	0.8976910230897691	1.0	0	1.0	0.9339116522086948	0.9246811297830533	1.0	0.9160512592311115	0.9131213031804523	0.9077413838792419	1.0	1.0	0.9248522544323671	1.0	1.0
D1/D4/D2-D4c-D17d-D17c-D1r-D17e	1464522	0.3674821381251656	0.3794248230070797	0.25753969841206353	0.3803378847951842	0.16199352025918964	0.48218071277148916	0.29144834206631737	0.2578459753908613	0.20119195232190712	1.0	0	0.3778311084445778	0.25893964241430345	0.37062832172552235	0.27727890884364625	0.20265189392424304	0.25401983920643173	0.230026949056783	0.24408023679052837	0.1828749418781967	0.17605707743151558	0.23003079876804927
D1-D4-D4c-D6-D1c-D4f-D3b	1466114	0.2602258920937767	0.0921563137474501	0.2232810687572497	0.26973286202120905	0.24043038278468862	0.2314307427702892	0.21666133354665815	0.20096796612118575	0.4781408743650254	0.9339116522086948	0.3778311084445778	0	0.1420343186272549	0.23332450039748212	0.21820127194912203	0.21635134594616215	0.22874085036598535	0.30245441409550666	0.359055637774489	0.3468259245741484	0.40176692048857804	0.33408663653453863
D1/D4-D4c-D2-D6-D1c	1466112	0.26630834229144273	0.14971550853474397	0.09119726408207754	0.26049588264410745	0.12830615081547553	0.3060608181754547	0.11708648740537785	0.08244293892652683	0.3850784476465706	0.9246811297830533	0.25893964241430345	0.1420343186272549	0	0.22880699175528857	0.10445686629401119	0.08631741047768567	0.1002469925902223	0.17960050998725033	0.23979280621581353	0.3377598008089636	0.40176093836715715	0.2148235552933412
D1-D4-D4c-D1hg-D5ad-D6-D1ju	1466130	0.2932412027639171	0.24117655882044128	0.3046843360482383	0.12569497220111195	0.3185238516651917	0.404800831970881	0.29806456774012907	0.2932412027639171	0.4781382651607194	1.0	0.37062832172552235	0.23332450039748212	0.22880699175528857	0	0.29960451384201553	0.29775457858974935	0.3100041498547551	0.3177704668859934	0.35185268515601953	0.4129093545322734	0.4017639294428223	0.3455229066982656
D1/D4/D2-D4c-D1c-D1h	1464637	0.24699882502937426	0.20997370078897634	0.08267751967440977	0.25186618468353605	0.1225263242102737	0.2893613191604252	0.09510714678559644	0.06685332866678333	0.3879283621491355	0.9160512592311115	0.27727890884364625	0.21820127194912203	0.10445686629401119	0.29960451384201553	0	0.07940761777146686	0.0927272181834545	0.1736206594835129	0.2409027729168125	0.3377598008089636	0.40176093836715715	0.16244512664620062
D1-D4-D4c-D2-D1c-D17d	1464672	0.2517087072823179	0.20966371008869733	0.06612801615951522	0.24977625783097593	0.05840824775256742	0.29495115146545603	0.10100696979090627	0.05833354166145846	0.32674019779406616	0.9131213031804523	0.20265189392424304	0.21635134594616215	0.08631741047768567	0.29775457858974935	0.07940761777146686	0	0.07568772936811896	0.1652308692282693	0.22679319620411387	0.2794224259908304	0.3434229801956932	0.21301360959171226
D1-D4-D4c-D2-D1c-D1ip	1464705	0.2552286192845179	0.2191134265972021	0.06771796846094617	0.24977625783097593	0.11375658730238093	0.3069207923762287	0.11266662000139996	0.05843353916152096	0.3850784476465706	0.9077413838792419	0.25401983920643173	0.22874085036598535	0.1002469925902223	0.3100041498547551	0.0927272181834545	0.07568772936811896	0	0.10002249943751407	0.20599382018539444	0.3377598008089636	0.40176093836715715	0.20604381868543944
D1-D4-D4c-D2-D1ip	1464704	0.24398512029759406	0.31146721331966704	0.15997100072498188	0.33580992570222895	0.20361990950226244	0.3961250968725782	0.20186995325116872	0.14763704725905483	0.3850753731156721	1.0	0.230026949056783	0.30245441409550666	0.17960050998725033	0.3177704668859934	0.1736206594835129	0.1652308692282693	0.10002249943751407	0	0.1741606459838504	0.41290348386064557	0.40175794726158215	0.17669058273543162
D1-D4-D4c-D2-D1k-D4i	1464706	0.3099272518187045	0.333519994400168	0.22420327390178293	0.36156234531791387	0.2561623151305461	0.4634060978170655	0.18781436556903294	0.21491962700932477	0.4035478935631931	1.0	0.24408023679052837	0.359055637774489	0.23979280621581353	0.35185268515601953	0.2409027729168125	0.22679319620411387	0.20599382018539444	0.1741606459838504	0	0.4129064192111355	0.40176093836715715	0.13496595102146935
D1-D4-D4c-D17d-D1c-D1r-D17c-D17e-D17j	1465280	0.41290348386064557	0.3377598008089636	0.3377598008089636	0.33776311184440777	0.22400491977860995	0.4263558139883705	0.3377598008089636	0.3377564897404104	0.24445399957001934	0.9248522544323671	0.1828749418781967	0.3468259245741484	0.3377598008089636	0.4129093545322734	0.3377598008089636	0.2794224259908304	0.3377598008089636	0.41290348386064557	0.4129064192111355	0	0.07767611619419029	0.4129064192111355
D1/D4/D17e-D17d-D4c-D1r-D17c-D17j	1464773	0.40175794726158215	0.40176093836715715	0.40176093836715715	0.4017639294428223	0.288004919827806	0.49457768978085764	0.40176093836715715	0.40175794726158215	0.18387856425025123	1.0	0.17605707743151558	0.40176692048857804	0.40176093836715715	0.4017639294428223	0.40176093836715715	0.3434229801956932	0.40176093836715715	0.40175794726158215	0.40176093836715715	0.07767611619419029	0	0.40176093836715715
D1-D4-D2-D4c-D1k-D1h	1465319	0.31950701232469186	0.35320940371788845	0.20956371308860733	0.341653042143525	0.23119306420807376	0.43843684689459317	0.1628451146465606	0.2098697532561686	0.4092477225683229	1.0	0.23003079876804927	0.33408663653453863	0.2148235552933412	0.3455229066982656	0.16244512664620062	0.21301360959171226	0.20604381868543944	0.17669058273543162	0.13496595102146935	0.4129064192111355	0.40176093836715715	0
