D1-D4-D1n-D4c	1464833	0.0	0.0018819559388475269	0.0013880885497976312	0.0030258118410325012	0.002333115581733653	0.00306508168990202	0.001476097352108173	0.0011499158292296002	0.00665857049222378	0.0041738895020897076	0.002216813124165167	0.0019110126537012053	0.0030539955107928237	0.0012006930168769374	0.002058725132798936	0.0016504263557520493	0.0023078324803780595	0.0019694106446591806	0.005915029644770365	0.006839114695214801	0.0017576426671541898	0.0026954428257648473
D1-D4-D4c-D6-D1c-D4f	1464844	0.0018819559388475269	0.0	0.000977505846369133	0.0034563351522851104	0.0021388159100756317	0.0018695378350608361	0.0012676170947322372	0.0007328511703588924	0.006965204066512314	0.0038082635950414875	0.0005815569711023727	0.0007271443810856743	0.002679398686853944	0.001042633833729881	0.0016960818396481057	0.0014438903155453366	0.0020951055178046584	0.0017562819546336097	0.006345373236972555	0.007269608627281043	0.0013853212739643058	0.003125682926182145
D1-D4-D4c-D2-D1c-D1fw	1465387	0.0013880885497976312	0.000977505846369133	0.0	0.0029046405359556176	0.0015866118650453374	0.002102905455187697	0.0007154837675729709	0.0003364893655411902	0.006413289014674131	0.0032559928021447335	0.0012546373759589008	0.0009483980749235397	0.0026588818919502906	0.000542680559098273	0.001157968579409413	0.0009493333250487997	0.0017220491590674862	0.001383448850631333	0.005793770021811276	0.006718005412119766	0.000983377267902839	0.00257402385094962
D1-D4-D1hg-D4c-D1c-D5ad-D1ju	1465313	0.0030258118410325012	0.0034563351522851104	0.0029046405359556176	0.0	0.003615321859005136	0.004155926284141436	0.0028219373669832065	0.0028160165624297397	0.007749101250909635	0.0054638961641910785	0.0033469839439819113	0.0032074476124316245	0.0007772014350606293	0.002929157483790217	0.003589556070187412	0.003395527319852513	0.004201179643642261	0.003862864415515681	0.006862696549170332	0.007786931939478823	0.0033828287825469813	0.003642656695781687
D1-D4-D4c-D2-D1c-D17d-D1r	1464917	0.002333115581733653	0.0021388159100756317	0.0015866118650453374	0.003615321859005136	0.0	0.003029940291251749	0.0015037727876688412	0.0014979251759278992	0.0048266771496287934	0.0018486387753010834	0.0021814685661467703	0.0018892282994972332	0.0033695908591710945	0.0016109387892865733	0.0004428640392952938	0.0020776462702496025	0.002883427390589905	0.002544592383801352	0.004207158156765938	0.005131393547074429	0.0020645465549110208	0.003284548890101979
D1-D4-D4f-D1c	1464815	0.00306508168990202	0.0018695378350608361	0.002102905455187697	0.004155926284141436	0.003029940291251749	0.0	0.0022221989587462732	0.00191600483765359	0.006081648421979212	0.004707080968204425	0.0018443799126874622	0.001807063763225918	0.00406104258905583	0.0022203951149404036	0.002835736062456149	0.0026270651764819415	0.0030986798776874765	0.0025776069506097026	0.006838663614282292	0.007829570720121946	0.002414913592142915	0.0022420615134873026
D1-D4-D4c-D1c-D1k-D2	1464450	0.001476097352108173	0.0012676170947322372	0.0007154837675729709	0.0028219373669832065	0.0015037727876688412	0.0022221989587462732	0.0	0.0006266855953670726	0.006330449900079967	0.0033304971055671097	0.001373814288121642	0.001067603380891014	0.0025761655282557686	0.000739577719455496	0.0014002309373201088	0.0012064827220170226	0.002012212648415632	0.0010410789877567848	0.005710896920811676	0.006635132311120166	0.0005610331588664534	0.0024912339166833263
D1/D4/D2-D4c-D1c	1464454	0.0011499158292296002	0.0007328511703588924	0.0003364893655411902	0.0028160165624297397	0.0014979251759278992	0.00191600483765359	0.0006266855953670726	0.0	0.006324602325556691	0.003167306690862741	0.0010676873109401633	0.0007614189725582327	0.0025702350501349593	0.00035580351771468543	0.0010550671528041585	0.000711262678126562	0.0013857061355093475	0.001047118901439568	0.005705083332693838	0.006629318723002327	0.0007217058623996468	0.0024853632308407475
D1/D4-D17d-D2-D1r-D17c-D17e	1464481	0.00665857049222378	0.006965204066512314	0.006413289014674131	0.007749101250909635	0.0048266771496287934	0.006081648421979212	0.006330449900079967	0.006324602325556691	0.0	0.003157720420013253	0.006855625850084519	0.006715876439852404	0.007804422933912095	0.006437604087265625	0.005269535172752533	0.006904323419878396	0.007709924776171507	0.007370824608736637	0.0016008648341863255	0.0017965240893710883	0.0068908401161235505	0.0058346879876749295
D1/D4/D2-D4c-D17d-D17c-D1r-D17e	1464522	0.0041738895020897076	0.0038082635950414875	0.0032559928021447335	0.0054638961641910785	0.0018486387753010834	0.004707080968204425	0.0033304971055671097	0.003167306690862741	0.003157720420013253	0.0	0.003858516553030042	0.0035585830044986503	0.0052180082134959515	0.0033285479547735678	0.0021153560195941216	0.003747020187463761	0.004552573558152554	0.0042133817054683595	0.0025381226464063727	0.00346210229747378	0.0037332953755136334	0.0051328456814155755
D1-D4-D4c-D6-D1c-D4f-D3b	1466114	0.002216813124165167	0.0005815569711023727	0.0012546373759589008	0.0033469839439819113	0.0021814685661467703	0.0018443799126874622	0.001373814288121642	0.0010676873109401633	0.006855625850084519	0.003858516553030042	0.0	0.0008134633507547055	0.002681791724106434	0.0013719715142503303	0.0019871929815733404	0.0017787701271484763	0.0023806550390310798	0.002041864059646183	0.006235888210427234	0.007160105434436957	0.0015664234707172004	0.003016390573585283
D1/D4-D4c-D2-D6-D1c	1466112	0.0019110126537012053	0.0007271443810856743	0.0009483980749235397	0.0032074476124316245	0.0018892282994972332	0.001807063763225918	0.001067603380891014	0.0007614189725582327	0.006715876439852404	0.0035585830044986503	0.0008134633507547055	0.0	0.0024305524460061984	0.0010656365016694991	0.001681042829571129	0.0014725664852344297	0.0019439810259722085	0.001422454655443367	0.006096357446989549	0.007020592837298039	0.0012599783057643862	0.0028767725045886236
D1-D4-D4c-D1hg-D5ad-D6-D1ju	1466130	0.0030539955107928237	0.002679398686853944	0.0026588818919502906	0.0007772014350606293	0.0033695908591710945	0.00406104258905583	0.0025761655282557686	0.0025702350501349593	0.007804422933912095	0.0052180082134959515	0.002681791724106434	0.0024305524460061984	0.0	0.0026833845861241627	0.0033437835551934423	0.003149779397480756	0.003955274985504349	0.0036168421051284614	0.007184772435239088	0.008108857485683523	0.0031369679794053086	0.003964880999820054
D1/D4/D2-D4c-D1c-D1h	1464637	0.0012006930168769374	0.001042633833729881	0.000542680559098273	0.002929157483790217	0.0016109387892865733	0.0022203951149404036	0.000739577719455496	0.00035580351771468543	0.006437604087265625	0.0033285479547735678	0.0013719715142503303	0.0010656365016694991	0.0026833845861241627	0.0	0.0012132187271418574	0.0008959676135959209	0.0016006290416674994	0.0011895868598620412	0.0058180795146892395	0.006742314904997729	0.0005572112655287081	0.0025984675803858845
D1-D4-D4c-D2-D1c-D17d	1464672	0.002058725132798936	0.0016960818396481057	0.001157968579409413	0.003589556070187412	0.0004428640392952938	0.002835736062456149	0.0014002309373201088	0.0010550671528041585	0.005269535172752533	0.0021153560195941216	0.0019871929815733404	0.001681042829571129	0.0033437835551934423	0.0012132187271418574	0.0	0.0016348230366889935	0.0024406299313206037	0.0021019321304208737	0.004650016179889679	0.00557425157019817	0.0017089654816638674	0.0032588721477756675
D1-D4-D4c-D2-D1c-D1ip	1464705	0.0016504263557520493	0.0014438903155453366	0.0009493333250487997	0.003395527319852513	0.0020776462702496025	0.0026270651764819415	0.0012064827220170226	0.000711262678126562	0.006904323419878396	0.003747020187463761	0.0017787701271484763	0.0014725664852344297	0.003149779397480756	0.0008959676135959209	0.0016348230366889935	0.0	0.0008059132627211837	0.001678968424572628	0.006284804427015542	0.007209039817324032	0.0013932116020677462	0.0030650809261821453
D1-D4-D4c-D2-D1ip	1464704	0.0023078324803780595	0.0020951055178046584	0.0017220491590674862	0.004201179643642261	0.002883427390589905	0.0030986798776874765	0.002012212648415632	0.0013857061355093475	0.007709924776171507	0.004552573558152554	0.0023806550390310798	0.0019439810259722085	0.003955274985504349	0.0016006290416674994	0.0024406299313206037	0.0008059132627211837	0.0	0.0019481499830050985	0.007090556123172708	0.008014641173617143	0.001898082929883532	0.003870978793521943
D1-D4-D4c-D2-D1k-D4i	1464706	0.0019694106446591806	0.0017562819546336097	0.001383448850631333	0.003862864415515681	0.002544592383801352	0.0025776069506097026	0.0010410789877567848	0.001047118901439568	0.007370824608736637	0.0042133817054683595	0.002041864059646183	0.001422454655443367	0.0036168421051284614	0.0011895868598620412	0.0021019321304208737	0.001678968424572628	0.0019481499830050985	0.0	0.00675139298528471	0.007675393337727911	0.0008422817212652298	0.00353196228823353
D1-D4-D4c-D17d-D1c-D1r-D17c-D17e-D17j	1465280	0.005915029644770365	0.006345373236972555	0.005793770021811276	0.006862696549170332	0.004207158156765938	0.006838663614282292	0.005710896920811676	0.005705083332693838	0.0016008648341863255	0.0025381226464063727	0.006235888210427234	0.006096357446989549	0.007184772435239088	0.0058180795146892395	0.004650016179889679	0.006284804427015542	0.007090556123172708	0.00675139298528471	0.0	0.0009909674351711894	0.006271374102069173	0.006084605132956818
D1/D4/D17e-D17d-D4c-D1r-D17c-D17j	1464773	0.006839114695214801	0.007269608627281043	0.006718005412119766	0.007786931939478823	0.005131393547074429	0.007829570720121946	0.006635132311120166	0.006629318723002327	0.0017965240893710883	0.00346210229747378	0.007160105434436957	0.007020592837298039	0.008108857485683523	0.006742314904997729	0.00557425157019817	0.007209039817324032	0.008014641173617143	0.007675393337727911	0.0009909674351711894	0.0	0.007195362990978223	0.007055985212273862
D1-D4-D2-D4c-D1k-D1h	1465319	0.0017576426671541898	0.0013853212739643058	0.000983377267902839	0.0033828287825469813	0.0020645465549110208	0.002414913592142915	0.0005610331588664534	0.0007217058623996468	0.0068908401161235505	0.0037332953755136334	0.0015664234707172004	0.0012599783057643862	0.0031369679794053086	0.0005572112655287081	0.0017089654816638674	0.0013932116020677462	0.001898082929883532	0.0008422817212652298	0.006271374102069173	0.007195362990978223	0.0	0.0030519434050179928
D1c	1465505	0.0026954428257648473	0.003125682926182145	0.00257402385094962	0.003642656695781687	0.003284548890101979	0.0022420615134873026	0.0024912339166833263	0.0024853632308407475	0.0058346879876749295	0.0051328456814155755	0.003016390573585283	0.0028767725045886236	0.003964880999820054	0.0025984675803858845	0.0032588721477756675	0.0030650809261821453	0.003870978793521943	0.00353196228823353	0.006084605132956818	0.007055985212273862	0.0030519434050179928	0.0
