D1-D4-D1n-D4c	1464833	0.0	0.0007081896039932313	0.0008565694019762068	0.0016467855485624405	0.0011524982104094356	0.0017709700548890221	0.0009239219599419164	0.0007499707245294408	0.003350865122378244	0.0019282569904651662	0.0010858992693365446	0.0011032714312074372	0.001284154460592755	0.0007980067025215667	0.0010022587894199738	0.0009560967169910044	0.0016694072937012596	0.0014620032236090192	0.0027807681002291126	0.0035212817743851227	0.001275533691308895	0.0016455609111077783
D1-D4-D4c-D6-D1c-D4f	1464844	0.0007081896039932313	0.0	0.0006254588231852032	0.0014153170542693717	0.000921387631618432	0.0013146818184292526	0.00069282082292073	0.0005672607851473484	0.003206202847144051	0.0017267253790504747	0.0005148511952858936	0.0006240069266000358	0.0008969369731654267	0.0006168560620466276	0.0007711482106289705	0.0007983714415104393	0.001511740588935337	0.0013042729506272045	0.002549428226184754	0.0034192632098698607	0.0010811789410551588	0.0016310336189205399
D1-D4-D4c-D2-D1c-D1fw	1465387	0.0008565694019762068	0.0006254588231852032	0.0	0.001335244924509859	0.0004954452243488258	0.0010239230737212098	0.0003172626468759374	0.00010662506952914128	0.0033266403401279615	0.0012381004120376109	0.0006060351229214344	0.0003558784270318903	0.0011562085724682596	0.00018990244015931767	0.00033023581867439787	0.0003835958609317206	0.001023085942390551	0.0008158156321703488	0.002660515193592937	0.0035396273471542047	0.0005786587684994502	0.0017517412668999301
D1-D4-D1hg-D4c-D1c-D5ad-D1ju	1465313	0.0016467855485624405	0.0014153170542693717	0.001335244924509859	0.0	0.0015145220432027189	0.0019512230494695042	0.0012317149968391517	0.001304807613713098	0.003818568315984935	0.002464251994517803	0.001266202406827269	0.001392432204228846	0.0005186721030625747	0.0013544060181027587	0.0014871967537239978	0.0015358862796733099	0.0022491528946109516	0.002041936024007735	0.0031523530844202413	0.004033180356834748	0.0017675186552883503	0.0022434295519892043
D1-D4-D4c-D2-D1c-D17d-D1r	1464917	0.0011524982104094356	0.000921387631618432	0.0004954452243488258	0.0015145220432027189	0.0	0.0012935640895308403	0.0004965893491943091	0.0004650095208067936	0.0028312526502181244	0.0009497813307633058	0.0007852873213814472	0.0006255913576125509	0.001335487560212559	0.0005145911203618551	0.00017149420089470244	0.0006960886150871299	0.0014094258730173296	0.0012021314665274078	0.0021650739603098863	0.003044186113871154	0.0009277061565878305	0.0019309805241603361
D1-D4-D4f-D1c	1464815	0.0017709700548890221	0.0013146818184292526	0.0010239230737212098	0.0019512230494695042	0.0012935640895308403	0.0	0.0010609998122496514	0.0010214371258355755	0.003137890662419627	0.001832546196947444	0.0009786058927918613	0.0009163293215668563	0.001837466873087563	0.0011046710727875375	0.0012450170842180609	0.0012984295107600985	0.001617530680323935	0.001600107952237655	0.003223691621580465	0.004157500470945812	0.0011358128577179905	0.0015629252672365525
D1-D4-D4c-D1c-D1k-D2	1464450	0.0009239219599419164	0.00069282082292073	0.0003172626468759374	0.0012317149968391517	0.0004965893491943091	0.0010609998122496514	0.0	0.000286795545016495	0.0032231457543336994	0.0014463124532403176	0.0005024809550018103	0.0003931025213535938	0.0010526544045486356	0.0003363630857544156	0.000469205885924223	0.000517909600359892	0.0012312713144383945	0.0008103233633010098	0.002557019408158567	0.003436131561719835	0.0005359059945816255	0.0016482390833849846
D1/D4/D2-D4c-D1c	1464454	0.0007499707245294408	0.0005672607851473484	0.00010662506952914128	0.001304807613713098	0.0004650095208067936	0.0010214371258355755	0.000286795545016495	0.0	0.0032961906330500846	0.0011783997203351874	0.0005755832165033597	0.0003534142726082174	0.001125756666050185	9.423520074049952e-05	0.00029356824919524145	0.000277015977846646	0.000944503960964437	0.0007372274998800361	0.0026300834811166796	0.0035091956346779475	0.0005381464400679796	0.0017213039561031688
D1/D4-D17d-D2-D1r-D17c-D17e	1464481	0.003350865122378244	0.003206202847144051	0.0033266403401279615	0.003818568315984935	0.0028312526502181244	0.003137890662419627	0.0032231457543336994	0.0032961906330500846	0.0	0.0024766084228785117	0.003164590097338952	0.003383734455053483	0.0035213008557732676	0.003345786593450831	0.0030026257828351497	0.003527279695891232	0.004240557482438536	0.004033153412346296	0.0008125747529438797	0.001019953178820434	0.003758832814595621	0.003142378948105568
D1/D4/D2-D4c-D17d-D17c-D1r-D17e	1464522	0.0019282569904651662	0.0017267253790504747	0.0012381004120376109	0.002464251994517803	0.0009497813307633058	0.001832546196947444	0.0014463124532403176	0.0011783997203351874	0.0024766084228785117	0.0	0.0017350004352136344	0.001320062989664323	0.002285162689238668	0.0012630960069526828	0.0009771269313418192	0.0014552849374100652	0.0017650264578821476	0.0017561660939151929	0.0018102535874248574	0.0026891739897701088	0.0013481457571071327	0.0028802948911644177
D1-D4-D4c-D6-D1c-D4f-D3b	1466114	0.0010858992693365446	0.0005148511952858936	0.0006060351229214344	0.001266202406827269	0.0007852873213814472	0.0009786058927918613	0.0005024809550018103	0.0005755832165033597	0.003164590097338952	0.0017350004352136344	0.0	0.0004734884511610911	0.0009965684090421155	0.000625178493402639	0.000757913784022033	0.0008066938728664507	0.0015200424343827833	0.0013126537212188505	0.002538755767943704	0.0034725318445696543	0.0010383177665398682	0.0015896689681527388
D1/D4-D4c-D2-D6-D1c	1466112	0.0011032714312074372	0.0006240069266000358	0.0003558784270318903	0.001392432204228846	0.0006255913576125509	0.0009163293215668563	0.0003931025213535938	0.0003534142726082174	0.003383734455053483	0.001320062989664323	0.0004734884511610911	0.0	0.00105762686919924	0.0004366546269542347	0.0005769702381885435	0.0006303470754073777	0.0011050697136591704	0.0009318971553933818	0.002717698260605569	0.0035967904413859355	0.0006233450458162553	0.0018089449489553135
D1-D4-D4c-D1hg-D5ad-D6-D1ju	1466130	0.001284154460592755	0.0008969369731654267	0.0011562085724682596	0.0005186721030625747	0.001335487560212559	0.001837466873087563	0.0010526544045486356	0.001125756666050185	0.0035213008557732676	0.002285162689238668	0.0009965684090421155	0.00105762686919924	0.0	0.0011753519429494642	0.0013081140228531443	0.0013568439294311704	0.0020700943158401875	0.0018627538350294913	0.002855316390240019	0.00373428654126036	0.0015884532312806158	0.001946281418654404
D1/D4/D2-D4c-D1c-D1h	1464637	0.0007980067025215667	0.0006168560620466276	0.00018990244015931767	0.0013544060181027587	0.0005145911203618551	0.0011046710727875375	0.0003363630857544156	9.423520074049952e-05	0.003345786593450831	0.0012630960069526828	0.000625178493402639	0.0004366546269542347	0.0011753519429494642	0.0	0.0003431861330869132	0.00022640644663802982	0.0008949480127703445	0.0006876628971451608	0.00267963787740154	0.0035587400491070595	0.0004776161065342113	0.0017708974858656537
D1-D4-D4c-D2-D1c-D17d	1464672	0.0010022587894199738	0.0007711482106289705	0.00033023581867439787	0.0014871967537239978	0.00017149420089470244	0.0012450170842180609	0.000469205885924223	0.00029356824919524145	0.0030026257828351497	0.0009771269313418192	0.000757913784022033	0.0005769702381885435	0.0013081140228531443	0.0003431861330869132	0.0	0.0005293308346995904	0.0012380356684127444	0.0010307309685094474	0.0023365458015232937	0.003215652377984956	0.0007967103375687295	0.0019036945029491158
D1-D4-D4c-D2-D1c-D1ip	1464705	0.0009560967169910044	0.0007983714415104393	0.0003835958609317206	0.0015358862796733099	0.0006960886150871299	0.0012984295107600985	0.000517909600359892	0.000277015977846646	0.003527279695891232	0.0014552849374100652	0.0008066938728664507	0.0006303470754073777	0.0013568439294311704	0.00022640644663802982	0.0005293308346995904	0.0	0.0007133851543369672	0.0007918766703488955	0.0028611245583535084	0.0037402367119147763	0.0007039221787663703	0.0019523688262021392
D1-D4-D4c-D2-D1ip	1464704	0.0016694072937012596	0.001511740588935337	0.001023085942390551	0.0022491528946109516	0.0014094258730173296	0.001617530680323935	0.0012312713144383945	0.000944503960964437	0.004240557482438536	0.0017650264578821476	0.0015200424343827833	0.0011050697136591704	0.0020700943158401875	0.0008949480127703445	0.0012380356684127444	0.0007133851543369672	0.0	0.001012511263306216	0.0035742319180445217	0.0044532046330133974	0.000891568102201834	0.002665495582933413
D1-D4-D4c-D2-D1k-D4i	1464706	0.0014620032236090192	0.0013042729506272045	0.0008158156321703488	0.002041936024007735	0.0012021314665274078	0.001600107952237655	0.0008103233633010098	0.0007372274998800361	0.004033153412346296	0.0017561660939151929	0.0013126537212188505	0.0009318971553933818	0.0018627538350294913	0.0006876628971451608	0.0010307309685094474	0.0007918766703488955	0.001012511263306216	0.0	0.003366855232112746	0.00424574001196027	0.0006137947724582626	0.0024580110121163647
D1-D4-D4c-D17d-D1c-D1r-D17c-D17e-D17j	1465280	0.0027807681002291126	0.002549428226184754	0.002660515193592937	0.0031523530844202413	0.0021650739603098863	0.003223691621580465	0.002557019408158567	0.0026300834811166796	0.0008125747529438797	0.0018102535874248574	0.002538755767943704	0.002717698260605569	0.002855316390240019	0.00267963787740154	0.0023365458015232937	0.0028611245583535084	0.0035742319180445217	0.003366855232112746	0.0	0.0009338088493653458	0.0030924779791419673	0.0033239850854187487
D1/D4/D17e-D17d-D4c-D1r-D17c-D17j	1464773	0.0035212817743851227	0.0034192632098698607	0.0035396273471542047	0.004033180356834748	0.003044186113871154	0.004157500470945812	0.003436131561719835	0.0035091956346779475	0.001019953178820434	0.0026891739897701088	0.0034725318445696543	0.0035967904413859355	0.00373428654126036	0.0035587400491070595	0.003215652377984956	0.0037402367119147763	0.0044532046330133974	0.00424574001196027	0.0009338088493653458	0.0	0.003971398381487218	0.004119164328124375
D1-D4-D2-D4c-D1k-D1h	1465319	0.001275533691308895	0.0010811789410551588	0.0005786587684994502	0.0017675186552883503	0.0009277061565878305	0.0011358128577179905	0.0005359059945816255	0.0005381464400679796	0.003758832814595621	0.0013481457571071327	0.0010383177665398682	0.0006233450458162553	0.0015884532312806158	0.0004776161065342113	0.0007967103375687295	0.0007039221787663703	0.000891568102201834	0.0006137947724582626	0.0030924779791419673	0.003971398381487218	0.0	0.002183555454853544
D1c	1465505	0.0016455609111077783	0.0016310336189205399	0.0017517412668999301	0.0022434295519892043	0.0019309805241603361	0.0015629252672365525	0.0016482390833849846	0.0017213039561031688	0.003142378948105568	0.0028802948911644177	0.0015896689681527388	0.0018089449489553135	0.001946281418654404	0.0017708974858656537	0.0019036945029491158	0.0019523688262021392	0.002665495582933413	0.0024580110121163647	0.0033239850854187487	0.004119164328124375	0.002183555454853544	0.0
