R114	243276	0	0.7010865096245398	0.6850442715930484	0.6812465189457709	1.0	0.28198601766979065	0.20670612798444313	0.22599028301916924	0.1534322895271375	0.1468172913340042	0.3477103602263783	0.2859173539465579	0.2328053278519068	0.17913511960847084	0.9579624702547169	0.9657677729628532	0.9344074819742029	0.9634719946422423	0.9549520231303222	0.9638138818734029	0.9619626087095898	0.9587222999438176	0.9645799195428388	0.9668154233791709	0.9562465675714902	0.9576271626222668	1.0	0.6876801571411335	1.0	1.0	0.7147723646552838	0.21561791834223276	0.18270576035186967	0.21740397663900102	0.19379097082351104	0.18179671611632872	0.20950124249498295	0.16252927071636158	0.9482542201122067	1.0	0.633798846165111	0.9356475512735953	0.1834293578866089	1.0	1.0	1.0	0.5966245710879029	0.9399927842436541	0.6718247030819225	0.3841633963567927	0.20462529156438855	0.09756644486824986	0.19545700373803615	0.22150676328277377	0.3754819724129223	0.24135775084683864	0.9731968611844801	0.9669749890856408	0.9637045060192774	0.5566051929408079	0.6412457749840963	0.47456788103273045	0.4936385239437717	0.21600143528115046	0.9666734804423177	0.658747207028095	0.9376498718562803	0.9437563166429791	0.5478489976558258	0.6709179217764707	0.5981740317326424	0.6313738891729673	0.7007527710928859	0.6808800657284297	0.8670150986035585	0.7418788412000248	0.6570283993280789	0.6793016242493458	0.2502986656602888	0.3174281951263506	0.18787289642936708	0.21896224310045456	0.579715547685955
R232	243392	0.7010865096245398	0	0.18367926490610173	0.4584225894577679	1.0	0.5501351846254156	0.6193497602264079	0.7030567270676261	0.6987481589858378	0.7029147125095916	0.49980067925726124	0.7119337219942397	0.7113323346188226	0.7013519539302777	0.9579624702547169	0.9657677729628531	0.9344074819742029	0.9634719946422423	0.9549520231303222	0.9638138818734029	0.9619626087095899	0.9587222999438176	0.9645799195428388	0.9668154233791709	0.9562465675714904	0.9576271626222668	1.0	0.4627159486033646	1.0	1.0	0.13110692924415515	0.7116522141848305	0.6993894876674644	0.6932585097915297	0.6949982983026768	0.7043382101740583	0.7064459444503987	0.6995460525716484	0.948254220112207	1.0	0.3055804030343524	0.9356475512735954	0.6642868212760542	1.0	1.0	1.0	0.8293346676309439	0.9399927842436541	0.2948923943407385	0.6916722213250887	0.55900541406204	0.7081640848589811	0.7004484045929316	0.6401229696371536	0.6552122540205623	0.5048482726714407	0.9731968611844799	0.9669749890856407	0.9637045060192774	0.829334667630944	0.7853846865380654	0.5111219366409522	0.7203820533673994	0.6395299363317858	0.9666734804423177	0.4947317878909146	0.9376498718562803	0.9437563166429789	0.568410099995788	0.5419048539792916	0.593636234899285	0.2903649731809878	0.5508324902595001	0.1875769957260485	0.7473549742367183	0.609288933135671	0.5647971725600983	0.5403120808091932	0.6738859374132266	0.4686578213626063	0.6337312525363475	0.6447562613254442	0.6869899405157852
R233	243393	0.6850442715930484	0.18367926490610173	0	0.4960784233729251	1.0	0.5754673425173846	0.6158667823354074	0.6870144890361347	0.6827059209543466	0.6868724744781002	0.5422720901528573	0.6958914839627482	0.6952900965873313	0.6853097158987868	0.9579624702547167	0.9657677729628531	0.9344074819742029	0.9634719946422421	0.9549520231303222	0.9638138818734027	0.9619626087095898	0.9587222999438176	0.9645799195428388	0.9668154233791709	0.9562465675714902	0.9576271626222668	1.0	0.47514816175215063	1.0	1.0	0.1638236702780055	0.6956099761533394	0.6833472496359729	0.6776806826076627	0.678956060271185	0.6882959721425672	0.6904037064189076	0.6835038145401571	0.9482542201122067	1.0	0.22768530777103232	0.9356475512735957	0.6648053079753447	1.0	1.0	1.0	0.8133604848995799	0.9399927842436542	0.18965829862422287	0.6756299832935975	0.5718596350010308	0.6921218468274898	0.6844061665614402	0.6208449044189317	0.6391700159890711	0.5473196835670369	0.9731968611844799	0.9669749890856408	0.9637045060192775	0.8133604848995799	0.7694105038067016	0.515356639780835	0.7043398153359078	0.6202518711135637	0.9666734804423175	0.47427465869712104	0.9376498718562803	0.9437563166429787	0.549132034777566	0.5214477247854978	0.5775939968677937	0.1982577917021028	0.5303753610657064	0.14732405983569757	0.7829411560155081	0.5888318039418774	0.5443400433663047	0.5194735169529903	0.664252615000447	0.5020083057025688	0.6144531873181258	0.6254781961072223	0.6677118752975635
R306	243459	0.6812465189457709	0.4584225894577679	0.4960784233729251	0	0.9392699941190187	0.5384232094590905	0.5928900814916223	0.6812465189457708	0.6812465189457709	0.681246518945771	0.4905034930598679	0.6813632110411735	0.6812465189457708	0.6812465189457709	0.9579624702547169	0.9657677729628531	0.8917173495990947	0.9634719946422423	0.954952023130322	0.9638138818734029	0.9192724763344817	0.9587222999438176	0.9645799195428388	0.966815423379171	0.9562465675714904	0.9576271626222668	1.0	0.5458369552968397	0.9231346407331668	0.9231346407331668	0.45681262992381116	0.6812465189457708	0.6812465189457709	0.6812465189457706	0.6812465189457708	0.6812465189457708	0.6812465189457708	0.6812465189457709	0.8694843407253523	0.9392699941190189	0.5386190741466302	0.8587821920067622	0.6343087775471158	0.9392699941190187	0.9392699941190187	0.9392699941190189	0.8360454356154953	0.8792627783626731	0.6123037465598126	0.6812465189457709	0.5452729017979127	0.6812465189457706	0.6812465189457709	0.634901244771243	0.6401172236999572	0.5013242280292161	0.9731968611844799	0.9669749890856408	0.9637045060192773	0.8360454356154953	0.7525720719077906	0.4993591894712466	0.6898115424143333	0.6349012447712429	0.8717682476696113	0.5073113809885805	0.8607845125894473	0.8830263107619976	0.5002368616596405	0.634379146464082	0.5002368616596405	0.6092564583841126	0.6373096821284602	0.4736646416919485	0.7178760865565773	0.695766125004631	0.6542964851192308	0.5941151009692772	0.6444605866591857	0.5699360326342522	0.6349012447712429	0.6390128397554298	0.6812465189457709
R412	243535	1.0	1.0	1.0	0.9392699941190187	0	1.0	1.0	1.0	1.0	1.0	1.0	1.0	1.0	1.0	1.0	1.0	0.9365586442483141	1.0	1.0	1.0	0.9568696523388233	1.0	1.0	1.0	1.0	1.0	1.0	1.0	0.40164276291241163	0.4132865174838139	1.0	1.0	1.0	1.0	1.0	1.0	1.0	1.0	0.4381703277372458	0.2938001902895171	0.8962743254913126	0.38772940687619917	1.0	0.365229457356394	0.3028222103436398	0.3911274614819124	1.0	0.3910146329968043	1.0	1.0	1.0	1.0	1.0	1.0	1.0	1.0	1.0	1.0	1.0	1.0	1.0	1.0	1.0	1.0	0.4972915380814414	1.0	0.35284831516342136	0.3730035423912809	1.0	1.0	1.0	1.0	1.0	1.0	0.4408659300172435	1.0	1.0	1.0	1.0	1.0	1.0	1.0	1.0
26_OFAV_004	243552	0.28198601766979065	0.5501351846254156	0.5754673425173846	0.5384232094590905	1.0	0	0.19321397392433973	0.27291627163012533	0.27874236383367856	0.2931365027223138	0.27875322282720183	0.3533742888972315	0.2918150837583607	0.24895561625165938	0.9579624702547167	0.9657677729628532	0.9344074819742025	0.9634719946422423	0.954952023130322	0.9638138818734029	0.9619626087095899	0.9587222999438174	0.9645799195428388	0.9668154233791709	0.9562465675714904	0.9576271626222668	1.0	0.5700107487222595	1.0	1.0	0.5810341514553458	0.23812035190965355	0.2567945114014392	0.2931365027223136	0.2860864087076661	0.29230956170616984	0.3001435088414466	0.1978194640634418	0.9482542201122067	1.0	0.637590486676318	0.9356475512735954	0.29651671317299905	1.0	1.0	1.0	0.5966245710879029	0.9399927842436542	0.6756163435931295	0.4732834563083894	0.1739792721132729	0.2696918856450527	0.24895561625165938	0.3074816558954874	0.40674887238849644	0.17970501353922372	0.9731968611844797	0.9669749890856406	0.9637045060192775	0.5023437355577343	0.639889018803159	0.37083699865292524	0.46703863445794175	0.2909482074254594	0.9666734804423177	0.6327007822275337	0.9376498718562803	0.9437563166429789	0.5759043098421147	0.6843038609978618	0.6247775670246901	0.6351655296841742	0.6770066832713706	0.5720348788451468	0.8670150986035583	0.7166024175482003	0.6721106569726276	0.6431937680077485	0.2976404385056193	0.22161563156469888	0.2666162455738283	0.3066471685528831	0.5916839194204571
26_OFAV_007	243553	0.20670612798444313	0.6193497602264079	0.6158667823354074	0.5928900814916223	1.0	0.19321397392433973	0	0.19357676949186547	0.10645556718164065	0.20797315553151102	0.25935392277222985	0.2846351918169991	0.15572900974926224	0.1572875394384817	0.9579624702547168	0.9657677729628531	0.9344074819742029	0.9634719946422423	0.9549520231303222	0.9638138818734029	0.9619626087095902	0.9587222999438176	0.9645799195428388	0.9668154233791709	0.9562465675714906	0.9576271626222668	1.0	0.6075235404487874	1.0	1.0	0.6330356152571519	0.10517424947383508	0.1230497922823642	0.14625074907702507	0.1047833593759828	0.12773686978107587	0.18303207529991633	0.15347489882654075	0.948254220112207	1.0	0.6404185342211278	0.9356475512735957	0.1650831215756617	1.0	1.0	1.0	0.5966245710879029	0.9399927842436544	0.6784443911379392	0.386981272218023	0.12917245019377524	0.18172325291752506	0.1776564723353962	0.14955118454715927	0.32479908903441257	0.18497784054217137	0.9731968611844799	0.9669749890856406	0.9637045060192774	0.5324646982134431	0.6412457749840964	0.3908617106988522	0.49363852394377183	0.17200248213974276	0.9666734804423175	0.6236179051796867	0.9376498718562805	0.9437563166429788	0.5556064153385618	0.6752209839500153	0.6016516249763277	0.6379935772289839	0.6721746247472689	0.5991433163302979	0.8670150986035584	0.7075195405003533	0.6630277799247807	0.6398808442002636	0.15406735354642717	0.20133214502854713	0.2052671478192738	0.13932040906758003	0.5685579773720945
37_OFAV_001	243564	0.22599028301916924	0.7030567270676261	0.6870144890361347	0.6812465189457708	1.0	0.27291627163012533	0.19357676949186547	0	0.2025159316902337	0.21901743406881638	0.3242505784565574	0.19721838180272502	0.12126795034141608	0.24330296846561925	0.9579624702547169	0.9657677729628532	0.9344074819742029	0.9634719946422421	0.954952023130322	0.9638138818734029	0.9619626087095898	0.9587222999438176	0.9645799195428388	0.9668154233791709	0.9562465675714906	0.9576271626222668	1.0	0.7157032032656395	1.0	1.0	0.7167425820983704	0.16176556593973349	0.2117168882184136	0.23752534864719818	0.18892729887893522	0.19287199552256576	0.16208255657940634	0.207545748409213	0.948254220112207	1.0	0.6357690636081975	0.9356475512735957	0.23137836119811828	1.0	1.0	1.0	0.5966245710879028	0.9399927842436541	0.673794920525009	0.31756667348029444	0.22628485544504842	0.15095693067271235	0.24330296846561925	0.20184316504935287	0.20854505259396225	0.3007043107724165	0.9731968611844799	0.9669749890856405	0.9637045060192773	0.5296969198996407	0.6314454956561057	0.37477959278522055	0.3743687552080026	0.2509485412873581	0.9666734804423175	0.6867702531526011	0.9376498718562803	0.9437563166429789	0.5656393636269409	0.697244649477819	0.6163340438776368	0.6333441066160538	0.7182385346503394	0.6828502831715162	0.8670150986035585	0.7295432060281574	0.6850514454525848	0.7073246703738517	0.1379956469410312	0.33766478590145227	0.24514985749192	0.16768340749360516	0.5855399246590819
37_OFAV_002	243565	0.1534322895271375	0.6987481589858378	0.6827059209543466	0.6812465189457709	1.0	0.27874236383367856	0.10645556718164065	0.2025159316902337	0	0.17566564462157525	0.3477103602263783	0.28229199323054377	0.12430539010692794	0.13596804654876163	0.9579624702547168	0.9657677729628531	0.9344074819742029	0.9634719946422423	0.9549520231303222	0.9638138818734029	0.9619626087095899	0.9587222999438176	0.9645799195428388	0.9668154233791709	0.9562465675714904	0.9576271626222668	1.0	0.6365122112127691	1.0	1.0	0.7124340140165822	0.09763797962146308	0.08644302517381051	0.11567736128257268	0.0744817876644536	0.09450988638269567	0.17191683757759166	0.10834760599696105	0.948254220112207	1.0	0.6335381167019614	0.9356475512735957	0.20801939838402606	1.0	1.0	1.0	0.5966245710879029	0.9399927842436541	0.669486352443221	0.3804178884849566	0.1905807015528503	0.13966252602596077	0.13685114487570882	0.16530711568819625	0.3346949356375367	0.2693125237671523	0.9731968611844799	0.9669749890856408	0.9637045060192774	0.5072918710609273	0.6412457749840965	0.4745678810327304	0.49363852394377156	0.14448645640077165	0.9666734804423177	0.6193736533504673	0.9376498718562803	0.9437563166429789	0.5403975841540252	0.6334413911338533	0.5954008324865092	0.6290355385342654	0.6706442889169596	0.678541715089728	0.8670150986035584	0.7044023105574073	0.6179156607155777	0.6281336783209813	0.19849246034971657	0.27761331384503135	0.20012136764618924	0.155076340208617	0.562307184882276
38_OFAV_004	243574	0.1468172913340042	0.7029147125095916	0.6868724744781002	0.681246518945771	1.0	0.2931365027223138	0.20797315553151102	0.21901743406881638	0.17566564462157525	0	0.39337328200877325	0.2762531580205751	0.1868962210902834	0.15106643781723375	0.9579624702547168	0.9657677729628529	0.9344074819742029	0.9634719946422421	0.954952023130322	0.9638138818734029	0.9619626087095898	0.9587222999438176	0.9645799195428388	0.9668154233791709	0.9562465675714904	0.9576271626222668	1.0	0.6943627581418704	1.0	1.0	0.716600567540336	0.19773796857500595	0.13626549624942014	0.12998361885641802	0.19185280842606767	0.22445753514602865	0.19103071707667132	0.14302476665933975	0.9482542201122065	1.0	0.6356270490501631	0.935647551273596	0.1634673856293271	1.0	1.0	1.0	0.5966245710879031	0.9399927842436541	0.6736529059669745	0.39763607850241434	0.2779944438235552	0.1250296372084602	0.16215340095863978	0.25417417187229524	0.3696870554567315	0.27523036065816286	0.9731968611844799	0.9669749890856408	0.9637045060192775	0.5068477941300675	0.6467751622550914	0.4719504781148298	0.4552078382859823	0.19703469357488054	0.9666734804423175	0.665429808028832	0.9376498718562803	0.9437563166429787	0.5626299946963264	0.6759042043540502	0.613466689505057	0.6332020920580194	0.7004656876462807	0.6827082686134816	0.8670150986035585	0.7082027609043883	0.6637110003288157	0.6859842252500827	0.24022974215944373	0.28558031771576586	0.2107745828663444	0.21311973865982187	0.5803730419008237
39_OFAV_001a	243580	0.3477103602263783	0.49980067925726124	0.5422720901528573	0.4905034930598679	1.0	0.27875322282720183	0.25935392277222985	0.3242505784565574	0.3477103602263783	0.39337328200877325	0	0.3503917044408962	0.3477290738640626	0.37303959189929	0.9579624702547167	0.9657677729628532	0.9344074819742028	0.9634719946422424	0.954952023130322	0.9638138818734027	0.9619626087095898	0.9587222999438176	0.964579919542839	0.9668154233791709	0.9562465675714904	0.9576271626222668	1.0	0.5963540945275192	1.0	1.0	0.4980267304530574	0.34771036022637836	0.35703129068789885	0.39337328200877336	0.34771036022637825	0.3522430236666673	0.37303959189929004	0.3730395918992901	0.948254220112207	1.0	0.6043952343117905	0.9356475512735957	0.32110630893720626	1.0	1.0	1.0	0.6545553361997808	0.9399927842436542	0.6424210912286021	0.4163924685120403	0.2136574454067009	0.3298153391893215	0.37303959189929	0.35058978675516617	0.3845305289838632	0.16477982449861267	0.9731968611844801	0.9669749890856406	0.9637045060192773	0.654555336199781	0.6528242087890713	0.30924534336078274	0.504563334535876	0.37303959189929004	0.9666734804423175	0.613697965749403	0.9376498718562803	0.9437563166429789	0.5967743065938115	0.6825105736057603	0.6312816051907156	0.6019702773196468	0.6897511514629427	0.5218919451672731	0.8670150986035584	0.7482075943391135	0.7037158337635411	0.63897800184234	0.31645060705247424	0.2763006428949835	0.37303959189929	0.3477103602263783	0.6073860051314377
4_OFAV_007	243588	0.2859173539465579	0.7119337219942397	0.6958914839627482	0.6813632110411735	1.0	0.3533742888972315	0.2846351918169991	0.19721838180272502	0.28229199323054377	0.2762531580205751	0.3503917044408962	0	0.20332617280997284	0.27278745450218334	0.9579624702547169	0.9657677729628532	0.9344074819742029	0.9634719946422423	0.954952023130322	0.9638138818734029	0.9619626087095902	0.9587222999438176	0.9645799195428386	0.9668154233791709	0.9562465675714906	0.9576271626222665	1.0	0.7370489357911133	1.0	1.0	0.7256195770249838	0.2664020550746307	0.2532225125474992	0.2840933736794627	0.2831795324480965	0.29310492791738496	0.20909155441180083	0.25107687600117234	0.948254220112207	1.0	0.6446460585348106	0.9356475512735954	0.33939767819937355	1.0	1.0	1.0	0.6358001320909809	0.9399927842436541	0.6826719154516224	0.2386259952552301	0.2828809597165116	0.24439517597107382	0.300803960134796	0.2828647510078832	0.16459569865543788	0.28577629315989045	0.9731968611844801	0.9669749890856407	0.9637045060192774	0.6119277949561497	0.6327997574440026	0.3124426141932099	0.3143323838226151	0.31099979781869286	0.9666734804423175	0.7081159856780749	0.9376498718562801	0.9437563166429791	0.5872205813120231	0.718590382003293	0.6190465356944098	0.642221101542667	0.7395842671758132	0.6917272780981295	0.8670150986035585	0.7508889385536309	0.7063971779780586	0.7286704028993255	0.20036946714502338	0.41290521311128014	0.2762180682869473	0.2475296145382414	0.6082399189724526
43_OFAV_011	243594	0.2328053278519068	0.7113323346188226	0.6952900965873313	0.6812465189457708	1.0	0.2918150837583607	0.15572900974926224	0.12126795034141608	0.12430539010692794	0.1868962210902834	0.3477290738640626	0.20332617280997284	0	0.19072191041410347	0.9579624702547167	0.9657677729628531	0.9344074819742029	0.9634719946422421	0.9549520231303222	0.9638138818734029	0.9619626087095899	0.9587222999438176	0.964579919542839	0.9668154233791709	0.9562465675714906	0.9576271626222668	1.0	0.7093809502272885	1.0	1.0	0.7250181896495671	0.12422017849232728	0.13276805996527807	0.169138602758252	0.11657502160742064	0.17101328709625335	0.10927885726477082	0.15430279514445264	0.9482542201122067	1.0	0.6440446711593941	0.9356475512735957	0.22391959230114272	1.0	1.0	1.0	0.596624571087903	0.939992784243654	0.6820705280762055	0.2864517547223256	0.24166747530917326	0.1520319462789146	0.16699049494840185	0.19504515034163292	0.23573361432248613	0.3012867412108391	0.9731968611844799	0.9669749890856408	0.9637045060192774	0.49988311290171916	0.6412457749840963	0.38486023010006676	0.37778901176873253	0.16525786262376446	0.9666734804423177	0.6804480001142501	0.9376498718562803	0.9437563166429791	0.5519346400143292	0.6909223964394682	0.5956555940701809	0.6416197141672502	0.7119162816119884	0.6911258907227128	0.8670150986035583	0.7232209529898064	0.6787291924142337	0.7010024173355007	0.14371192205132133	0.3320952363764717	0.23378507229338666	0.14768006232889214	0.5612600651095955
ABE_OFAV_003	243608	0.17913511960847084	0.7013519539302777	0.6853097158987868	0.6812465189457709	1.0	0.24895561625165938	0.1572875394384817	0.24330296846561925	0.13596804654876163	0.15106643781723375	0.37303959189929	0.27278745450218334	0.19072191041410347	0	0.9579624702547169	0.9657677729628533	0.9344074819742029	0.9634719946422421	0.954952023130322	0.9638138818734029	0.9619626087095899	0.9587222999438177	0.9645799195428388	0.9668154233791709	0.9562465675714904	0.9576271626222668	1.0	0.6917237266081091	1.0	1.0	0.7150378089610225	0.16268623754612707	0.11234626920417114	0.1439428584922105	0.15523831881787523	0.1808197771473495	0.1442357281070314	0.10523323881713469	0.9482542201122067	1.0	0.6340642904708494	0.9356475512735954	0.2501192023411553	1.0	1.0	1.0	0.5966245710879029	0.9399927842436541	0.6720901473876608	0.3891225960201236	0.23506942435014774	0.19154441998756083	0.12429960862066015	0.20319837811872526	0.3754819724129223	0.21531521498857337	0.9731968611844801	0.9669749890856406	0.9637045060192774	0.5217984587901832	0.642863709405717	0.47456788103273045	0.4936385239437717	0.12675968360756695	0.9666734804423175	0.6627907764950707	0.9376498718562803	0.9437563166429789	0.5571557832676384	0.6732651728202885	0.6095552366556825	0.6316393334787054	0.7004656876462808	0.681145510034168	0.8670150986035585	0.7055637293706268	0.6610719687950544	0.6833451937163212	0.20330040620908457	0.28137852760269083	0.12946036108828943	0.20114667366352537	0.5764615890514494
BDA_043	243641	0.9579624702547169	0.9579624702547169	0.9579624702547167	0.9579624702547169	1.0	0.9579624702547167	0.9579624702547168	0.9579624702547169	0.9579624702547168	0.9579624702547168	0.9579624702547167	0.9579624702547169	0.9579624702547167	0.9579624702547169	0	0.35300170697643174	0.4310613559548492	0.34100320857004635	0.17354171158674725	0.14514283985092005	0.5858437620091735	0.1790475676312599	0.30733913214817665	0.3291191577226984	0.35311330850091327	0.24153288007495102	0.44768135994515595	0.9579624702547169	1.0	1.0	0.9579624702547167	0.9579624702547171	0.9579624702547167	0.9579624702547169	0.9579624702547167	0.9579624702547168	0.9579624702547169	0.9579624702547169	0.9579624702547169	1.0	0.9579624702547168	0.9579624702547169	0.9579624702547168	1.0	1.0	1.0	0.9579624702547168	0.9579624702547169	0.9579624702547167	0.9579624702547167	0.9579624702547169	0.9579624702547169	0.9579624702547169	0.9579624702547168	0.9579624702547168	0.9579624702547167	0.4364777872103506	0.3914957297454066	0.4325678651151776	0.9579624702547168	0.9579624702547169	0.9579624702547167	0.9579624702547169	0.9579624702547169	0.9666734804423177	0.9579624702547169	0.9579624702547167	0.9579624702547169	0.9579624702547169	0.9579624702547169	0.9579624702547169	0.9579624702547169	0.9579624702547168	0.9579624702547168	0.9579624702547167	0.9579624702547167	0.9579624702547168	0.9579624702547167	0.9579624702547168	0.9579624702547169	0.9579624702547169	0.9579624702547168	0.9579624702547171
BDA_109	243699	0.9657677729628532	0.9657677729628531	0.9657677729628531	0.9657677729628531	1.0	0.9657677729628532	0.9657677729628531	0.9657677729628532	0.9657677729628531	0.9657677729628529	0.9657677729628532	0.9657677729628532	0.9657677729628531	0.9657677729628533	0.35300170697643174	0	0.5427621236868669	0.4359289358686301	0.3583206019076839	0.38114937805492544	0.6231865105911093	0.4118318399390964	0.44421916641140613	0.35936617600469617	0.43145412870160343	0.39695615529858147	0.4030428272942862	0.9657677729628531	1.0	1.0	0.9657677729628532	0.9657677729628532	0.9657677729628533	0.9657677729628533	0.9657677729628532	0.9657677729628529	0.9657677729628532	0.9657677729628531	0.9657677729628531	1.0	0.9657677729628533	0.9657677729628532	0.9657677729628531	1.0	1.0	1.0	0.9657677729628533	0.9657677729628532	0.9657677729628531	0.9657677729628532	0.9657677729628531	0.9657677729628531	0.9657677729628531	0.9657677729628532	0.9657677729628531	0.9657677729628531	0.4776174449846424	0.5376101597549431	0.5373130255639658	0.9657677729628533	0.9657677729628532	0.9657677729628531	0.9657677729628532	0.9657677729628531	0.9666734804423176	0.9657677729628533	0.9657677729628532	0.9657677729628532	0.9657677729628531	0.9657677729628531	0.9657677729628531	0.9657677729628532	0.9657677729628531	0.9657677729628534	0.9657677729628532	0.9657677729628531	0.9657677729628531	0.9657677729628532	0.9657677729628531	0.9657677729628531	0.9657677729628532	0.9657677729628531	0.9657677729628533
BDA_130	243717	0.9344074819742029	0.9344074819742029	0.9344074819742029	0.8917173495990947	0.9365586442483141	0.9344074819742025	0.9344074819742029	0.9344074819742029	0.9344074819742029	0.9344074819742029	0.9344074819742028	0.9344074819742029	0.9344074819742029	0.9344074819742029	0.4310613559548492	0.5427621236868669	0	0.4622253183480919	0.4422176269959704	0.41601344700910164	0.37072808298487486	0.4304750684349342	0.5097580897376981	0.501159487349157	0.5701683647445241	0.47318141830391824	0.5799273638266345	0.9344074819742028	0.9365586442483138	0.9365586442483141	0.9344074819742029	0.9344074819742029	0.9344074819742029	0.9344074819742025	0.9344074819742029	0.9344074819742029	0.9344074819742028	0.9344074819742029	0.8391861615414026	0.8909319414291959	0.8709661262225167	0.8265794927027914	0.9344074819742025	0.890931941429196	0.9365586442483141	0.8986638456131288	0.9344074819742029	0.8309247256728498	0.9344074819742029	0.9344074819742029	0.9344074819742029	0.9344074819742029	0.9344074819742029	0.9344074819742029	0.9344074819742028	0.9344074819742029	0.5705232695587774	0.6015516062896923	0.6301850501379987	0.9344074819742028	0.9344074819742025	0.9344074819742026	0.9344074819742029	0.9344074819742029	0.861077041375262	0.9344074819742028	0.8742085161045943	0.880314960891293	0.9344074819742028	0.9344074819742026	0.9344074819742029	0.9344074819742029	0.9344074819742029	0.9344074819742029	0.8709661262225167	0.9344074819742029	0.9344074819742029	0.9344074819742028	0.9344074819742029	0.9344074819742029	0.9344074819742029	0.9344074819742029	0.9344074819742028
BDA_139	243725	0.9634719946422423	0.9634719946422423	0.9634719946422421	0.9634719946422423	1.0	0.9634719946422423	0.9634719946422423	0.9634719946422421	0.9634719946422423	0.9634719946422421	0.9634719946422424	0.9634719946422423	0.9634719946422421	0.9634719946422421	0.34100320857004635	0.4359289358686301	0.4622253183480919	0	0.3057116066123983	0.2784827158248085	0.5571665573183925	0.2931005001062095	0.30158002711512627	0.354714611342657	0.44222461983920575	0.2458623849093588	0.5039720877110615	0.9634719946422423	1.0	1.0	0.9634719946422423	0.9634719946422423	0.9634719946422423	0.9634719946422421	0.9634719946422421	0.9634719946422423	0.9634719946422423	0.9634719946422423	0.9634719946422423	1.0	0.9634719946422423	0.9634719946422423	0.9634719946422423	1.0	1.0	1.0	0.9634719946422425	0.9634719946422423	0.9634719946422423	0.9634719946422423	0.9634719946422423	0.9634719946422423	0.9634719946422423	0.9634719946422423	0.9634719946422421	0.9634719946422423	0.4609430555240262	0.4684281253340952	0.5319890228188114	0.9634719946422423	0.9634719946422421	0.9634719946422423	0.9634719946422423	0.9634719946422423	0.9666734804423177	0.9634719946422423	0.9634719946422425	0.9634719946422423	0.9634719946422423	0.9634719946422423	0.9634719946422421	0.9634719946422423	0.9634719946422423	0.9634719946422425	0.9634719946422423	0.9634719946422423	0.9634719946422423	0.9634719946422421	0.9634719946422423	0.9634719946422423	0.9634719946422421	0.9634719946422425	0.9634719946422423
BDA_144	243728	0.9549520231303222	0.9549520231303222	0.9549520231303222	0.954952023130322	1.0	0.954952023130322	0.9549520231303222	0.954952023130322	0.9549520231303222	0.954952023130322	0.954952023130322	0.954952023130322	0.9549520231303222	0.954952023130322	0.17354171158674725	0.3583206019076839	0.4422176269959704	0.3057116066123983	0	0.1650337242984261	0.5805584892181628	0.2251747895983657	0.2895785762747843	0.34243229239275774	0.352510037494618	0.21634099312940916	0.44526121120355977	0.9549520231303222	1.0	1.0	0.9549520231303222	0.9549520231303222	0.954952023130322	0.9549520231303222	0.954952023130322	0.954952023130322	0.954952023130322	0.954952023130322	0.9549520231303222	1.0	0.9549520231303222	0.9549520231303222	0.9549520231303222	1.0	1.0	1.0	0.954952023130322	0.954952023130322	0.954952023130322	0.9549520231303222	0.9549520231303222	0.9549520231303222	0.9549520231303222	0.954952023130322	0.954952023130322	0.954952023130322	0.45748141278831356	0.37222946302454657	0.4167398231144807	0.9549520231303222	0.954952023130322	0.954952023130322	0.9549520231303222	0.954952023130322	0.9666734804423177	0.954952023130322	0.9549520231303222	0.954952023130322	0.954952023130322	0.9549520231303222	0.954952023130322	0.954952023130322	0.954952023130322	0.9549520231303222	0.954952023130322	0.9549520231303222	0.954952023130322	0.9549520231303222	0.954952023130322	0.954952023130322	0.9549520231303222	0.954952023130322	0.954952023130322
BDA_158	243738	0.9638138818734029	0.9638138818734029	0.9638138818734027	0.9638138818734029	1.0	0.9638138818734029	0.9638138818734029	0.9638138818734029	0.9638138818734029	0.9638138818734029	0.9638138818734027	0.9638138818734029	0.9638138818734029	0.9638138818734029	0.14514283985092005	0.38114937805492544	0.41601344700910164	0.2784827158248085	0.1650337242984261	0	0.5824097623819757	0.17106162774995523	0.2916840405943872	0.32877590603582135	0.36636270451178754	0.21284317886163143	0.4490587826750995	0.9638138818734027	1.0	1.0	0.9638138818734031	0.9638138818734029	0.9638138818734029	0.9638138818734029	0.9638138818734027	0.9638138818734029	0.9638138818734029	0.9638138818734027	0.9638138818734027	1.0	0.9638138818734029	0.9638138818734027	0.9638138818734027	1.0	1.0	1.0	0.9638138818734029	0.9638138818734029	0.9638138818734029	0.9638138818734029	0.9638138818734031	0.9638138818734029	0.9638138818734031	0.9638138818734027	0.9638138818734029	0.9638138818734029	0.4433899809994475	0.390823665776049	0.42775568147155907	0.9638138818734029	0.9638138818734027	0.9638138818734029	0.9638138818734029	0.9638138818734029	0.9666734804423175	0.9638138818734029	0.9638138818734029	0.9638138818734029	0.9638138818734027	0.9638138818734029	0.9638138818734029	0.9638138818734027	0.9638138818734027	0.9638138818734029	0.9638138818734029	0.9638138818734031	0.9638138818734027	0.9638138818734027	0.9638138818734031	0.9638138818734029	0.9638138818734029	0.9638138818734029	0.9638138818734027
BDA_177	243756	0.9619626087095898	0.9619626087095899	0.9619626087095898	0.9192724763344817	0.9568696523388233	0.9619626087095899	0.9619626087095902	0.9619626087095898	0.9619626087095899	0.9619626087095898	0.9619626087095898	0.9619626087095902	0.9619626087095899	0.9619626087095899	0.5858437620091735	0.6231865105911093	0.37072808298487486	0.5571665573183925	0.5805584892181628	0.5824097623819757	0	0.5556571713857402	0.5768348286865305	0.5682578402049042	0.6391453318327032	0.5742175178532819	0.6812865482095731	0.9619626087095899	0.9568696523388232	0.9568696523388233	0.9619626087095902	0.9619626087095899	0.9619626087095899	0.9619626087095899	0.9619626087095899	0.9619626087095899	0.9619626087095898	0.9619626087095898	0.8807948697580033	0.9188322610484131	0.9188322610484131	0.8807948697580033	0.9619626087095899	0.9188322610484131	0.9568696523388232	0.918974853703638	0.9619626087095899	0.8807948697580033	0.9619626087095902	0.9619626087095899	0.9619626087095899	0.9619626087095899	0.9619626087095899	0.9619626087095898	0.9619626087095902	0.9619626087095899	0.6606940478747454	0.6328853912369209	0.6856686658556338	0.9619626087095899	0.9619626087095902	0.9619626087095899	0.9619626087095899	0.9619626087095902	0.8855057414907308	0.9619626087095902	0.9188322610484131	0.9188322610484133	0.9619626087095899	0.9619626087095902	0.9619626087095898	0.9619626087095898	0.9619626087095902	0.9619626087095899	0.9188322610484133	0.9619626087095899	0.9619626087095902	0.9619626087095899	0.9619626087095902	0.9619626087095899	0.9619626087095899	0.9619626087095899	0.9619626087095899
BDA_207	243780	0.9587222999438176	0.9587222999438176	0.9587222999438176	0.9587222999438176	1.0	0.9587222999438174	0.9587222999438176	0.9587222999438176	0.9587222999438176	0.9587222999438176	0.9587222999438176	0.9587222999438176	0.9587222999438176	0.9587222999438177	0.1790475676312599	0.4118318399390964	0.4304750684349342	0.2931005001062095	0.2251747895983657	0.17106162774995523	0.5556571713857402	0	0.25413695671214753	0.28426598399696834	0.3912870863544604	0.18761681949833112	0.4813204154983495	0.9587222999438174	1.0	1.0	0.9587222999438176	0.9587222999438174	0.9587222999438177	0.9587222999438176	0.9587222999438174	0.9587222999438176	0.9587222999438174	0.9587222999438176	0.9587222999438176	1.0	0.9587222999438174	0.9587222999438174	0.9587222999438176	1.0	1.0	1.0	0.9587222999438176	0.9587222999438176	0.9587222999438176	0.9587222999438177	0.9587222999438176	0.9587222999438176	0.9587222999438177	0.9587222999438176	0.9587222999438176	0.9587222999438177	0.4228791256865884	0.3863093046269493	0.48265673803256604	0.9587222999438177	0.9587222999438174	0.9587222999438177	0.9587222999438174	0.9587222999438176	0.9666734804423175	0.9587222999438176	0.9587222999438174	0.9587222999438174	0.9587222999438176	0.9587222999438174	0.9587222999438174	0.9587222999438176	0.9587222999438176	0.9587222999438176	0.9587222999438176	0.9587222999438176	0.9587222999438176	0.9587222999438174	0.9587222999438176	0.9587222999438176	0.9587222999438176	0.9587222999438176	0.9587222999438177
BDA_211	243784	0.9645799195428388	0.9645799195428388	0.9645799195428388	0.9645799195428388	1.0	0.9645799195428388	0.9645799195428388	0.9645799195428388	0.9645799195428388	0.9645799195428388	0.964579919542839	0.9645799195428386	0.964579919542839	0.9645799195428388	0.30733913214817665	0.44421916641140613	0.5097580897376981	0.30158002711512627	0.2895785762747843	0.2916840405943872	0.5768348286865305	0.25413695671214753	0	0.3100643717417348	0.38765104065637046	0.17507967377162478	0.4651602215048115	0.9645799195428386	1.0	1.0	0.9645799195428388	0.9645799195428388	0.9645799195428388	0.9645799195428388	0.9645799195428386	0.9645799195428388	0.9645799195428388	0.9645799195428386	0.9645799195428388	1.0	0.9645799195428388	0.9645799195428388	0.9645799195428388	1.0	1.0	1.0	0.9645799195428388	0.9645799195428386	0.964579919542839	0.9645799195428388	0.9645799195428388	0.9645799195428386	0.9645799195428388	0.964579919542839	0.9645799195428388	0.9645799195428388	0.40648127413117874	0.4200608138425323	0.5201505320871062	0.9645799195428388	0.9645799195428387	0.964579919542839	0.9645799195428386	0.9645799195428386	0.9666734804423175	0.9645799195428388	0.9645799195428387	0.9645799195428388	0.964579919542839	0.964579919542839	0.964579919542839	0.9645799195428388	0.9645799195428388	0.964579919542839	0.9645799195428388	0.9645799195428388	0.9645799195428388	0.9645799195428387	0.9645799195428388	0.9645799195428386	0.9645799195428388	0.9645799195428386	0.9645799195428386
BDA_239	243803	0.9668154233791709	0.9668154233791709	0.9668154233791709	0.966815423379171	1.0	0.9668154233791709	0.9668154233791709	0.9668154233791709	0.9668154233791709	0.9668154233791709	0.9668154233791709	0.9668154233791709	0.9668154233791709	0.9668154233791709	0.3291191577226984	0.35936617600469617	0.501159487349157	0.354714611342657	0.34243229239275774	0.32877590603582135	0.5682578402049042	0.28426598399696834	0.3100643717417348	0	0.3763885469848057	0.2659808324924636	0.37362139631601526	0.966815423379171	1.0	1.0	0.9668154233791709	0.9668154233791709	0.9668154233791709	0.9668154233791709	0.9668154233791709	0.9668154233791709	0.9668154233791709	0.9668154233791709	0.9668154233791709	1.0	0.9668154233791709	0.9668154233791709	0.9668154233791709	1.0	1.0	1.0	0.9668154233791709	0.966815423379171	0.9668154233791709	0.9668154233791709	0.9668154233791709	0.9668154233791709	0.9668154233791709	0.9668154233791709	0.9668154233791709	0.9668154233791709	0.3968044902607812	0.4312098505591195	0.47548619060048447	0.9668154233791709	0.9668154233791709	0.9668154233791709	0.9668154233791709	0.9668154233791709	0.9668154233791709	0.966815423379171	0.9668154233791709	0.9668154233791709	0.9668154233791709	0.9668154233791709	0.9668154233791709	0.9668154233791709	0.9668154233791709	0.9668154233791709	0.9668154233791709	0.9668154233791709	0.9668154233791709	0.966815423379171	0.9668154233791709	0.9668154233791709	0.9668154233791709	0.9668154233791709	0.9668154233791709
BDA_254	243810	0.9562465675714902	0.9562465675714904	0.9562465675714902	0.9562465675714904	1.0	0.9562465675714904	0.9562465675714906	0.9562465675714906	0.9562465675714904	0.9562465675714904	0.9562465675714904	0.9562465675714906	0.9562465675714906	0.9562465675714904	0.35311330850091327	0.43145412870160343	0.5701683647445241	0.44222461983920575	0.352510037494618	0.36636270451178754	0.6391453318327032	0.3912870863544604	0.38765104065637046	0.3763885469848057	0	0.403152081578481	0.46823222586047925	0.9562465675714904	1.0	1.0	0.9562465675714904	0.9562465675714904	0.9562465675714902	0.9562465675714902	0.9562465675714902	0.9562465675714904	0.9562465675714904	0.9562465675714904	0.9562465675714904	1.0	0.9562465675714904	0.9562465675714904	0.9562465675714904	1.0	1.0	1.0	0.9562465675714904	0.9562465675714904	0.9562465675714902	0.9562465675714904	0.9562465675714902	0.9562465675714904	0.9562465675714906	0.9562465675714904	0.9562465675714904	0.9562465675714906	0.5015568195028409	0.4977495880132571	0.48760281623106505	0.9562465675714904	0.9562465675714904	0.9562465675714904	0.9562465675714904	0.9562465675714904	0.9666734804423175	0.9562465675714904	0.9562465675714904	0.9562465675714904	0.9562465675714904	0.9562465675714906	0.9562465675714904	0.9562465675714904	0.9562465675714904	0.9562465675714906	0.9562465675714904	0.9562465675714906	0.9562465675714904	0.9562465675714904	0.9562465675714904	0.9562465675714902	0.9562465675714902	0.9562465675714904	0.9562465675714904
BDA_264	243814	0.9576271626222668	0.9576271626222668	0.9576271626222668	0.9576271626222668	1.0	0.9576271626222668	0.9576271626222668	0.9576271626222668	0.9576271626222668	0.9576271626222668	0.9576271626222668	0.9576271626222665	0.9576271626222668	0.9576271626222668	0.24153288007495102	0.39695615529858147	0.47318141830391824	0.2458623849093588	0.21634099312940916	0.21284317886163143	0.5742175178532819	0.18761681949833112	0.17507967377162478	0.2659808324924636	0.403152081578481	0	0.3959727906455734	0.9576271626222668	1.0	1.0	0.9576271626222668	0.9576271626222668	0.9576271626222668	0.9576271626222668	0.9576271626222668	0.9576271626222668	0.9576271626222668	0.9576271626222668	0.9576271626222668	1.0	0.9576271626222668	0.9576271626222668	0.9576271626222668	1.0	1.0	1.0	0.9576271626222668	0.9576271626222668	0.9576271626222668	0.9576271626222668	0.9576271626222668	0.9576271626222668	0.9576271626222668	0.9576271626222668	0.9576271626222668	0.9576271626222668	0.4033787556197922	0.39667250707722473	0.5005964255020641	0.9576271626222668	0.9576271626222668	0.9576271626222668	0.9576271626222668	0.9576271626222668	0.9666734804423175	0.9576271626222668	0.9576271626222668	0.9576271626222668	0.9576271626222668	0.9576271626222668	0.9576271626222668	0.9576271626222668	0.9576271626222668	0.9576271626222668	0.9576271626222668	0.9576271626222668	0.9576271626222668	0.9576271626222668	0.9576271626222668	0.9576271626222668	0.9576271626222668	0.9576271626222668	0.9576271626222668
BDA_275	243823	1.0	1.0	1.0	1.0	1.0	1.0	1.0	1.0	1.0	1.0	1.0	1.0	1.0	1.0	0.44768135994515595	0.4030428272942862	0.5799273638266345	0.5039720877110615	0.44526121120355977	0.4490587826750995	0.6812865482095731	0.4813204154983495	0.4651602215048115	0.37362139631601526	0.46823222586047925	0.3959727906455734	0	1.0	1.0	1.0	1.0	1.0	1.0	1.0	1.0	1.0	1.0	1.0	1.0	1.0	1.0	1.0	1.0	1.0	1.0	1.0	1.0	1.0	1.0	1.0	1.0	1.0	1.0	1.0	1.0	1.0	0.5071511243377348	0.6060340308787658	0.6179713695604379	1.0	1.0	1.0	1.0	1.0	1.0	1.0	1.0	1.0	1.0	1.0	1.0	1.0	1.0	1.0	1.0	1.0	1.0	1.0	1.0	1.0	1.0	1.0	1.0
DRTO24_SDS_156	243998	0.6876801571411335	0.4627159486033646	0.47514816175215063	0.5458369552968397	1.0	0.5700107487222595	0.6075235404487874	0.7157032032656395	0.6365122112127691	0.6943627581418704	0.5963540945275192	0.7370489357911133	0.7093809502272885	0.6917237266081091	0.9579624702547169	0.9657677729628531	0.9344074819742028	0.9634719946422423	0.9549520231303222	0.9638138818734027	0.9619626087095899	0.9587222999438174	0.9645799195428386	0.966815423379171	0.9562465675714904	0.9576271626222668	1.0	0	1.0	1.0	0.48253642165086	0.7001592583720037	0.6827630440155541	0.6743002249476935	0.71010645965967	0.667756130540357	0.7225957654787983	0.6999118326073502	0.948254220112207	1.0	0.5661128920839185	0.9356475512735954	0.6762113698707772	1.0	1.0	1.0	0.8332814033087578	0.9399927842436541	0.5901660387993637	0.6754094424847483	0.5604332754343148	0.6690649808889984	0.6740142051961047	0.6423073941979613	0.6923072828959352	0.5912314424648731	0.9731968611844801	0.9669749890856406	0.9637045060192775	0.8332814033087578	0.789331422215879	0.586889006027085	0.7613499489939358	0.6296591845015655	0.9666734804423177	0.23393730832917084	0.9376498718562803	0.9437563166429791	0.5883823840867065	0.28075487386222847	0.6439258765490395	0.5751239987476525	0.3037877441240297	0.4935626371723589	0.7829411560155078	0.34147723373262606	0.2497614342414692	0.27176107299719326	0.683540664802571	0.5391711770383735	0.6270887206067637	0.6410636970561522	0.6017060732395093
