R306	243459	0.0	0.0027029896233823044	0.002567297908076673	0.003566639637972953	0.0044141701934945045	0.004249656485851328	0.003965023274256276	0.0038122105901502268	0.004562164316296408	0.004063478145270283	0.00433243409822094	0.002333319165852116	0.004748626397651675	0.004592541267681419	0.004076963537847906	0.008722854509246793	0.009399050709655571	0.008246062189486264	0.00890850938784213	0.008782517257738844	0.008757847652355485	0.009271864941354426	0.00911013746504542	0.009027986855795957	0.009290704920905694	0.008980488017201489	0.008923011263393555	0.004110824972991371	0.004130517023241472	0.004107827274692052	0.004126414810476366	0.00412885016256191	0.004544638231903668	0.004135817908135896	0.005973054931425766	0.004997887278220438	0.004068311964562331	0.006225127444989279	0.004305342188964111	0.00833897110542133	0.004275532137228968	0.0041215925285459755	0.0041864180037183675	0.00528107308116239	0.004138997358868105	0.0070536294332328485	0.005503905835034589	0.008419350828002246	0.008972128262152892	0.0062513533256512415	0.00605714381067417	0.0026172466430256086	0.007372156966520274	0.0064476305129117974	0.006208066213166386	0.005136300122220047	0.0032070552630394985	0.004097527032217938	0.0041332000003986855	0.00421633259300281	0.004630326831195282	0.003568074560740636	0.003255981018559363	0.00928290219462204	0.009204031901855083	0.004353005505728001	0.005291368484376655	0.004989041752684862	0.00837605418833397	0.0042128621770823865	0.005227287900320735	0.00837534255654409	0.00988943791600152	0.004362438227381809	0.004995841655616529	0.009159208949032712	0.006893324719587399	0.0069076170306618286	0.008799864223176471	0.008577558856569542	0.008386682229430516	0.00901899670884485	0.00920074687502597
DRTO24_SDS_53	244160	0.0027029896233823044	0.0	0.0005246095247959043	0.0037055308575657015	0.003233621831342656	0.004331338224641653	0.001819350623772028	0.003909411022181011	0.0046521646234917976	0.004158645880784611	0.004425732031645823	0.0025578391811903675	0.004834569486398569	0.004677757007883942	0.004177338612047115	0.008799188194895856	0.009475384395304636	0.008758442303191803	0.008984843073491195	0.008858850943387911	0.008834181338004548	0.009784245055059964	0.009186471150694486	0.009104320541445022	0.009367038606554759	0.009056931076279856	0.00899934494904262	0.0041984446812748065	0.0042255714022932135	0.004206836863887852	0.0042095342017730054	0.00421555707100511	0.0046249339809246665	0.00422518968328164	0.006208041501632949	0.005135826306259505	0.004191777392316922	0.006369986000316199	0.004391922538717784	0.008887584059402777	0.004366381867558238	0.004221028322251198	0.0042718612302258385	0.005358465874116823	0.004222440831865043	0.007667464868634423	0.004333114000882713	0.008968744302008266	0.009487135511444002	0.005030884570840496	0.004821179569636009	0.0014212987981886635	0.007920455979785237	0.005417643531780342	0.005056134750001275	0.004192541800854013	0.003307306021200777	0.004186094968984491	0.004217780459476088	0.002967807718699349	0.0023343101536262255	0.0036563346585964233	0.00334077300949205	0.009359235880271105	0.009280365587504148	0.0041275630509154575	0.005182555237860707	0.0028169179887543765	0.008933522161940962	0.004298960769709528	0.005304025815717858	0.00889013870870638	0.009965771601650585	0.00444091632988384	0.004677761114642234	0.009672693269666627	0.007580091973361181	0.007610027845379989	0.009313348543810386	0.009092792253068978	0.008900055226583907	0.009532913891176859	0.009277080560675034
R232	243392	0.002567297908076673	0.0005246095247959043	0.0	0.003650010476946244	0.0031551754244446674	0.004281491714270973	0.0018569254145540345	0.0038539117753952365	0.004596665376706024	0.004103146633998837	0.0043701905256504445	0.002413081925519858	0.0047806914239858595	0.004624582990297057	0.004121808260899597	0.008643273267207584	0.009353026613774013	0.008626146541538385	0.008827413134433047	0.008811282385158258	0.008688175593525898	0.009641215196249383	0.009029041211636337	0.008946890602386872	0.009231707184247437	0.009009362518050203	0.00884191500998447	0.004143008589539634	0.004170036943022446	0.004151293601495835	0.004158628320522027	0.0041610741628921154	0.004576463087808942	0.004169663437556397	0.006157532013799337	0.005089391650973772	0.0041451044476728946	0.006320775076455874	0.0043374491167105025	0.008841261384980988	0.004310859141084651	0.004165500318602678	0.004218627541975185	0.00531144992221312	0.004170798791410382	0.0075986769150634065	0.004289078751440447	0.008922415548769262	0.009440380901340806	0.0049861369836649875	0.0047763741530891975	0.001420943290493377	0.007778160111808604	0.0052912294092055225	0.005011458693125875	0.004114145828497099	0.003251806774415003	0.004130566962458848	0.004165515515079851	0.002989925149861224	0.0026153841421419806	0.003600804885161995	0.003287789566824868	0.009201805941212955	0.009232797029274497	0.004013081254734077	0.005068762194176505	0.002878713805004117	0.008887199487519173	0.004244877497008206	0.005146559721353799	0.008843816034284593	0.009808341662592436	0.004394481674598107	0.004658536174877383	0.009626370595244836	0.007444471450189115	0.007474407322207923	0.009267025869388597	0.009046328291274766	0.008853732552162118	0.009486320644062378	0.009119650621616883
26_OFAV_004	243552	0.003566639637972953	0.0037055308575657015	0.003650010476946244	0.0	0.003476687253899199	0.0008308657508207078	0.0025587891009006304	0.00035317915169710736	0.0010694910603622917	0.0006620551383172751	0.0008365124904365744	0.001449671776111341	0.0012883922956267524	0.0010970102426687688	0.000602598264271803	0.005239936123346342	0.005907079511506547	0.005146549255068172	0.005416538189693107	0.005290546059589821	0.005265876454206461	0.006147958920976568	0.0056181662668963964	0.005536015657646933	0.005798733722756671	0.005495402647324481	0.00543104006524453	0.0006151657144322032	0.0006349756361793081	0.000626388954207447	0.0006780630124108634	0.0006937693422495747	0.001067406929024708	0.0006473500055814827	0.00363179548026485	0.0017704505472931056	0.0018655783349224102	0.0036134922903735787	0.0008106756713771187	0.005340016558659521	0.0008368310485948511	0.0006365786791924695	0.0008767355410461818	0.0017911738890332724	0.0008006467825370526	0.006059523101089486	0.002902862448067867	0.005356263558452288	0.005874505439369277	0.0035898621705375286	0.0033932554142610694	0.0028960745444210952	0.0043954836813468335	0.003780407252739467	0.0035399644211505134	0.002814013876655798	0.00047375374169502423	0.0008317119567053226	0.0008302988102329407	0.0022779424897303485	0.002508679785133892	0.00013595626475532884	0.0005988439342139496	0.0058749639780964775	0.00571206070370606	0.0019193257463131284	0.0028564696143560143	0.0024492899423963948	0.005320977439897592	0.0007171179429231733	0.0017352050076036997	0.005277561523332347	0.006397466717852498	0.0008666405863869396	0.0021279361905633945	0.006060136295200227	0.005952340256663178	0.00615766034027411	0.005700771358436353	0.005480194522968106	0.005287519543741644	0.005920346918844591	0.005708775676876945
DRTO24_SDS_156	243998	0.0044141701934945045	0.003233621831342656	0.0031551754244446674	0.003476687253899199	0.0	0.004115521904183068	0.0029497915327329942	0.003678415145147088	0.004428426129207524	0.003929475842794177	0.004198366903970515	0.003041103217770953	0.0046148412813376135	0.00445865414586146	0.0039399279699350335	0.008587617020206328	0.009263813220615107	0.008546871128502274	0.008773271898801668	0.008647279768698382	0.00862261016331502	0.009572673880370437	0.008974899976004957	0.008892749366755492	0.009155467431865232	0.008845359901590327	0.00878777377435309	0.003977078544544877	0.003996624756919828	0.003973987108610504	0.003992710265923429	0.003995062879146872	0.0044105386383323925	0.004001847518267663	0.005991587980009063	0.004923467807076423	0.0039896645714058735	0.006155430814108465	0.004171524667233953	0.00867434796690014	0.004141590686461877	0.003987493839562885	0.004052701497378427	0.005146719302085022	0.0040048695457753705	0.007805704801897983	0.0014600628254044735	0.008755550335171104	0.00927388039038423	0.002014360515507647	0.002122285139978403	0.002871567173723184	0.007707245678993419	0.002530962742795677	0.0022573121768461072	0.0018894959633680207	0.0031184735347072243	0.003963432203670365	0.00399958566992503	0.003300800149607216	0.0032898873307660027	0.003434282460794026	0.003224124911261212	0.009147664705581576	0.00906879441281462	0.0029745123428838436	0.0040091580169201516	0.0033835554517751922	0.00872026704088119	0.004078951252531519	0.005092614277597544	0.00867688358764661	0.009754200426961058	0.004228537640807832	0.00402197768993947	0.009459438148606853	0.007709588414348222	0.007827158325312531	0.009100093422750616	0.008879537132009205	0.008686800105524134	0.009319658770117088	0.009065509385985507
R114	243276	0.004249656485851328	0.004331338224641653	0.004281491714270973	0.0008308657508207078	0.004115521904183068	0.0	0.0031758378472611687	0.0005087060899530628	0.0010349880254443575	0.0001928090979760191	0.00034220251719379235	0.0019699426154096765	0.0012722408796513082	0.0009182470132885291	0.0002565056348705519	0.004600053956420871	0.0052762501568296505	0.00456074211603091	0.00478570883501621	0.0046597167049129236	0.004635047099529563	0.005585613387591899	0.0049873369122195	0.004905186302970035	0.005167904368079775	0.00485779683780487	0.0048002107105676334	0.00021951193829423157	0.00022652680026888342	0.00028031167760824105	0.00017711476482591538	0.0002638616963110751	0.0007150769356850899	0.00018362127976203022	0.003495650041097498	0.0017475561169184798	0.002271474980441662	0.0035599077074454843	0.0008015410424439503	0.00484555785207193	0.00032842223087190225	0.000247424172507779	0.000386703027376731	0.0012845030540221476	0.0001434558915906687	0.006535757411091443	0.00342277364648397	0.005260843605194358	0.0052889517189833035	0.003289126640046198	0.0035602131560963125	0.0035217785207635327	0.00434712274088591	0.003357939840351287	0.003117473920453503	0.0033682323899645373	0.0011897723685936514	0.00024217683329973516	0.0004509841214887781	0.0021491302283695754	0.00233114100331042	0.0007208607407802351	0.0010751492965808136	0.005191183250482287	0.0050812313490291635	0.001496854805019083	0.0024238516016517084	0.002271754668083373	0.004735395474155062	0.0004045202936640939	0.0011058476315909131	0.004906669565156628	0.0057666373631756005	0.0004572693892827057	0.0017287123933998894	0.005474534118550062	0.006428515208832831	0.006633890723508702	0.005115189392693823	0.004894612557225577	0.004701896075467341	0.0053347583102076514	0.005077946322200049
R233	243393	0.003965023274256276	0.001819350623772028	0.0018569254145540345	0.0025587891009006304	0.0029497915327329942	0.0031758378472611687	0.0	0.00275111887854506	0.003493872479855847	0.00300035373714866	0.003267439888009872	0.0028534570829913458	0.003676277342762619	0.003519464864247991	0.0030190464684111654	0.0076457262895727	0.008321922489981481	0.007604980397868646	0.00783138116816804	0.007705389038064754	0.007680719432681393	0.00863078314973681	0.00803300924537133	0.007950858636121865	0.008213576701231604	0.007903469170956698	0.007845883043719463	0.0030401525376388566	0.0030672792586572636	0.0030485447202519013	0.003052949812168088	0.0030572649273691585	0.003470784579455003	0.00306689753964569	0.005324232453594097	0.003983713142619833	0.003382626560246203	0.005540243002552419	0.0032336303950818335	0.0077363230688722775	0.003208089723922287	0.003062736178615247	0.0031135690865898877	0.004206352710477152	0.0030651202830564435	0.00770428659145225	0.0030163415408882995	0.007817545775013882	0.008335855492356367	0.0036679438648837773	0.0034582388636792897	0.0016067353868608034	0.0067692411188361975	0.00405502536750668	0.0036931940440445565	0.0030311478688225925	0.0023664185325181497	0.0030278028253485413	0.0030598370067259116	0.0018093275689612981	0.0011852874183747428	0.0025188332115080557	0.0025038290643350346	0.008205773974947948	0.008126903682180994	0.0029026693175516678	0.003953119324613785	0.0014784363830722962	0.007782242142853328	0.0031406686260735776	0.00415051819821072	0.007738858689618749	0.00881230969632743	0.003288803576571956	0.003558590428079656	0.008521413250578992	0.007616615829661949	0.007783633962385038	0.008162068524722753	0.007941512233981344	0.007748775207496273	0.008381633872089225	0.00812361865535188
26_OFAV_007	243553	0.0038122105901502268	0.003909411022181011	0.0038539117753952365	0.00035317915169710736	0.003678415145147088	0.0005087060899530628	0.00275111887854506	0.0	0.0008971121502801681	0.0003394252043972622	0.0005206247190919326	0.0016815716904360531	0.0012524750206871808	0.0009215195928051405	0.0002688402412710212	0.004917845561020309	0.0055910174391462265	0.004874522522900771	0.005100476117332786	0.0049744839872295	0.004949814381846139	0.005899999850932654	0.005302104194536077	0.00521995358528661	0.005482671650396351	0.0051733120883548185	0.0051149779928842095	0.00029869989525813133	0.00031865858431787174	0.0002977705822455379	0.0003553914775341016	0.0003773580902469943	0.0008140734569253014	0.00032522892408979665	0.0036432574218255385	0.001787491030050202	0.0021417279356584847	0.00363110425723434	0.0006028944997288889	0.005068178275245147	0.0005205060763157898	0.00031233790945579365	0.000560060755153092	0.0014747055093455174	0.0004846797981146732	0.006341618825918638	0.003013828681734481	0.0051211798695117074	0.005602738629807885	0.003245808298161883	0.003122967900620751	0.0030998513183028912	0.0042240332700968644	0.003427862104192516	0.0031874192726035625	0.002984654763968381	0.0006816771100832749	0.000511024136363448	0.0005090969243718565	0.0021165195330586036	0.0023032432039309554	0.0003711492323578623	0.0008369294286297473	0.005558901905736156	0.0053959986313457395	0.0015668698453225485	0.002506175049879928	0.0022438322273597745	0.005049139156483218	0.0004155968253552136	0.0014190388249741732	0.005005723239917974	0.0060814046454921765	0.0005506165619958478	0.0017815873599443914	0.005788277800878218	0.006234415770584694	0.0064397449849298415	0.005428933075021979	0.005208376784280568	0.005015639757795498	0.0056485586947020204	0.005392713604516625
37_OFAV_001	243564	0.004562164316296408	0.0046521646234917976	0.004596665376706024	0.0010694910603622917	0.004428426129207524	0.0010349880254443575	0.003493872479855847	0.0008971121502801681	0.0	0.0009009628026361815	0.0007654403314374579	0.0023415456860400403	0.00042097550374990884	0.0001566659494854475	0.0008693941001246166	0.005474007532733338	0.006144162108717969	0.005427704453709256	0.005653620786904529	0.005527628656801243	0.005502959051417882	0.006453181781741138	0.005855248864107819	0.005773098254858354	0.006035816319968093	0.005729472013084781	0.005668122662455952	0.0008516215428477655	0.0008769660341729108	0.0008928872575726429	0.0009115309785996228	0.0009325481149166474	0.00036979670348522264	0.0008813969875197595	0.002811739039886375	0.0009527248083955409	0.0016665611895378793	0.002796502744336602	0.00041174818089006267	0.005693176069491695	0.0007303023304582753	0.0008757535328970212	0.001113345902431459	0.002028308905255667	0.001037652836210764	0.0070281134437172365	0.003735331261206388	0.0058825479106664	0.006155717178907344	0.003853671734708123	0.003963922721969166	0.0038426049196136785	0.00501482554767055	0.0040441442414248545	0.0038036905678306985	0.0036807783578947364	0.0014284774807356662	0.0010657298241643076	0.000749368907215268	0.0026520529259043113	0.002838791080046625	0.0010579748728449115	0.001523794947618127	0.006112046575307899	0.0059491433009174815	0.002183153591380183	0.003115164924574745	0.002779380103475444	0.00560211357510439	0.0011289148246047633	0.0019723495068132762	0.0056876070880657196	0.006634549315063919	0.001176956123310395	0.002394906748087277	0.00634125221949939	0.0069209711286495335	0.007126269920636328	0.0059819074936431505	0.005761351202901742	0.005568614176416671	0.006201537243801479	0.0059458582740883675
37_OFAV_002	243565	0.004063478145270283	0.004158645880784611	0.004103146633998837	0.0006620551383172751	0.003929475842794177	0.0001928090979760191	0.00300035373714866	0.0003394252043972622	0.0009009628026361815	0.0	0.00034900590559890673	0.0019267798196891685	0.0012168979636387367	0.0008968289617931602	8.755243522408961e-05	0.004663326499362359	0.005339522699771139	0.004623273967728934	0.004848981377957699	0.004722989247854412	0.0046983196424710515	0.0056487512957608165	0.005050609455160988	0.004968458845911523	0.0052311769110212625	0.004921054646332593	0.004863483253509122	5.809651687675067e-05	6.726432595038018e-05	0.00011108823052220888	9.288509219687876e-05	9.566501353935445e-05	0.0007783231838335333	7.298074671660663e-05	0.003531255195058023	0.0016872247109892503	0.002310478096762426	0.0036068884065563168	0.0007146720830432173	0.004896071735961859	0.0003010474411539018	7.860077962184871e-05	0.00023336345942994572	0.0012248123397682947	0.00015703028011204484	0.00659807511842508	0.0032365914940146435	0.005323475226266043	0.005351611100744919	0.0031029721081259325	0.0033740552352912517	0.003349086176906491	0.004415048451317241	0.0031718027433738256	0.0029313159996484425	0.003182049827815342	0.0010207603349139658	0.00018347873293316828	0.00027064896232492956	0.001971768435715518	0.002158473300797513	0.0005801634988041718	0.0010934767886226987	0.005230982970142581	0.005144503891970652	0.0013107992115292573	0.0022481588752281604	0.002099062324226332	0.004798027095226745	0.0004912900697903553	0.0011680976698206697	0.004969301186228311	0.005829909906117089	0.0005198199320871144	0.001536723721433848	0.005537165739621746	0.00649083631344538	0.006696208430842338	0.005177821013765507	0.004957264723024097	0.004764527696539026	0.005397431165639055	0.005141218865141537
38_OFAV_004	243574	0.00433243409822094	0.004425732031645823	0.0043701905256504445	0.0008365124904365744	0.004198366903970515	0.00034220251719379235	0.003267439888009872	0.0005206247190919326	0.0007654403314374579	0.00034900590559890673	0.0	0.002021763278322759	0.0010607617490016655	0.0007165084696648322	0.00033822663858557316	0.004860162861538164	0.005466199767020495	0.00474988540338613	0.004975658445207054	0.004849666315103768	0.004824996709720408	0.005775362731418011	0.005177286522410344	0.005140413567214933	0.005357853978270618	0.005115662929076795	0.0049901603207584775	0.0003080625853223209	0.0002819776904930725	0.0003044503394212992	0.0002984273040558183	0.00039712024739597745	0.000621816600415579	0.00028099594212106034	0.003451389953012728	0.0015762566255566105	0.0022305383538013075	0.0033719760859094875	0.0005325265218443777	0.005015280177537871	9.244323841204355e-05	0.0003391623687364389	0.0005287838336222853	0.0013518936466639588	0.0004126275529966493	0.006644541044807145	0.0035056222512509037	0.005370044297591564	0.005477792459236929	0.0034117662539364805	0.003643040538018289	0.0036161723277677027	0.004594181579149502	0.0035203656505627314	0.0032799228189737783	0.003451077389751984	0.0011341169809490873	0.00045212384165082534	0.0002417535570326606	0.002278674968774387	0.002465322840233012	0.0007702625317287593	0.0011970063245104728	0.005434084233610424	0.0052711809592200076	0.0016592748786193095	0.0025949292649865277	0.0024059541228714358	0.004970274143438797	0.0004245983449355024	0.001294863288404202	0.005015870257553833	0.005956586973366445	0.0005666188244407794	0.0018066224014275634	0.005663356327545567	0.006537354863918669	0.0067427203865977415	0.005304011601689328	0.005083434766221081	0.004890718284462847	0.005563639719156485	0.005267895932390893
39_OFAV_001a	243580	0.002333319165852116	0.0025578391811903675	0.002413081925519858	0.001449671776111341	0.003041103217770953	0.0019699426154096765	0.0028534570829913458	0.0016815716904360531	0.0023415456860400403	0.0019267798196891685	0.002021763278322759	0.0	0.0024469856870453317	0.0022900544456523507	0.0019369565123997195	0.006423874001867289	0.007100070202276067	0.006383140890430399	0.006609528880462627	0.0064835367503593404	0.006458867144975981	0.007408930862031396	0.0068111569576659176	0.006729006348416452	0.006991724413526192	0.006681606717518701	0.00662403075601405	0.0019028028514234316	0.0019075543347965808	0.0019610713264832554	0.0018509746337667852	0.0020010082205632503	0.0022420962444533823	0.001865632139006538	0.004072164972939171	0.0029277813415278615	0.001992292398686358	0.003987825608384937	0.002013144090501625	0.0065762830417102885	0.002024946889399202	0.0019285355219976342	0.0021246271279549453	0.0029847254840729602	0.0019940150442107228	0.005268821605751418	0.004162564000590473	0.006592492298934623	0.007110824809120735	0.00488404661446157	0.004687538745405082	0.0017762439340995952	0.005598229501240993	0.005074768119710867	0.004834325288121914	0.0038104299693255527	0.0011333694561472185	0.0020200264592041125	0.0021012613092174703	0.003267246006092457	0.0032645834483787024	0.0013759899023837252	0.0009534694918281799	0.007067954668865998	0.00690505139447558	0.0032137027028483426	0.004145664078644848	0.0036028029474128366	0.006557243922948359	0.0018801904228109147	0.0029287448176516873	0.0065138280063831155	0.007590457408622017	0.0020601259230106548	0.0034600100439267163	0.007296382567343359	0.005069193876078866	0.00509913806692607	0.00693703784148712	0.006716481550745709	0.00652374452426064	0.007156631400345083	0.0069017663676464655
4_OFAV_007	243588	0.004748626397651675	0.004834569486398569	0.0047806914239858595	0.0012883922956267524	0.0046148412813376135	0.0012722408796513082	0.003676277342762619	0.0012524750206871808	0.00042097550374990884	0.0012168979636387367	0.0010607617490016655	0.0024469856870453317	0.0	0.0003850155694933919	0.0012271154678244476	0.005695253742539876	0.0063714499429486544	0.005654773803713455	0.005880908621135215	0.005754916491031928	0.005730246885648568	0.0066803200985087775	0.006082536698338505	0.00600038608908904	0.006263104154198779	0.005952973494567453	0.005895410496686638	0.0011905891264131457	0.0011977276123588993	0.001251160668785264	0.0011406659635873418	0.0012878329004065061	0.0005827382438354576	0.0011550314567826373	0.0023912429069179036	0.0005643405888272558	0.0012787025453895448	0.002407026407765575	0.0006650783799263555	0.005921402704827036	0.0010313618722973474	0.0012187456372988754	0.0014107601592371647	0.0022586244875969527	0.0012661356062998626	0.007116902544319887	0.003950286352281435	0.0061107745460017415	0.006383858288447209	0.004179627526959214	0.004289829700663775	0.00402500978252045	0.005212406788141832	0.004370185535231806	0.0041297579654399315	0.0038673876677696676	0.0016469779037968034	0.0012951863054734745	0.001073047204237733	0.0029048937655022137	0.0030908951854846716	0.0012258166725310226	0.0016121925487115666	0.006339334409538584	0.006176431135148168	0.002509121306837573	0.003437096163044637	0.0030315288292497595	0.0058303402104397314	0.0013882817615917015	0.002200150652423936	0.005915833723401062	0.006861837149294605	0.0014057141105220865	0.0027517254706367236	0.006569478854834732	0.007009726180636121	0.007215091703315192	0.006210134128978493	0.005989557293510247	0.005796840811752012	0.006429688343612232	0.006064396186469388
43_OFAV_011	243594	0.004592541267681419	0.004677757007883942	0.004624582990297057	0.0010970102426687688	0.00445865414586146	0.0009182470132885291	0.003519464864247991	0.0009215195928051405	0.0001566659494854475	0.0008968289617931602	0.0007165084696648322	0.0022900544456523507	0.0003850155694933919	0.0	0.0008864313695834489	0.005327269911913351	0.005987612822078023	0.005271708398747547	0.005497071500264584	0.0053710793701612965	0.005346409764777936	0.006297059453509057	0.005698699577467873	0.005616548968218408	0.005879267033328147	0.0055827575301673395	0.0055115733758160056	0.0008497890777159724	0.0008531658083134791	0.0009069041385773276	0.0008366090844240835	0.0009435038735530917	0.0002236499326779405	0.000824631516998499	0.0027355080433697156	0.0008859391711037432	0.0015423985566272828	0.002710485390280979	0.00032153990731894125	0.00553725923643732	0.0006870339723101773	0.0008870588988250125	0.0010685502931053205	0.0019153305828991964	0.0008817105689468551	0.006878641957352738	0.0037658003576541053	0.005726631077612026	0.005999813777345983	0.0038778836660840203	0.0039880953471457346	0.003868197304005822	0.004868541264642525	0.004068442226680791	0.003827999395091837	0.003711249300497357	0.001449108201989608	0.0009336239166583288	0.0007396504197226495	0.002675902788154077	0.002861302802284037	0.001027927008957594	0.0013764897603940215	0.005955497288667953	0.005792594014277536	0.002207368427423712	0.0031347040741411046	0.002801891825712856	0.0054461967420500156	0.0010182683266099519	0.0018166265920860425	0.005531690255011346	0.006478000028423974	0.0010207858542379909	0.0024091250557647316	0.006185335386445015	0.006771460495360365	0.006976836010036235	0.005825990660588776	0.005605434369847367	0.005412697343362295	0.006045633842240118	0.005789308987448422
ABE_OFAV_003	243608	0.004076963537847906	0.004177338612047115	0.004121808260899597	0.000602598264271803	0.0039399279699350335	0.0002565056348705519	0.0030190464684111654	0.0002688402412710212	0.0008693941001246166	8.755243522408961e-05	0.00033822663858557316	0.0019369565123997195	0.0012271154678244476	0.0008864313695834489	0.0	0.0046656008437986115	0.005328955019629081	0.004612314065097882	0.004838413697815642	0.004712421567712355	0.004687751962328995	0.005637839299610048	0.005040041775018931	0.004957891165769467	0.005220609230879206	0.004921100911337243	0.004852915573367065	3.8079735734293726e-05	5.6838422519007636e-05	3.425035890356142e-05	0.00010382968564425768	0.00011597386127791858	0.0007883046025510202	7.310449623576297e-05	0.0036177621342236895	0.0017527827494284655	0.0023969266852520966	0.003595769340345436	0.000703649862805122	0.004950022539944667	0.0003475782204095605	5.757824057623051e-05	0.0002985669023042717	0.0012132045515830204	0.00022261931867747099	0.006586912115444605	0.0032471815207953557	0.005312435374175206	0.005340537024946542	0.0031135310305449005	0.003384612758830668	0.0033677789081689963	0.004478872899996569	0.003182316354776812	0.0029418735231878583	0.003192638455716503	0.000933385167737095	0.0002570976808896145	0.0003447821886454578	0.0019904759013917883	0.002177134927698273	0.0006171885176594863	0.0010822061851614375	0.0052968394862190115	0.005133936211828595	0.0013212162747445431	0.0022669795849620538	0.0021177550554888364	0.00478698724313591	0.0004804817352080553	0.00115718815984668	0.004958261334137475	0.005819342225975032	0.000509402211008683	0.0015259244514358489	0.005526125887530908	0.006479675011494598	0.0066850405341736694	0.00516678116167467	0.004946204326206424	0.004753487844448188	0.005386343616170889	0.00513065118499948
BDA_043	243641	0.008722854509246793	0.008799188194895856	0.008643273267207584	0.005239936123346342	0.008587617020206328	0.004600053956420871	0.0076457262895727	0.004917845561020309	0.005474007532733338	0.004663326499362359	0.004860162861538164	0.006423874001867289	0.005695253742539876	0.005327269911913351	0.0046656008437986115	0.0	0.0014854345803014429	0.0022556014606872044	0.0008459393737749324	0.0006119808759812611	0.00027735828980408493	0.002945732170524046	0.0009249939463236947	0.0008602270433406599	0.001353643732316413	0.0011354462328786337	0.000741189195266819	0.0046285576853552345	0.004635556880363238	0.004689346597980285	0.004600508964368362	0.004726035000770539	0.005113831383055836	0.004592736346850821	0.007971344055284728	0.006203664620784549	0.006686752659288398	0.007965549979791571	0.005210540717348031	0.008924176181320785	0.004872702529411344	0.004656482270729384	0.004848784645911244	0.005672111852217221	0.004605430842848232	0.010562166977589396	0.007893378252557842	0.009286593682361186	0.009313965867222326	0.007688126858102277	0.007938532062089474	0.007989069756449514	0.008344415385596202	0.007744977552635786	0.007522844168635386	0.007839921581953378	0.005598663988106335	0.004704222940107449	0.004913092366057515	0.00662211216406044	0.006797382572563846	0.00517773128937256	0.005484182754007805	0.0019704245866651376	0.0017964543027745895	0.0059612202949158675	0.006892781207788879	0.006736379717036927	0.008761154695534432	0.004937038636365516	0.005240966262744876	0.008932404194781316	0.0019145219924046831	0.0046133146018953585	0.00618489692980086	0.009500257145455406	0.010454924775330783	0.010660300290006653	0.0091410491846966	0.008920176549800788	0.008727619102372686	0.009360101039958631	0.0012489872246874867
BDA_109	243699	0.009399050709655571	0.009475384395304636	0.009353026613774013	0.005907079511506547	0.009263813220615107	0.0052762501568296505	0.008321922489981481	0.0055910174391462265	0.006144162108717969	0.005339522699771139	0.005466199767020495	0.007100070202276067	0.0063714499429486544	0.005987612822078023	0.005328955019629081	0.0014854345803014429	0.0	0.003044779721368507	0.0013061146899654684	0.0013334404154038636	0.001379052097310044	0.003458843326287327	0.001767313664287859	0.001645419779498196	0.0010457174624562105	0.0019152499271074667	0.0012898541044303595	0.0052926660357955485	0.00527251494484917	0.005295383503462615	0.005276705164777141	0.005381107972599312	0.005790027583464616	0.005266655758186077	0.008647540255693507	0.006857228790571893	0.0073629488596971765	0.008571586885273904	0.0058693698455194385	0.009529597767292147	0.0055255076180835885	0.005329640716487825	0.005511395966542664	0.006278148757699551	0.005264259971019638	0.011167727243549195	0.008569574452966619	0.009892164139055748	0.00991938745319369	0.008432476117858533	0.00870127699853429	0.008665265956858294	0.00904074078431256	0.008428022872631922	0.008261054897861456	0.008516117782362154	0.006204700893588666	0.005375879601247608	0.005584742462596268	0.0072983083644692194	0.007473578772972625	0.005835067464263477	0.006146799736043723	0.0028496097561104996	0.0026260383523781126	0.006637416495324647	0.007568977408197657	0.007412575917445707	0.009412599349300032	0.005543075541847848	0.005880560314384857	0.009537831921639477	0.0022358431112840657	0.005219351507377689	0.006790933835283191	0.010105668540692003	0.011060485041290584	0.011265860555966454	0.00974687580952076	0.009526003174624945	0.009333030497609284	0.010005507696276311	0.0012057042907738158
BDA_130	243717	0.008246062189486264	0.008758442303191803	0.008626146541538385	0.005146549255068172	0.008546871128502274	0.00456074211603091	0.007604980397868646	0.004874522522900771	0.005427704453709256	0.004623273967728934	0.00474988540338613	0.006383140890430399	0.005654773803713455	0.005271708398747547	0.004612314065097882	0.0022556014606872044	0.003044779721368507	0.0	0.00248956920973598	0.002454028509417219	0.002238631136617392	0.001674099875880491	0.0027498591975571862	0.0028426556161760693	0.0028723513631845137	0.0029776367135964247	0.0026341422819004708	0.004576599496090279	0.004556437583355185	0.004579133196350383	0.004560667014927814	0.004664844209826503	0.005074019006268892	0.004550568552570722	0.0077785551010216775	0.006081288489913165	0.006602022686334969	0.007791588331867599	0.005152427753406604	0.00790478673840652	0.004809290977743677	0.004613562829903804	0.0046973925693286275	0.005561450524752435	0.004548535147384469	0.009547356261985386	0.007852632360853786	0.008399715294630256	0.008427069787726112	0.0077155340257457	0.007984334906421456	0.00794832386474546	0.007538388480981743	0.007704231660931732	0.007544112805748621	0.007799175690249322	0.0054877588014758324	0.004659158464338245	0.004868306998621291	0.005887110240648618	0.00675663668085979	0.005118512884939082	0.005430238246321721	0.0031557199822661464	0.0031649923478992373	0.005920474403211813	0.0068520353160848235	0.006695633825332873	0.007766217256329577	0.004826607596725065	0.005155278603209261	0.007916068428408958	0.0035691136341964966	0.004505633608919256	0.006073991743170358	0.008613405807985957	0.009567374053260233	0.009772787000589162	0.008114639299036483	0.00786917441592303	0.00784090437965947	0.008430774849596291	0.002955634771869056
BDA_139	243725	0.00890850938784213	0.008984843073491195	0.008827413134433047	0.005416538189693107	0.008773271898801668	0.00478570883501621	0.00783138116816804	0.005100476117332786	0.005653620786904529	0.004848981377957699	0.004975658445207054	0.006609528880462627	0.005880908621135215	0.005497071500264584	0.004838413697815642	0.0008459393737749324	0.0013061146899654684	0.00248956920973598	0.0	0.0008631084723024891	0.0008301237689775651	0.0028188226371030213	0.0010233138488560671	0.0008768850468802245	0.0011931124439484866	0.0014525673023149462	0.0006732376831123557	0.004802124713982108	0.004781973623035729	0.004804842181649175	0.004786163842963701	0.004890566650785872	0.0052994862616511755	0.004776114436372637	0.008156998933880067	0.006366687468758453	0.006872407537883737	0.008081045563460463	0.005378828523705998	0.009039304091502973	0.005034966296270149	0.004839099394674385	0.005020854644729224	0.005787607435886111	0.004773718649206198	0.010677382258397452	0.008079033131153181	0.009401810547658384	0.009429093777404512	0.007941934796045094	0.00821073567672085	0.008174724635044853	0.008529791545819848	0.007930632431231125	0.0077705135760480154	0.008025576460548715	0.005714159571775226	0.004885338279434168	0.005094201140782828	0.006807767042655779	0.006983037451159186	0.005344526142450037	0.005656258414230283	0.0021080022469740565	0.0020741804253684684	0.006146875173511207	0.007078436086384217	0.006922034595632267	0.008922305673510855	0.0050525342200344065	0.005308314380770265	0.0090475321049635	0.0017130302386093813	0.00472881018556425	0.006300392513469751	0.009615383471148448	0.010570140056138839	0.01077551557081471	0.009256423623617845	0.009035550988722031	0.00884274542806573	0.009515222626732756	0.0010161077473874226
BDA_144	243728	0.008782517257738844	0.008858850943387911	0.008811282385158258	0.005290546059589821	0.008647279768698382	0.0046597167049129236	0.007705389038064754	0.0049744839872295	0.005527628656801243	0.004722989247854412	0.004849666315103768	0.0064835367503593404	0.005754916491031928	0.0053710793701612965	0.004712421567712355	0.0006119808759812611	0.0013334404154038636	0.002454028509417219	0.0008631084723024891	0.0	0.0004821758825419789	0.0031280942962442233	0.0011796784853768392	0.0010173177957210706	0.0012287221001201082	0.0011034729755819545	0.0006708022215962873	0.0046761325838788215	0.004655981492932443	0.004678850051545888	0.004660171712860414	0.004764574520682585	0.00517349413154789	0.004650122306269351	0.008031006803776781	0.006240695338655167	0.00674641540778045	0.007955053433357177	0.0052528363936027115	0.008913590987800604	0.004908974166166862	0.004713107264571099	0.004894862514625937	0.0056616153057828245	0.004647726519102911	0.01055160843603243	0.007953041001049894	0.009276029936163145	0.009303380673702146	0.007751611991935201	0.008020412872610957	0.008048732504941567	0.008499395804720925	0.007886335835368383	0.007582506917127438	0.007899584330445429	0.005588167441671939	0.004759346149330881	0.004968209010679542	0.0066817749125524925	0.006857045321055899	0.005218534012346751	0.005530266284126997	0.0021583129437693924	0.001765616263347869	0.00602088304340792	0.00695244395628093	0.00679604246552898	0.00879659497246953	0.004926542089931121	0.005338816085769101	0.008921819001261135	0.002017499835378413	0.004602818055460964	0.006174400383366464	0.009489677156576299	0.010444366233773816	0.010649741748449685	0.009130529016597128	0.008909656381701315	0.008717039113493578	0.009389516312160607	0.0011654972713696558
BDA_158	243738	0.008757847652355485	0.008834181338004548	0.008688175593525898	0.005265876454206461	0.00862261016331502	0.004635047099529563	0.007680719432681393	0.004949814381846139	0.005502959051417882	0.0046983196424710515	0.004824996709720408	0.006458867144975981	0.005730246885648568	0.005346409764777936	0.004687751962328995	0.00027735828980408493	0.001379052097310044	0.002238631136617392	0.0008301237689775651	0.0004821758825419789	0.0	0.002910365502651536	0.000861646051261024	0.0008865654923237787	0.0012470258342725457	0.0010496197107813237	0.0006760452588714035	0.004651462978495461	0.004631311887549083	0.004654180446162528	0.004635502107477054	0.004739904915299225	0.005148824526164528	0.00462545270088599	0.00800633719839342	0.006216025733271806	0.006721745802397089	0.007930383827973815	0.00522816678821935	0.008889029158554567	0.004884304560783502	0.004688437659187738	0.004870192909242578	0.005636945700399465	0.004623056913719551	0.01052700673327416	0.007928371395666534	0.009251442031502266	0.009278818844456107	0.007723120001210968	0.007987326293616107	0.008024062899558206	0.008379423029663732	0.007779970695744478	0.007557837311744078	0.00787491472506207	0.005563497836288579	0.004734676543947521	0.0049435394052961806	0.006657105307169132	0.006832375715672538	0.0051938644069633895	0.005505596678743636	0.0019798990511816147	0.001753646029183347	0.00599621343802456	0.006927774350897571	0.006771372860145619	0.00877203074056245	0.004901872484547759	0.005215709294136742	0.008897257172015095	0.0019438786377156453	0.0045781484500776026	0.006149730777983104	0.00946510152923287	0.010419764531015549	0.010625140045691418	0.009105880659817605	0.008885008024921794	0.00869246348615015	0.009364940684817177	0.00116239523195318
BDA_177	243756	0.009271864941354426	0.009784245055059964	0.009641215196249383	0.006147958920976568	0.009572673880370437	0.005585613387591899	0.00863078314973681	0.005899999850932654	0.006453181781741138	0.0056487512957608165	0.005775362731418011	0.007408930862031396	0.0066803200985087775	0.006297059453509057	0.005637839299610048	0.002945732170524046	0.003458843326287327	0.001674099875880491	0.0028188226371030213	0.0031280942962442233	0.002910365502651536	0.0	0.0030968991162854034	0.0031396528652287807	0.003235363243843264	0.0034984648009990698	0.0030046674521799627	0.00560207682412216	0.005581914911387067	0.0056046105243822645	0.005586144342959696	0.0056903215378583845	0.006098888243219944	0.005576045880602604	0.008803769747681729	0.007106877542489896	0.007626975939814903	0.008816648620474498	0.006178230505274766	0.00892706041435834	0.005834768305775558	0.005639040157935687	0.0057229246779624925	0.006531352553685603	0.005573305028153773	0.010570028634918235	0.008878435112721949	0.009422012030898264	0.00944923872992215	0.008741336777613863	0.009010137658289619	0.008974126616613622	0.008550109607054705	0.008730034412799893	0.008569915557616783	0.008824978442117484	0.006513561553343994	0.005684800432773673	0.005893784326653172	0.006913249844703685	0.007782439432727953	0.006144007628634188	0.006455660395799052	0.0035241995682336567	0.0037474921259711374	0.006946277155079975	0.007877838067952985	0.007721436577201035	0.008788538884345257	0.005852084924756947	0.0061694123914774026	0.008938362178817744	0.0036194749062271143	0.005529509747976177	0.007099794495038519	0.009635603411672185	0.010590083850231764	0.010795459926406849	0.009136914195293971	0.008891449312180518	0.00886322600767515	0.009453049745853781	0.0033196814598624685
