R306	243459	0.0	0.0035603389962376385	0.0035559467895351334	0.004166400618510549	0.005441505715998752	0.006694474469768862	0.005293521443503278	0.004998746400762619	0.0089249732388671	0.00629137685047219	0.007695784392120329	0.0021492054122820643	0.008251102477514455	0.008263961405806068	0.006560557569448415	0.011839553194309958	0.013322851654303434	0.01111433417773781	0.012627580088403836	0.01205942350728749	0.011856350155367767	0.01285253333995302	0.012676394669178817	0.012758860441146797	0.013256343353145197	0.012822563548635122	0.01249116201629738	0.006688130974681838	0.006532113521877629	0.006741764497066541	0.0064709039406864585	0.006943897194746587	0.00812927531744214	0.0064518442227141605	0.01038993950288753	0.008998777018750698	0.00646308801948691	0.010665823123581159	0.007068451851463874	0.010814592046752619	0.007238602968588775	0.006531007082321186	0.007056358265645647	0.009667789495328653	0.006429138584488028	0.008616914943990996	0.006146496769297234	0.010928811112691603	0.01220761441968586	0.008951094047658736	0.008317312440620964	0.003909487894241017	0.0081112470328647	0.009466709964217127	0.009075297111034854	0.00603004293882061	0.003486948836931075	0.006681821641839839	0.007178041588914581	0.0065369847950751195	0.007317980025099639	0.004060499231544224	0.003557167542273157	0.012812131658690426	0.012940150821957758	0.007020340392887135	0.008346567004970957	0.007834513362543908	0.011262424322188606	0.006460802400191473	0.009343363691917704	0.010961400113978031	0.014204035030982446	0.006530324220582744	0.009065736293092581	0.012265324434733195	0.007437280330930618	0.007510854299495132	0.011983811301193132	0.011906463053160244	0.011241493999252002	0.012423027011858703	0.012998146792287304
DRTO24_SDS_53	244160	0.0035603389962376385	0.0	0.0011539186945378618	0.003574533643058069	0.00360268560642917	0.005844033708143782	0.0028489644828839818	0.004063119815546915	0.007989056037045522	0.005298275543951108	0.006843656240271	0.0024947208484248583	0.007401882196387109	0.007369993927540303	0.005623927971450826	0.010984955910649557	0.012468254370643032	0.011086759575531445	0.011772982804743435	0.011204826223627085	0.011001752871707366	0.012824958737746653	0.011821797385518414	0.011904263157486394	0.012401746069484795	0.011968222136195103	0.01163656473263698	0.00575250380058483	0.005596736998112984	0.0058060617627056985	0.005509715618151217	0.0060079079737603725	0.007278443567856429	0.0055161390061533025	0.009832213156613532	0.00822358606923405	0.005766554275340272	0.010103412173911301	0.006159025052689204	0.010914382776008341	0.006368941108988488	0.0056538537610188525	0.005921382078014862	0.008728572630741694	0.005378983050527137	0.008923070617200322	0.004512013078773019	0.011029211222402757	0.012183590725232953	0.007190165682576062	0.006450653429101184	0.0018788262332406862	0.008208935771807447	0.008083987319105285	0.007347167382095677	0.0047976572811048845	0.002776634677265199	0.005632291907965685	0.006043509514859091	0.004881016213811174	0.004345079864881906	0.0031824985063773187	0.0028499141695297802	0.011957534375030023	0.012085553538297357	0.005982680734052165	0.007449059766349029	0.005390772332951512	0.011375614973579883	0.005631619174312783	0.008487972830784235	0.010935846725052862	0.013349437747322043	0.005673069663162315	0.007931485969205364	0.01223624373333056	0.00797582045670937	0.008030721890085057	0.011954730599790497	0.011882268440178236	0.011212195689257336	0.012395766230310086	0.012143549508626901
R232	243392	0.0035559467895351334	0.0011539186945378618	0.0	0.0030772987305881802	0.003177963951150833	0.005483939463877504	0.002639955249654758	0.0036249467783808333	0.007551357278416878	0.004859384763198267	0.006484687440931454	0.002426134384599219	0.00704184952315534	0.007010976495774316	0.005185098640801642	0.010359065500081612	0.011859862310906105	0.010511902344591633	0.011147092394175492	0.010849801736705692	0.010375862461139421	0.01227988954962406	0.01119590697495047	0.011278372746918449	0.011775855658916852	0.01161319764927371	0.011010674322069034	0.005314432371888236	0.005157699388382433	0.005367692779660421	0.0050711106304062725	0.005570229163968499	0.006919585540852348	0.005076527949209122	0.009473102234797408	0.00786505954855447	0.005509600276425851	0.00974251760231401	0.005800558468096193	0.01056316996217855	0.006009637945659071	0.005294157653080517	0.005494999207259675	0.008301967184926512	0.005031659069441784	0.008504803814767193	0.00408701782726496	0.010677982631522065	0.011830944710362432	0.006762379882078397	0.006023099000504276	0.0016575437814792503	0.0075851639218789384	0.0073854521570577295	0.006919404881993065	0.004372111628653837	0.0023318357570202247	0.00528417687423117	0.005616782960376232	0.004672808155223272	0.004763360520613423	0.0027753021498148705	0.002404250433187112	0.011331643964462079	0.011730529051375962	0.005553210235909878	0.007008171941869308	0.005181879088691891	0.011024402159750087	0.005250611253970268	0.007862503725352452	0.010584633911223072	0.0127235473367541	0.0053217490455733304	0.007502271156273542	0.011885030919500768	0.0077488750980651225	0.007839912182431814	0.011603517785960705	0.01153005440421295	0.010860982875427545	0.01204334593535917	0.011517659098058956
26_OFAV_004	243552	0.004166400618510549	0.003574533643058069	0.0030772987305881802	0.0	0.003472709613368021	0.0035917475919151486	0.003017245856449028	0.0013219085092859954	0.0052253143206924145	0.003041879390516094	0.004219777064854275	0.0027937677854439394	0.004813023642532414	0.004760586248192035	0.002866803921517159	0.0084025372772084	0.009885835737201875	0.008218633794281602	0.009190564171302276	0.008622407590185928	0.008419334238266208	0.009880042360200514	0.009239378752077258	0.009321844524045237	0.009819327436043638	0.009385703604435625	0.00905414609919582	0.003014139887685322	0.0028247997514673413	0.00303407519730125	0.002908754930398399	0.0035866697827231296	0.0047351190044896685	0.00281833984350851	0.00772477355538323	0.005822550574204522	0.004696872128991791	0.00777766928838542	0.0035458850292475483	0.008325891733605638	0.0040669385879984876	0.0031003321225768414	0.0037449486370796843	0.006073948463701052	0.003324710303404622	0.006906454429401011	0.0030749643595351017	0.008164335092766756	0.009318053366899549	0.005752878044093083	0.005119082944634848	0.0026776058093864684	0.005646369137727691	0.006255181252186894	0.005864011156570401	0.0030792964646979212	0.001339131850510507	0.0035796950278207057	0.0038492352648917634	0.00385580142706624	0.004239897737215029	0.0007941359834157352	0.0013225247665699423	0.009640815062585665	0.009503134904856197	0.0041491935252551525	0.005497321364430988	0.004656478542365419	0.008510620136322198	0.0029937355937979873	0.005905090482950466	0.008070685912284978	0.010767019113880887	0.003089554705044257	0.005713413595549782	0.00937121392988827	0.007193090459742729	0.007276791197799781	0.009089569787022612	0.00901696203877831	0.008347303900463838	0.009530573202902234	0.009561130875185744
DRTO24_SDS_156	243998	0.005441505715998752	0.00360268560642917	0.003177963951150833	0.003472709613368021	0.0	0.0057110605443265955	0.0036194794257746444	0.0036953704057938446	0.007548984711106663	0.00502288986691965	0.006691337809421098	0.004265212787029141	0.007274425574670018	0.007226532418527126	0.0051861668001496565	0.0108782427968802	0.012361541256873677	0.01098004646176209	0.01166626969097408	0.01109811310985773	0.01089503975793801	0.012718245623977296	0.011715084271749061	0.011797550043717037	0.012295032955715438	0.011861509022425748	0.011529851618867624	0.0051331066811028695	0.0052725913173847895	0.005336156381912481	0.005135018892087199	0.00539539628275189	0.007142428554421484	0.005239353877290631	0.00970719278660196	0.008105610777506505	0.006183643010105438	0.009961535657078396	0.00602178360175105	0.010807881988705529	0.006225660729121364	0.0054907574760378755	0.005636008538578714	0.00854645619080006	0.005183888362551133	0.009116042501574023	0.0018140202823309817	0.010922792683581244	0.012076980635879114	0.0037531914686948172	0.0029679510398824744	0.003318666242271818	0.00810260143960716	0.004937858513722419	0.003916225623906591	0.002314772326240568	0.0030715457883810186	0.005395534349459499	0.005675669590865291	0.004762826703011808	0.005123414845953611	0.0031881242384135854	0.0031571166487992797	0.011850821261260669	0.011978840424528	0.005298705044546727	0.0068644645198716455	0.005258147347548529	0.011269004884226042	0.005515451133288396	0.008380363987422257	0.010829236635699025	0.01324272463355269	0.0055647291818615345	0.0072268271831290145	0.012129633643976723	0.008960470274789356	0.009044057287103271	0.011848120510436662	0.0117756583508244	0.011105585599903501	0.01228915614095625	0.012036836394857546
R114	243276	0.006694474469768862	0.005844033708143782	0.005483939463877504	0.0035917475919151486	0.0057110605443265955	0.0	0.00445996179903796	0.0023624794816880846	0.004918074955853512	0.0006904795968959409	0.0018436469459903713	0.004955362639941581	0.004177706300277162	0.00436323280165425	0.0008857725843732086	0.005812082244368695	0.007295380704362171	0.005913982799336857	0.006600109138462573	0.006031952557346224	0.005828879205426504	0.007652085071465791	0.006648923719237553	0.006731389491205533	0.007228872403203934	0.006795348469914241	0.006463691066356117	0.0010156332284774207	0.0008575152195720774	0.0010685192871175927	0.000885691097763986	0.001310997075165031	0.0036978704933501917	0.0007788582307551757	0.007434272186902141	0.005397545516730037	0.006435542129654569	0.008175322988732851	0.004106700524464679	0.006575100997478388	0.0016077220460615003	0.0008732880114117234	0.0014303202278687852	0.0040185549704316705	0.0005656882692429626	0.00941537725291248	0.00475577245954849	0.00754499877528305	0.007016887179025004	0.0038409957056627195	0.004759814981297061	0.004933656875933107	0.005829792884409202	0.00393207297438873	0.0035398345828492714	0.004533433955094562	0.003930537577228062	0.0007953364358909544	0.0021336039934315666	0.002543050216920152	0.003072124052543666	0.002850651480712122	0.0035482081321492895	0.006784660708749163	0.006912679872016494	0.00181387080030018	0.003160820853684542	0.0029446551630978586	0.006209260544447075	0.0019162011132933551	0.0033177267740628446	0.0069458165918655805	0.008176564081041181	0.002202055744580701	0.0034423652859236578	0.00706972332868755	0.009702418800850435	0.00978596849498254	0.006788210195147489	0.006715602446903185	0.006045675284614328	0.007229212366768177	0.00697067584234604
R233	243393	0.005293521443503278	0.0028489644828839818	0.002639955249654758	0.003017245856449028	0.0036194794257746444	0.00445996179903796	0.0	0.002678372322912071	0.006544305965618767	0.0037938966610327907	0.005460224861806067	0.004133398879545681	0.006017859455588042	0.006005314864115529	0.004100843626387525	0.009607481435276248	0.011090779895269725	0.009709285100158137	0.010395508329370126	0.009827351748253776	0.009624278396334058	0.011447484262373344	0.010444322910145108	0.010526788682113087	0.011024271594111486	0.010590747660821794	0.01025909025726367	0.004228695136986662	0.004073983736559208	0.004282860435617261	0.0039868516427810745	0.004484482948537696	0.005894914558644802	0.00400378477214722	0.008848765766700288	0.006840388566346923	0.005551903924113833	0.009325755696768918	0.004890127571702296	0.009538837895691597	0.004984931861746695	0.00427014399439944	0.004411134456123419	0.0072773784011578736	0.003981981916354623	0.009086797782327209	0.0031540533820519755	0.009653785053817672	0.010807936542865184	0.005523807685578348	0.00478438266158333	0.0019530119892590177	0.00691128660613264	0.006417713454866195	0.005680621516068523	0.003677092519259885	0.003274439657573904	0.004235152874001285	0.004507304522054352	0.0032641365159076442	0.003196117499672732	0.0025210971819173422	0.003107387106360535	0.010580059899656716	0.010708079062924047	0.004444590214735055	0.005924558091574102	0.0036134759906937476	0.009999960791212112	0.004351966146968764	0.00710968576107746	0.009563222399494278	0.011971963271948735	0.004295857477521357	0.0063936793624413315	0.010860589550962791	0.009065519329507131	0.009156556413873822	0.010579076417422728	0.010506614257810468	0.00983654150688957	0.011020112047942315	0.010766075033253594
26_OFAV_007	243553	0.004998746400762619	0.004063119815546915	0.0036249467783808333	0.0013219085092859954	0.0036953704057938446	0.0023624794816880846	0.002678372322912071	0.0	0.004478507920309785	0.0018054640999214892	0.003016266462665066	0.0033593462365271412	0.0038708763235816386	0.003968566117967186	0.0015644380078041584	0.007204360034236806	0.008687658494230283	0.007306163699118694	0.007992386928330684	0.007424230347214336	0.007221156995294615	0.009044362861333902	0.008041201509105665	0.008123667281073645	0.008621150193072044	0.008187526361464033	0.007855968856224228	0.0016962039378251301	0.0016015943416714613	0.0017437757780712287	0.0015925069846996476	0.0023010345518963693	0.0037119377648859543	0.0015876704036614645	0.007796355865399379	0.005278624378164329	0.005128580677217163	0.007881487274679883	0.002856929153542926	0.007413053062719614	0.002867029854091637	0.001865934077496231	0.002543307741354331	0.0048744834947384965	0.0021098936059600467	0.00776889560793546	0.00290394489067074	0.007251395603754791	0.008405591241579044	0.0044342064340649676	0.0038007175148054542	0.0032243943935374147	0.004705727902103784	0.0049359646578439895	0.004544562274462128	0.002831157077166728	0.0019118204510993639	0.002365617556142457	0.0025922409591484065	0.002888826701975891	0.003419836131644728	0.0010202492900411738	0.0019005967833364006	0.00844263781961407	0.008304957661884604	0.0028359160810802284	0.004184075669464778	0.0033434967377188175	0.007597781465436175	0.0018239767457417662	0.004706589664465786	0.007157847241398953	0.009568841870909292	0.0018899349596074623	0.004438897048645588	0.008458244249676651	0.00805540062895158	0.008138963352359842	0.00817673111613659	0.008104268956524326	0.007434196205603429	0.008617995942345694	0.00836295363221415
37_OFAV_001	243564	0.0089249732388671	0.007989056037045522	0.007551357278416878	0.0052253143206924145	0.007548984711106663	0.004918074955853512	0.006544305965618767	0.004478507920309785	0.0	0.004600671402406005	0.0034682619770762145	0.007071373976965509	0.0013504045981553203	0.0007857076601289548	0.004308129265264863	0.009952899610688487	0.011436198070681964	0.010054703275570377	0.010740926504782365	0.010172769923666017	0.009969696571746296	0.011792902437785583	0.010789741085557344	0.010872206857525324	0.011369689769523727	0.010936065937915716	0.010604508432675911	0.0044194001397947595	0.004362875467059013	0.004437017574615185	0.004378336181166689	0.0049821766027823705	0.0014663305131125616	0.004379139377995897	0.003886612026245747	0.0022717818002201324	0.004797630990222208	0.003939755496553132	0.0019108868716730038	0.010573846430672783	0.003375047369129804	0.004661067384654089	0.005290853643720688	0.007621369131603716	0.004880928086268279	0.011660417863534127	0.006596889550305723	0.010839815438289355	0.011152674698576734	0.007160271735133297	0.007532503256646362	0.007150804893573459	0.00903291708500818	0.007662327696942744	0.0072711484799091175	0.00637248403644275	0.005816136771741151	0.005134933532563316	0.003301956197265441	0.005540865571572944	0.005888810153238258	0.004913643072721543	0.005793370187402442	0.011191177396065753	0.011053497238336287	0.005549248740784472	0.006896989821077206	0.006056649601360816	0.010344864922433868	0.005392225386019436	0.00745473251502226	0.010611347785320108	0.012317381447360973	0.0051072222028001515	0.007190102617682765	0.011205327706674342	0.011947175642432343	0.012030738365840603	0.01092381457313428	0.01085135241352202	0.01018127966260112	0.011365125767639756	0.011111493208665831
37_OFAV_002	243565	0.00629137685047219	0.005298275543951108	0.004859384763198267	0.003041879390516094	0.00502288986691965	0.0006904795968959409	0.0037938966610327907	0.0018054640999214892	0.004600671402406005	0.0	0.002260972288498492	0.005052198239135115	0.0038794192905645362	0.003977369077820972	0.00032997047974392304	0.005859209930282714	0.00734250839027619	0.005961119172165257	0.006647236824376592	0.006079080243260242	0.0058760068913405235	0.00769921275737981	0.006696051405151573	0.006778517177119551	0.007276000089117953	0.006842376257509942	0.006510818752270137	0.0004623684843835914	0.0003001083759627888	0.0005100327488153809	0.0003109899428628588	0.0007258193902470742	0.0036820754227008855	0.00022595611107681835	0.007347545166900621	0.004879865912398392	0.006376428484799983	0.007890571063777711	0.0037119274326106707	0.0066198695871863555	0.0017748490411837803	0.00047983001120198795	0.000792953145772271	0.003533186317811409	0.00035650850275434305	0.009459700151676968	0.004066737137977261	0.007589767364991019	0.0070618389102979125	0.0031541441371333067	0.004073132586848146	0.004459249864877141	0.005875028755568062	0.003244748963530117	0.002852784720015305	0.003845282435153643	0.0036028964812943893	0.0006120546926870078	0.001487792377653301	0.0018764189370697568	0.0024070752598255346	0.0024409333522524726	0.0035929463313462457	0.0068317883946631824	0.006959807557930513	0.001147273459132931	0.0024955388915167778	0.0022787990391721076	0.006254029134155043	0.0022495655750201624	0.0033629129946792006	0.00699058518157355	0.008223691766955202	0.0019606984121136343	0.002784665117535658	0.007114491918395518	0.009746741699614923	0.009830291393747026	0.006832978784855457	0.006760516625243196	0.006090443874322296	0.007274176560711764	0.0070178035282600585
38_OFAV_004	243574	0.007695784392120329	0.006843656240271	0.006484687440931454	0.004219777064854275	0.006691337809421098	0.0018436469459903713	0.005460224861806067	0.003016266462665066	0.0034682619770762145	0.002260972288498492	0.0	0.005718889346251746	0.0027582794924024983	0.0029260293127651065	0.0021129264202715816	0.0072097929913753364	0.008447837491909353	0.007066342696797766	0.0077525659260097544	0.0071844093448934065	0.006981335992973686	0.008804541859012974	0.007801380506784736	0.00806495689496893	0.008381329190751114	0.008186267568812775	0.0076161478539033	0.0022642250277410967	0.00201218221646581	0.0019470892542416964	0.002160081644790772	0.002815002249059291	0.002519244485714286	0.0020486417937174866	0.006604093469443171	0.00417695037453255	0.005489816660288071	0.006396505877587671	0.002633071669042034	0.007586769027816748	0.0004968428004101642	0.0021404183036948547	0.002949789477028314	0.004918358446599881	0.002218997270402941	0.009975093902834476	0.005736711644456457	0.008105610294951623	0.008165364283134406	0.005118172382767706	0.005742901928112073	0.005934492425050019	0.00702503158171156	0.00550296106727005	0.005111399628539065	0.0055157388234907175	0.004221152229275497	0.0024747784293317325	0.001040729392437567	0.0038364270953401333	0.004367492621654134	0.0037132947734413425	0.004403461958199914	0.008202816817293143	0.008065136659563675	0.0034022260039583765	0.004750483054938967	0.004239379617493901	0.007593260723899559	0.0021669202795513666	0.004468094356742697	0.0076242703824640715	0.009329020868588365	0.002510936967684239	0.004627934328737071	0.008218250303818307	0.010262088443797519	0.010345641496038817	0.007936737170278246	0.007864129422033942	0.007194202259745084	0.008579487073499826	0.008123132629893223
39_OFAV_001a	243580	0.0021492054122820643	0.0024947208484248583	0.002426134384599219	0.0027937677854439394	0.004265212787029141	0.004955362639941581	0.004133398879545681	0.0033593462365271412	0.007071373976965509	0.005052198239135115	0.005718889346251746	0.0	0.006568942044315352	0.006604971057217519	0.0049055774784605875	0.009967048534395633	0.01145034699438911	0.010068928217899098	0.01075507542848951	0.010186918847373161	0.00998384549545344	0.011807051361492729	0.01080389000926449	0.010886355781232468	0.01138383869323087	0.010950250468116901	0.010618657356383055	0.005051809029594369	0.004874112401474628	0.005083164840494337	0.004942298108475917	0.005628857516237714	0.006294423014283954	0.004837910286315349	0.009395857729989746	0.007976814378744927	0.005144937107145025	0.009243000903962921	0.005408706390042236	0.01017300993631637	0.005704469470959879	0.004932017520858954	0.005748099749781312	0.008028861507401557	0.004891500729226774	0.007838164375829317	0.005109862876099291	0.01001131034272991	0.0111655481151758	0.007789733848062473	0.007156112480706821	0.002690203534195215	0.007482332272082276	0.008292651647459962	0.007901486556847474	0.005006340965419613	0.0018043362321672949	0.005145992307364495	0.00587687330888613	0.006158761193497438	0.0062575784082961146	0.0026744099731411987	0.0016649724318988919	0.011205326319772897	0.011067646162043431	0.006174138846570689	0.007515483710497348	0.006674620092716151	0.010357738339032932	0.004577840688694218	0.007471599845066252	0.009917804114995711	0.012331530371068117	0.00479760800340122	0.007760886161037885	0.011218201123273406	0.006459682517610881	0.006529528880576178	0.010936687989733344	0.010864225830121085	0.010194153079200184	0.011377979517346521	0.011125642132372977
4_OFAV_007	243588	0.008251102477514455	0.007401882196387109	0.00704184952315534	0.004813023642532414	0.007274425574670018	0.004177706300277162	0.006017859455588042	0.0038708763235816386	0.0013504045981553203	0.0038794192905645362	0.0027582794924024983	0.006568942044315352	0.0	0.0005690338453766971	0.0037336482473999417	0.00899890847685252	0.010482206936845994	0.00910071214173441	0.009786935370946397	0.009218778789830049	0.009015705437910328	0.010838911303949615	0.009835749951721377	0.009918215723689356	0.010415698635687757	0.009982074804079748	0.009650517298839943	0.003879403277628742	0.0037046455133938234	0.00391504433308862	0.0037687115627944062	0.004462032156018222	0.0005047934813363499	0.003663191391559438	0.0039433823976889985	0.001525713646348651	0.0037361515858586867	0.004027195371104941	0.001300680590654895	0.009624440280657665	0.00271376236234749	0.0037581112563306943	0.004581188519071234	0.006859550099179965	0.003923397612852909	0.0109756076701648	0.006318288245196157	0.009890409288274237	0.010203035535975324	0.006617877075480385	0.006990195529735375	0.0064915441946243775	0.008063765400360289	0.007119914647097678	0.006728142603082466	0.00609606759146317	0.0051523689397672935	0.0041760960082985596	0.002645218909852498	0.004989165635009583	0.005442493473458767	0.004343106039901779	0.005111971122078437	0.010237186262229785	0.010099506104500318	0.005001406923127153	0.00634322046649562	0.0055036198814053024	0.009395458772418748	0.004686659954749572	0.00650251976057807	0.009661941635304988	0.011363390313525006	0.004161730348306978	0.006594363736689352	0.010255921556659223	0.011262365449063016	0.011345928172471277	0.00997440842311916	0.009901800674874858	0.009231873512586	0.010415410594739851	0.00980678038840072
43_OFAV_011	243594	0.008263961405806068	0.007369993927540303	0.007010976495774316	0.004760586248192035	0.007226532418527126	0.00436323280165425	0.006005314864115529	0.003968566117967186	0.0007857076601289548	0.003977369077820972	0.0029260293127651065	0.006604971057217519	0.0005690338453766971	0.0	0.003831400376649025	0.009185437835297228	0.010668736295290705	0.009287241500179119	0.009973464729391108	0.00940530814827476	0.00920223479635504	0.011025440662394326	0.010022279310166088	0.010104745082134067	0.010602227994132466	0.0101686082871533	0.009837046657284652	0.003977194627741097	0.0037991925198599336	0.004008389616726691	0.0038679126462863324	0.004557478721143294	0.0006852196891356541	0.003763523899739896	0.0038481363505840915	0.0015460337708883597	0.004151240339823286	0.003913631220122338	0.0012537091267266483	0.00980846923882115	0.0028339574805222095	0.003875534736931979	0.004680133719053624	0.006971461458688209	0.004095857549291149	0.011013308053754845	0.006270382399378427	0.010074438246437722	0.0103872975067251	0.006718170363876891	0.007090575823107573	0.0064904890589235695	0.00825319115048738	0.00722018792722955	0.006828674216567344	0.006049357020509525	0.005166339681746099	0.0043515565546018405	0.0027489824194856655	0.005103699529518476	0.00548540355777518	0.004298839867318329	0.005146016882776177	0.010423715620674495	0.010286035462945028	0.005111390050817121	0.00645963374010154	0.0056188421766143765	0.009579487730582231	0.004856890473113025	0.0066887849416766695	0.009845970593468473	0.011549919671969716	0.004344649369735561	0.006690375283475708	0.010439950514822709	0.01130006583265306	0.011383628556061322	0.010158437381282645	0.010085975221670384	0.009415902470749485	0.010599729050228848	0.010344031433274574
ABE_OFAV_003	243608	0.006560557569448415	0.005623927971450826	0.005185098640801642	0.002866803921517159	0.0051861668001496565	0.0008857725843732086	0.004100843626387525	0.0015644380078041584	0.004308129265264863	0.00032997047974392304	0.0021129264202715816	0.0049055774784605875	0.0037336482473999417	0.003831400376649025	0.0	0.005710982236214494	0.00719428069620797	0.005812785901096382	0.006499009130308372	0.005930852549192022	0.005727779197272303	0.00755098506331159	0.006547823711083352	0.006630289483051331	0.007127772395049732	0.00669424846176004	0.006362591058201916	0.00018958418464444605	0.00010380873511053311	0.00020833989336510646	0.00011888143873161937	0.0007782410034310294	0.0035894027050814626	0.00011129349748412716	0.007674148000936311	0.005142661495433303	0.006637325316259745	0.007742373805861149	0.0035659348381923456	0.006749032102974755	0.0019461780755330826	0.0003780494748558074	0.0010548266399996807	0.0033839516524307553	0.0006197744242703135	0.00931210577823021	0.004219765732471922	0.007442369412465262	0.006914216207226992	0.003307719366029988	0.004244204205248906	0.004785132254742667	0.006014293563840246	0.003391158725879192	0.0030138275955902192	0.0040073506596548965	0.003449558876012804	0.0008742969518878951	0.0016895965082136175	0.0020558925082587204	0.0025858648887459646	0.0025668132591984	0.0034447052179850403	0.00694926002159176	0.006811579863862292	0.0013268492329650806	0.0026751094700303317	0.002458096697206084	0.006106631181629286	0.0021023668657872627	0.00321408828224547	0.006843187229047791	0.008075464072886982	0.0018133321108032413	0.00293502648883343	0.0069670939658697615	0.009599080854461376	0.00968263054859348	0.006685580832329699	0.006612973084085395	0.005943045921796539	0.0071265830039503875	0.006869575834191838
BDA_043	243641	0.011839553194309958	0.010984955910649557	0.010359065500081612	0.0084025372772084	0.0108782427968802	0.005812082244368695	0.009607481435276248	0.007204360034236806	0.009952899610688487	0.005859209930282714	0.0072097929913753364	0.009967048534395633	0.00899890847685252	0.009185437835297228	0.005710982236214494	0.0	0.0035056791244642118	0.004071052334231761	0.002669247237244664	0.0018647773881362239	0.0007853234937170378	0.0056299380097397395	0.0023794110709440966	0.0027542121006106104	0.0034215687408787505	0.0035824661251451454	0.0024491944587050323	0.005860514176203592	0.005609190954940111	0.005791521794476577	0.005748657946847684	0.006404818766543592	0.008559351252864257	0.005641307422832243	0.012488810706375898	0.010411663340806558	0.011352808763631941	0.012892301189346995	0.008887370350942638	0.010728461485275651	0.007219999859456892	0.005735801113199192	0.006535843077631408	0.008692515442578165	0.0056964650899775805	0.013293899333465111	0.009922837797609125	0.011422006451235889	0.010891088378132078	0.008777792416644352	0.009683969097626114	0.010078066057686186	0.009786948020210047	0.0088055021845787	0.008459291053193593	0.009700113955165169	0.008653380188921929	0.005926428909326842	0.007267833782583884	0.007696368614981062	0.008213012831536266	0.007883268516322981	0.00830503002512715	0.0037124920792765566	0.004054129048187124	0.006970790151913222	0.008302240156671225	0.008091013859397712	0.010086206097292532	0.0072823801820133295	0.007509211422775164	0.010822608017371699	0.0040270092185329355	0.006864550028253726	0.008460898060671466	0.010946478821418871	0.013581021218877509	0.013664568962055994	0.010665816068748621	0.010591389527138137	0.009922430777345649	0.011104353014174175	0.0035733610030091825
BDA_109	243699	0.013322851654303434	0.012468254370643032	0.011859862310906105	0.009885835737201875	0.012361541256873677	0.007295380704362171	0.011090779895269725	0.008687658494230283	0.011436198070681964	0.00734250839027619	0.008447837491909353	0.01145034699438911	0.010482206936845994	0.010668736295290705	0.00719428069620797	0.0035056791244642118	0.0	0.005415369744172738	0.003274340654247696	0.003240942688971532	0.003061243540924307	0.006413501887834451	0.003910595919661912	0.004104910167568045	0.0021932711548685	0.0051517411942188784	0.0028001462350747833	0.007343812636197068	0.007092489414933588	0.007029566295010593	0.007231956406841159	0.007888117226537069	0.010042649712857732	0.00712460588282572	0.013972109166369375	0.011894961800800035	0.012836107223625416	0.01413034568988101	0.010370668810936116	0.011965476163868193	0.008703298319450369	0.007219099573192668	0.008019141537624884	0.00993055994311218	0.007179763549971057	0.014531115103643279	0.011406136257602601	0.012659237825135724	0.01212806023640392	0.010487757231321575	0.011406281829946381	0.01156136451767966	0.011323648168641696	0.010326194730148326	0.010185336926817973	0.011183412415158646	0.009891424689455945	0.007409727369320317	0.00875113224257736	0.009179667074974538	0.00969631129152974	0.009366566976316458	0.009788328485120627	0.005416234268273124	0.005679592719856361	0.008454088611906697	0.009785538616664702	0.009574312319391189	0.011558480433835684	0.008520424682547347	0.008801470738381533	0.012059679476434475	0.004740226232529276	0.008102594528787744	0.009698942561205482	0.012183435075969046	0.014818236989055676	0.01490178473223416	0.0119034961631839	0.011829069621573415	0.011159387031895824	0.012542794829264889	0.002500603298995912
BDA_130	243717	0.01111433417773781	0.011086759575531445	0.010511902344591633	0.008218633794281602	0.01098004646176209	0.005913982799336857	0.009709285100158137	0.007306163699118694	0.010054703275570377	0.005961119172165257	0.007066342696797766	0.010068928217899098	0.00910071214173441	0.009287241500179119	0.005812785901096382	0.004071052334231761	0.005415369744172738	0.0	0.004708503217493365	0.004506646557186219	0.0038790139320081943	0.0031938378237666046	0.004782212649451495	0.005737004375457453	0.005263643037551306	0.006075411941993645	0.00505862608485304	0.005962317841085481	0.005711096183478651	0.005648086852469144	0.005850515744957095	0.006506622431425481	0.008661362910808316	0.005743205985422325	0.01214659822403125	0.01023852402129781	0.011250206620485356	0.012462543893168625	0.008989174015824528	0.008943417723510951	0.007321803524338781	0.005837730960442928	0.006211017177576224	0.008549065148000594	0.0057985793974391275	0.011581303898298829	0.010024641462491012	0.010035007429000379	0.009504183598379307	0.009106262436209989	0.010024787034834795	0.010179869722568072	0.008732812533527132	0.0089782604079323	0.008803934809423892	0.009801917620047057	0.008509929894344357	0.006028274198567584	0.007369637447465772	0.0070093536557326	0.008314816496418154	0.00798507218120487	0.008407304320849341	0.005702152533800186	0.006010484543360355	0.007072593816795109	0.008404043821553114	0.0081928175242796	0.008501885743968315	0.007138929887435757	0.007454469172354969	0.009025253720419405	0.006327178151128074	0.006721099733676156	0.008317447766093895	0.009559731982404878	0.012192980361004557	0.012276690312346305	0.008808455476145106	0.0087357397470991	0.00853594798674491	0.009627748716241261	0.0057101710304914705
BDA_139	243725	0.012627580088403836	0.011772982804743435	0.011147092394175492	0.009190564171302276	0.01166626969097408	0.006600109138462573	0.010395508329370126	0.007992386928330684	0.010740926504782365	0.006647236824376592	0.0077525659260097544	0.01075507542848951	0.009786935370946397	0.009973464729391108	0.006499009130308372	0.002669247237244664	0.003274340654247696	0.004708503217493365	0.0	0.002682920317481044	0.002422995422510361	0.005582855549252103	0.0028298089519121048	0.0029384416036510974	0.003371190802474687	0.0047123656793714285	0.0022448982875281093	0.00664854107029747	0.006397217849033989	0.006334294729110995	0.006536684840941561	0.007192845660637471	0.009347378146958135	0.006429334316926122	0.013276837600469778	0.011199690234900434	0.01214083565772582	0.013435074123981415	0.009675397245036518	0.011271209811431461	0.00800802675355077	0.0065238280072930695	0.0073238699717252855	0.009235288377212584	0.006484491984071459	0.013836642637535382	0.010710864691703001	0.01196476073117984	0.01143383670428789	0.009792485665421976	0.010711010264046784	0.010866092951780064	0.01051778690310583	0.009593529078672577	0.009490065360918374	0.010488140849259048	0.009196153123556346	0.006714455803420719	0.00805586067667776	0.00848439550907494	0.009001039725630143	0.00867129541041686	0.009093056919221028	0.004311833770361062	0.004748151399856734	0.0077588170460070995	0.009090267050765103	0.00887904075349159	0.010864256901719651	0.007825153116647748	0.00789919976272012	0.011365356343527509	0.003776552089724648	0.007407322962888145	0.009003670995305885	0.011489216171701002	0.01412376452294778	0.014207312266126263	0.011208570025311294	0.011134143483700811	0.01046516812762778	0.011848575924996843	0.003503642042524177
BDA_144	243728	0.01205942350728749	0.011204826223627085	0.010849801736705692	0.008622407590185928	0.01109811310985773	0.006031952557346224	0.009827351748253776	0.007424230347214336	0.010172769923666017	0.006079080243260242	0.0071844093448934065	0.010186918847373161	0.009218778789830049	0.00940530814827476	0.005930852549192022	0.0018647773881362239	0.003240942688971532	0.004506646557186219	0.002682920317481044	0.0	0.0013835703314527682	0.005988715456349485	0.0030793050724708727	0.00321640960132115	0.003198605304252508	0.0036654820564753043	0.0021057185344470985	0.006080384489181121	0.00582906126791764	0.0057661381479946466	0.005968528259825212	0.006624689079521121	0.008779221565841785	0.005861177735809773	0.012708681019353428	0.010631533653784086	0.011572679076609471	0.012866917542865064	0.009107240663920168	0.010703914487655508	0.007439870172434423	0.005955671426176721	0.006755713390608937	0.008667131796096232	0.00591633540295511	0.013269155888368564	0.010142708110586655	0.011397257034354048	0.010866541380511937	0.00899766272962188	0.009908553129943345	0.010297936370663716	0.010315034950675555	0.009316327906243177	0.008687608226814934	0.009919984268142699	0.008627996542439998	0.00614629922230437	0.0074877040955614125	0.007916238927958591	0.008432883144513795	0.008103138829300511	0.00852490033810468	0.004144051202547926	0.0037376860791053738	0.007190660464890751	0.008522110469648753	0.008310884172375242	0.0102969615779437	0.007256996535531399	0.007791410164181121	0.010798061019751556	0.004083277620223443	0.006839166381771797	0.008435514414189535	0.010921937795584025	0.013556277773780961	0.013639825516959447	0.010640710455970535	0.010566356694366057	0.009897889751510803	0.011281297548879868	0.0034068924669057813
BDA_158	243738	0.011856350155367767	0.011001752871707366	0.010375862461139421	0.008419334238266208	0.01089503975793801	0.005828879205426504	0.009624278396334058	0.007221156995294615	0.009969696571746296	0.0058760068913405235	0.006981335992973686	0.00998384549545344	0.009015705437910328	0.00920223479635504	0.005727779197272303	0.0007853234937170378	0.003061243540924307	0.0038790139320081943	0.002422995422510361	0.0013835703314527682	0.0	0.005401013649051576	0.002170792657786229	0.0028356590494179584	0.002977026287126941	0.0035069506624964175	0.002082629737574677	0.0058773111372614015	0.005625987915997921	0.005563064796074927	0.005765454907905493	0.006421615727601401	0.008576148213922066	0.005658104383890052	0.012505607667433707	0.010428460301864367	0.01136960572468975	0.012663844190945343	0.008904167312000449	0.010500061068150743	0.0072367968205147015	0.005752598074257001	0.006552640038689217	0.008464058444176515	0.00571326205103539	0.013065473414950313	0.009939634758666934	0.011193592344807397	0.010662687961007174	0.008794589377702161	0.009700766058683922	0.010094863018743995	0.009815295623418735	0.008822299145636509	0.008476088014251402	0.009716910916222978	0.008424923190520277	0.0059432258703846505	0.007284630743641694	0.007713165576038872	0.008229809792594075	0.007900065477380789	0.008321826986184958	0.0035347066958166537	0.0038032530709934754	0.00698758711297103	0.008319037117729033	0.008107810820455521	0.010093108158438936	0.007053923183611679	0.007292262174551234	0.010594207600246795	0.003770375781247008	0.006636093029852077	0.008232441062269814	0.01071806659220766	0.013352595300362712	0.013436143043541196	0.010437365657390106	0.010362939115779624	0.00969401854813444	0.011077426345503504	0.003102111225610488
BDA_177	243756	0.01285253333995302	0.012824958737746653	0.01227988954962406	0.009880042360200514	0.012718245623977296	0.007652085071465791	0.011447484262373344	0.009044362861333902	0.011792902437785583	0.00769921275737981	0.008804541859012974	0.011807051361492729	0.010838911303949615	0.011025440662394326	0.00755098506331159	0.0056299380097397395	0.006413501887834451	0.0031938378237666046	0.005582855549252103	0.005988715456349485	0.005401013649051576	0.0	0.005712924751860594	0.006402941544304304	0.006220165600907655	0.007283492078008009	0.005953988128119453	0.007700517003300688	0.007449193782037207	0.0073862706621142145	0.00758866077394478	0.008244821593640688	0.010399354079961353	0.007481310249929341	0.013883740083603073	0.011976723183513019	0.012987702572514467	0.014200743055383835	0.010727373178039736	0.010593309641632572	0.009060002686553988	0.007575803940296288	0.008120963775319096	0.010118042466552138	0.007536467917074677	0.013232069557205028	0.011762840624706221	0.011684953727822883	0.01115380981772299	0.010844461598425196	0.011762986197050003	0.011918068884783282	0.0104126964849648	0.010746270391894276	0.010542041293921594	0.011540116782262265	0.010248129056559564	0.007766431736423938	0.00910783660968098	0.008747956924369403	0.010053015658633362	0.009723271343420076	0.010145032852224248	0.006526299868778689	0.007156300006182163	0.008810792979010319	0.010142242983768321	0.009931016686494808	0.010151842594086552	0.008877129049650967	0.009221497977099487	0.010675227169248722	0.0067750218155596485	0.008459298895891365	0.010055646928309103	0.011209423176363816	0.013843807830924454	0.01392742765758152	0.010458549658607874	0.0103856849926993	0.010185924655814117	0.011277646462192191	0.00658598005109592
