CR-4	201396	0	1.0	1.0	1.0	0.1441644324350657	0.08649794104381399	1.0	1.0	0.6116494330845156	0.5405389266626939	1.0	0.3120962451319442	0.07636951416290638	0.39604101717365536	1.0	0.07344282311852941	1.0	1.0	1.0	0.5832165004431215	1.0	0.11322682078112344	1.0	1.0	1.0	1.0	1.0	1.0	1.0	1.0	1.0	1.0	1.0	1.0	1.0	1.0	1.0	1.0	1.0	1.0	1.0	1.0	1.0	1.0	0.5772111388753965	1.0	1.0	1.0	1.0	1.0	1.0	1.0	1.0	1.0	1.0	0.5677966754838505	0.531673995011714	1.0	0.9498099354105936	1.0	0.7042278452134759	1.0	0.969615171955253	1.0	0.746725233394342	1.0	0.506644689839198	0.61110007013106	1.0	1.0	0.8941835374348052	1.0	0.5491900789771031	0.6379259257614358	0.5804806650761904	0.5484617001592341	0.615291832412725	1.0	0.36763085909218074	0.556087992725884	1.0	0.5923660557749864	1.0	0.5804993166183293	0.550887758708674	0.5816709043784772	0.5354711703541984	0.9545995593838121	0.5724185767809479	0.651343096483335	0.723783196215078	0.5289705702541467	1.0	1.0	1.0	1.0	1.0	1.0	1.0	1.0
CR-5-A	201397	1.0	0	0.3029258165622823	0.18627800036707998	1.0	1.0	0.28022449078575096	0.35564791377805316	1.0	1.0	0.5620352995724385	1.0	1.0	1.0	0.2183505323521685	1.0	0.21267327658626634	0.2999844669211472	0.3125762465921375	1.0	0.2491110433769594	1.0	0.28171403974914444	0.37523565277520804	0.36952888475495765	0.2817140397491444	0.36144862081564433	0.2817140397491445	1.0	0.28451713315473864	0.4538988245563738	0.3771067256458791	0.38205963535604454	0.31685901492621293	0.28171403974914444	0.28270078853528585	0.44526487702004924	0.4209509799140393	1.0	0.28171403974914444	0.29729228077780584	0.48312639099710186	0.29027904993060544	0.4112936744330229	1.0	0.2586344644651149	0.7124730594618115	0.377521137029992	0.31442187415569983	0.7124730594618116	0.27669884148847834	1.0	0.38943752637775986	0.3357144812679726	0.39006486860227224	1.0	1.0	0.2975443633024787	0.3802068819916104	0.44526487702004913	1.0	0.25400576584819523	0.48589952284904264	0.39324413923596	1.0	0.37026042838462286	1.0	0.9652173136058947	0.3773238700877233	0.44526487702004913	0.49516062672742356	0.2817140397491445	1.0	1.0	1.0	1.0	1.0	0.3250990280804106	1.0	1.0	0.43170428145801953	1.0	0.27008033459871	1.0	1.0	1.0	1.0	0.3643698367754275	1.0	1.0	0.44526487702004913	1.0	0.22856666987658486	0.28171403974914444	0.3566250049494808	0.38825490771059984	0.3694210037683888	0.36961060442988636	0.31128584916320556	0.46203117287496015
Tr-34	201403	1.0	0.3029258165622823	0	0.28869856979379926	1.0	1.0	0.30828098174467694	0.47950465494501104	1.0	1.0	0.5351401861811234	1.0	1.0	1.0	0.30312773587597525	1.0	0.2654463868927562	0.397184073742222	0.36317222072633604	1.0	0.31954853785866055	1.0	0.397184073742222	0.32639813408199336	0.3750397651780566	0.39718407374222187	0.3927559556042163	0.3971840737422218	1.0	0.2561019664444294	0.4380017547389339	0.3579042826752666	0.229970884377524	0.11755428090226724	0.3971840737422218	0.3971840737422218	0.5297617862165159	0.42771601507673285	1.0	0.3971840737422218	0.23562102133096952	0.47380537765301567	0.12392563608971494	0.4898613832651943	1.0	0.35072917599289316	0.7398875415791156	0.4117006543099895	0.4163055003765786	0.7398875415791156	0.2739878742557887	1.0	0.4375292783042757	0.17330726999117363	0.26833147350617403	1.0	1.0	0.4413108260694206	0.44965749478770267	0.5297617862165159	1.0	0.34627042637866023	0.4829356213473051	0.4777410484324269	1.0	0.4626154457830613	1.0	0.9652173136058947	0.4626154457830612	0.5297617862165159	0.5297617862165159	0.3971840737422218	1.0	1.0	1.0	1.0	1.0	0.39718407374222175	1.0	1.0	0.30902346136985503	1.0	0.3061428790356105	1.0	1.0	1.0	1.0	0.4146352835985253	1.0	1.0	0.5297617862165158	1.0	0.3540624966729125	0.40277211352756764	0.46900962406232155	0.47275181690706647	0.46261544578306135	0.4626154457830613	0.40395361448611167	0.5297617862165158
CR-1	201405	1.0	0.18627800036707998	0.28869856979379926	0	1.0	1.0	0.24831783819270373	0.3327393342502956	1.0	1.0	0.5312215680697585	1.0	1.0	1.0	0.2133985074641006	1.0	0.20548146049915694	0.3154608796247847	0.24930233944694577	1.0	0.1783698291561093	1.0	0.2562083765700624	0.39440934344278905	0.3330000399405145	0.25743476215444094	0.3119671337050803	0.2562083765700624	1.0	0.21163617367977386	0.4547498600122386	0.37465238794857125	0.3374901618600949	0.30933753522504615	0.2562083765700624	0.25620837657006235	0.4094528124290259	0.4113940948755786	1.0	0.2632243714360488	0.2996121290752624	0.49055348292632034	0.28664258120563046	0.40945281242902587	1.0	0.2440021232537938	0.6575514227194699	0.3461126407236484	0.23017275904812973	0.6575514227194696	0.13391418858813112	1.0	0.40374741623670696	0.3136232923657043	0.3369720260479726	1.0	1.0	0.2835870236239565	0.41816573323878403	0.4094528124290258	1.0	0.21885867124049047	0.4743511993484829	0.35743207464493676	1.0	0.3352036906448915	1.0	0.9652173136058947	0.34151180549669996	0.4094528124290258	0.4286906664845218	0.25620837657006235	1.0	1.0	1.0	1.0	1.0	0.30112450758958953	1.0	1.0	0.44327627453983315	1.0	0.11634434596660688	1.0	1.0	1.0	1.0	0.3316066512064516	1.0	1.0	0.4094528124290258	1.0	0.24588466876308215	0.2562083765700624	0.30930319887126123	0.35244284311957663	0.3352036906448915	0.33520369064489147	0.27654185934794195	0.4094528124290258
CR-7	201411	0.1441644324350657	1.0	1.0	1.0	0	0.07455192755433557	1.0	1.0	0.6364605481241036	0.5653500417022822	1.0	0.2197157956040824	0.0810542501174267	0.42085213221324347	1.0	0.08624538295611779	1.0	1.0	1.0	0.6080276154827096	1.0	0.0780082090877366	1.0	1.0	1.0	1.0	1.0	1.0	1.0	1.0	1.0	1.0	1.0	1.0	1.0	1.0	1.0	1.0	1.0	1.0	1.0	1.0	1.0	1.0	0.6020222539149847	1.0	1.0	1.0	1.0	1.0	1.0	1.0	1.0	1.0	1.0	0.5926077905234386	0.5564851100513022	1.0	0.9498099354105934	1.0	0.729038960253064	1.0	0.969615171955253	1.0	0.77153634843393	1.0	0.5314558048787863	0.6302759354542264	1.0	1.0	0.8941835374348052	1.0	0.5740011940166913	0.662737040801024	0.6052917801157784	0.5732728151988223	0.6234405138588929	1.0	0.31355063678306627	0.5560879927258842	1.0	0.6171771708145745	1.0	0.6053104316579174	0.5756988737482622	0.6064820194180652	0.5602822853937865	0.9545995593838121	0.5972296918205359	0.6613990147023519	0.7485943112546662	0.553781685293735	1.0	1.0	1.0	1.0	1.0	1.0	1.0	1.0
CR-28	201421	0.08649794104381399	1.0	1.0	1.0	0.07455192755433557	0	1.0	1.0	0.6190369608300808	0.5479264544082593	1.0	0.25776219294412955	0.022999844470637364	0.40342854491922064	1.0	0.07640779216746378	1.0	1.0	1.0	0.5906040281886868	1.0	0.1102839593967411	1.0	1.0	1.0	1.0	1.0	1.0	1.0	1.0	1.0	1.0	1.0	1.0	1.0	1.0	1.0	1.0	1.0	1.0	1.0	1.0	1.0	1.0	0.5845986666209619	1.0	1.0	1.0	1.0	1.0	1.0	1.0	1.0	1.0	1.0	0.5751842032294157	0.5390615227572793	1.0	0.9498099354105936	1.0	0.7116153729590411	1.0	0.969615171955253	1.0	0.7541127611399072	1.0	0.5140322175847634	0.6128523481602035	1.0	1.0	0.8941835374348053	1.0	0.5565776067226686	0.645313453507001	0.5878681928217556	0.5558492279047994	0.615291832412725	1.0	0.3103445958552299	0.5560879927258842	1.0	0.5997535835205516	1.0	0.5878868443638946	0.5582752864542392	0.5890584321240424	0.5428586980997637	0.9545995593838119	0.5798061045265133	0.651343096483335	0.7311707239606434	0.536358097999712	1.0	1.0	1.0	1.0	1.0	1.0	1.0	1.0
CR-22	201426	1.0	0.28022449078575096	0.30828098174467694	0.24831783819270373	1.0	1.0	0	0.37647918030460653	1.0	1.0	0.6570080581029863	1.0	1.0	1.0	0.07045941417909127	1.0	0.17801202010773498	0.4797858132751936	0.4074036614402287	1.0	0.3225994093245112	1.0	0.47145618928830724	0.4049521245879589	0.35425112692113236	0.47145618928830707	0.34258655465398885	0.47145618928830724	1.0	0.2762861863833719	0.5018413558145286	0.44999545891484155	0.4039806728532486	0.3166387945788925	0.4714561892883072	0.4714561892883072	0.5447762298728003	0.5273092512692888	1.0	0.47145618928830707	0.32299219643382515	0.5364155776850777	0.3167095214573631	0.5048758269214786	1.0	0.26137369929056997	0.7326683739346906	0.5122260137557136	0.3346203099611878	0.7326683739346908	0.3136873935254301	1.0	0.47285493685563024	0.30354088570863325	0.345299520817589	1.0	1.0	0.47145618928830707	0.48037837988138726	0.5447762298728006	1.0	0.41417610597329674	0.5243345362131402	0.5020713071094896	1.0	0.5020713071094896	1.0	0.9652173136058947	0.5020713071094896	0.5447762298728004	0.5496697124585005	0.47145618928830724	1.0	1.0	1.0	1.0	1.0	0.4714561892883072	1.0	1.0	0.36318402339260875	1.0	0.29695213473931537	1.0	1.0	1.0	1.0	0.5017383374236928	1.0	1.0	0.5447762298728003	1.0	0.38288845489941803	0.47145618928830724	0.45650718549384384	0.5020713071094896	0.5020713071094896	0.5020713071094894	0.47145618928830707	0.5447762298728005
CR-44	201433	1.0	0.35564791377805316	0.47950465494501104	0.3327393342502956	1.0	1.0	0.37647918030460653	0	1.0	1.0	0.6193062043422582	1.0	1.0	1.0	0.34215299787406794	1.0	0.34861051222924955	0.4292944036819326	0.42000373165922117	1.0	0.38287079774920135	1.0	0.4681914493020717	0.49410399476085204	0.41993035296565706	0.46819144930207146	0.3838924409516564	0.4681914493020717	1.0	0.390284601416758	0.5200253422799342	0.47913237178980606	0.5377526810000842	0.4785434599449696	0.4681914493020717	0.4681914493020717	0.5259667993655281	0.4923084675003777	1.0	0.4681914493020717	0.4376783288959579	0.5479773646438179	0.4783993246020555	0.5259667993655279	1.0	0.39708542869741686	0.6723495274129103	0.4165908301167076	0.38530921967213105	0.6101281281749316	0.38403933514373845	1.0	0.4719048528077627	0.48511877285598437	0.48205808265550293	1.0	1.0	0.4681914493020717	0.5284451922914032	0.5259667993655281	1.0	0.38072570554719665	0.5628550022987167	0.49658470373569935	1.0	0.49658470373569946	1.0	0.9652173136058947	0.49658470373569946	0.5259667993655279	0.5259667993655281	0.4681914493020717	1.0	1.0	1.0	1.0	1.0	0.4855823829487707	1.0	1.0	0.5413345402496246	1.0	0.3811038353561101	1.0	1.0	1.0	1.0	0.41002376704936805	1.0	1.0	0.525966799365528	1.0	0.43315056858700934	0.4681914493020717	0.4510205821200536	0.49658470373569924	0.49658470373569946	0.49658470373569935	0.4681914493020717	0.5259667993655279
CR-30	201434	0.6116494330845156	1.0	1.0	1.0	0.6364605481241036	0.6190369608300808	1.0	1.0	0	0.23991918565746467	1.0	0.7059634811302979	0.6086368046526188	0.374689418870124	1.0	0.6085639009560089	1.0	1.0	1.0	0.2305216335056321	1.0	0.5978681365489119	1.0	1.0	1.0	1.0	1.0	1.0	1.0	1.0	1.0	1.0	1.0	1.0	1.0	1.0	1.0	1.0	1.0	1.0	1.0	1.0	1.0	1.0	0.22400290596359856	1.0	1.0	1.0	1.0	1.0	1.0	1.0	1.0	1.0	1.0	0.23608368569156518	0.24829458364890092	1.0	0.9498099354105934	1.0	0.6655749452524773	1.0	0.9696151719552528	1.0	0.7329439368587379	1.0	0.28320167597139745	0.4238862187190405	1.0	1.0	0.8941835374348052	1.0	0.24895180587193178	0.3632812711587668	0.22953567984626533	0.25084817512061613	0.34938310775047365	1.0	0.630238325883105	0.7059634811302979	1.0	0.16636029637549749	1.0	0.2343965848458141	0.32080468701706144	0.19886643123311432	0.3717843747389172	0.9545995593838121	0.16336742537471888	0.38836729683229937	0.7222260741280361	0.33246132302658526	1.0	1.0	1.0	1.0	1.0	1.0	1.0	1.0
CR-31	201435	0.5405389266626939	1.0	1.0	1.0	0.5653500417022822	0.5479264544082593	1.0	1.0	0.23991918565746467	0	1.0	0.6348529747084763	0.5375262982307971	0.2555238922252908	1.0	0.5374533945341874	1.0	1.0	1.0	0.17227710195131393	1.0	0.5222939869380754	1.0	1.0	1.0	1.0	1.0	1.0	1.0	1.0	1.0	1.0	1.0	1.0	1.0	1.0	1.0	1.0	1.0	1.0	1.0	1.0	1.0	1.0	0.16684453826536932	1.0	1.0	1.0	1.0	1.0	1.0	1.0	1.0	1.0	1.0	0.14960497249313726	0.1273769794385396	1.0	0.9498099354105936	1.0	0.63264416676388	1.0	0.969615171955253	1.0	0.6751415549447463	1.0	0.1391424914698616	0.41770160604916307	1.0	1.0	0.8941835374348055	1.0	0.16907350261623638	0.33885257324288265	0.16540475134510957	0.16993476714490954	0.34408610216117475	1.0	0.559127819461283	0.6348529747084761	1.0	0.1699001068307562	1.0	0.17275770561438034	0.25818386413135297	0.17194453805523482	0.2620480172234246	0.9545995593838121	0.11296462628786444	0.3287196438213823	0.7222260741280363	0.20902618210711862	1.0	1.0	1.0	1.0	1.0	1.0	1.0	1.0
CR-33	201437	1.0	0.5620352995724385	0.5351401861811234	0.5312215680697585	1.0	1.0	0.6570080581029863	0.6193062043422582	1.0	1.0	0	1.0	1.0	1.0	0.6493567026973674	1.0	0.5513990831462093	0.43909269824430514	0.45683765917265046	1.0	0.5766674323316093	1.0	0.43749460568267007	0.6006097493367886	0.5176443022879336	0.4540197232117017	0.6028281770717746	0.45382993632091073	1.0	0.4801067933552933	0.6191138318664116	0.5337852234159154	0.5665139835956051	0.5523443162238717	0.44256538395726064	0.45205040280975156	0.6265038494309899	0.5324942505827985	1.0	0.46402314849777104	0.5525128296096983	0.6265038494309899	0.500935083341313	0.6265038494309899	1.0	0.6038501126736405	0.8321313952136775	0.50804948178841	0.6794952220372072	0.8321313952136775	0.5164095603612621	1.0	0.4515979798905584	0.5697660422640566	0.62650384943099	1.0	1.0	0.5056069223699938	0.5675449979315457	0.62650384943099	1.0	0.43814391531814373	0.6170633293037444	0.5744831116469009	1.0	0.5514994007955636	1.0	0.9652173136058947	0.5585628424986641	0.6265038494309901	0.62650384943099	0.4445999252077592	1.0	1.0	1.0	1.0	1.0	0.42026612081836756	1.0	1.0	0.645809699793633	1.0	0.5473152135924602	1.0	1.0	1.0	1.0	0.5525913960374268	1.0	1.0	0.6265038494309898	1.0	0.5705211231622538	0.4670682098281409	0.5657516872767956	0.5694938801215407	0.5341283249737997	0.5508495768408272	0.47910038324307636	0.6314509397151133
CR-34	201438	0.3120962451319442	1.0	1.0	1.0	0.2197157956040824	0.25776219294412955	1.0	1.0	0.7059634811302979	0.6348529747084763	1.0	0	0.2668780989233915	0.4903550652194378	1.0	0.29907342559028055	1.0	1.0	1.0	0.6775305484889039	1.0	0.28740997091543147	1.0	1.0	1.0	1.0	1.0	1.0	1.0	1.0	1.0	1.0	1.0	1.0	1.0	1.0	1.0	1.0	1.0	1.0	1.0	1.0	1.0	1.0	0.671525186921179	1.0	1.0	1.0	1.0	1.0	1.0	1.0	1.0	1.0	1.0	0.6621107235296328	0.6259880430574966	1.0	0.9498099354105936	1.0	0.7985418932592583	1.0	0.969615171955253	1.0	0.8410392814401244	1.0	0.6009587378849804	0.6997788684604207	1.0	1.0	0.8941835374348052	1.0	0.6435041270228857	0.7322399738072182	0.6747947131219728	0.6427757482050166	0.6929434468650871	1.0	0.3830535697892606	0.556087992725884	1.0	0.6866801038207687	1.0	0.6748133646641118	0.6452018067544563	0.6759849524242596	0.6297852183999808	0.9545995593838121	0.6667326248267303	0.7309019477085461	0.8180972442608605	0.6232846182999293	1.0	1.0	1.0	1.0	1.0	1.0	1.0	1.0
CR-40	201440	0.07636951416290638	1.0	1.0	1.0	0.0810542501174267	0.022999844470637364	1.0	1.0	0.6086368046526188	0.5375262982307971	1.0	0.2668780989233915	0	0.3930283887417586	1.0	0.059747434457386055	1.0	1.0	1.0	0.5802038720112248	1.0	0.1018902024885115	1.0	1.0	1.0	1.0	1.0	1.0	1.0	1.0	1.0	1.0	1.0	1.0	1.0	1.0	1.0	1.0	1.0	1.0	1.0	1.0	1.0	1.0	0.5741985104434999	1.0	1.0	1.0	1.0	1.0	1.0	1.0	1.0	1.0	1.0	0.5647840470519537	0.5286613665798173	1.0	0.9498099354105936	1.0	0.701215216781579	1.0	0.969615171955253	1.0	0.7437126049624452	1.0	0.5036320614073012	0.6111000701310602	1.0	1.0	0.8941835374348053	1.0	0.5461774505452064	0.634913297329539	0.5774680366442937	0.5454490717273374	0.615291832412725	1.0	0.31250533805275715	0.5560879927258839	1.0	0.5893534273430896	1.0	0.5774866881864327	0.5478751302767771	0.5786582759465804	0.5324585419223017	0.9545995593838121	0.5694059483490511	0.6513430964833351	0.7222260741280361	0.5259579418222501	1.0	1.0	1.0	1.0	1.0	1.0	1.0	1.0
CR-41	201441	0.39604101717365536	1.0	1.0	1.0	0.42085213221324347	0.40342854491922064	1.0	1.0	0.374689418870124	0.2555238922252908	1.0	0.4903550652194378	0.3930283887417586	0	1.0	0.39295548504514877	1.0	1.0	1.0	0.3341007737031422	1.0	0.37896389086239923	1.0	1.0	1.0	1.0	1.0	1.0	1.0	1.0	1.0	1.0	1.0	1.0	1.0	1.0	1.0	1.0	1.0	1.0	1.0	1.0	1.0	1.0	0.32683385338205784	1.0	1.0	1.0	1.0	1.0	1.0	1.0	1.0	1.0	1.0	0.31943464178753195	0.29524136479319957	1.0	0.9498099354105936	1.0	0.630038454301943	1.0	0.969615171955253	1.0	0.6725358424828092	1.0	0.2249553564950307	0.4726978621215239	1.0	1.0	0.8941835374348053	1.0	0.3411121024199334	0.48849895489560524	0.3254080337296631	0.3393611268523808	0.4234661564080135	1.0	0.3725921860632563	0.5267640238464872	1.0	0.2916803294210934	1.0	0.3269545874854732	0.2819967948010676	0.3270976028104707	0.3413060271382593	0.9545995593838121	0.30351332754861204	0.42181389496031335	0.7222260741280363	0.2779794033560568	1.0	1.0	1.0	1.0	1.0	1.0	1.0	1.0
CR-56	201445	1.0	0.2183505323521685	0.30312773587597525	0.2133985074641006	1.0	1.0	0.07045941417909127	0.34215299787406794	1.0	1.0	0.6493567026973674	1.0	1.0	1.0	0	1.0	0.18962009462515797	0.4269911938104382	0.3848270078150042	1.0	0.2627375183947864	1.0	0.43653685855970426	0.3711970206439112	0.36920076133035296	0.436536858559704	0.33725058740471625	0.43653685855970414	1.0	0.3157089781324315	0.4735587252908082	0.4153894758042432	0.3963293174476296	0.31148554871019085	0.4365368585597041	0.43653685855970414	0.5174096527746079	0.4927032681586906	1.0	0.43653685855970414	0.27837494784262706	0.5093623482048901	0.31155627558866134	0.47750924982328613	1.0	0.2682822464226539	0.7144797375805336	0.45943139429095836	0.287006261412117	0.7144797375805337	0.28078013030068466	1.0	0.4350124095580855	0.2895295454255618	0.329510392225141	1.0	1.0	0.43653685855970414	0.475724128347418	0.5174096527746079	1.0	0.3792567752446937	0.5233850552713812	0.47385385084474635	1.0	0.47385385084474646	1.0	0.9652173136058947	0.47385385084474646	0.5174096527746079	0.531382474329135	0.4365368585597041	1.0	1.0	1.0	1.0	1.0	0.44399891873812286	1.0	1.0	0.37616086913170826	1.0	0.2640448715145699	1.0	1.0	1.0	1.0	0.4489437179589374	1.0	1.0	0.5174096527746078	1.0	0.34796912417081494	0.4365368585597041	0.42892947133644754	0.4738538508447463	0.4738538508447464	0.47385385084474635	0.4365368585597041	0.5174096527746077
CR-46	201446	0.07344282311852941	1.0	1.0	1.0	0.08624538295611779	0.07640779216746378	1.0	1.0	0.6085639009560089	0.5374533945341874	1.0	0.29907342559028055	0.059747434457386055	0.39295548504514877	1.0	0	1.0	1.0	1.0	0.5801309683146147	1.0	0.05163628589180487	1.0	1.0	1.0	1.0	1.0	1.0	1.0	1.0	1.0	1.0	1.0	1.0	1.0	1.0	1.0	1.0	1.0	1.0	1.0	1.0	1.0	1.0	0.57412560674689	1.0	1.0	1.0	1.0	1.0	1.0	1.0	1.0	1.0	1.0	0.564711143355344	0.5285884628832076	1.0	0.9498099354105934	1.0	0.7011423130849691	1.0	0.969615171955253	1.0	0.7436397012658355	1.0	0.5035591577106916	0.6111000701310603	1.0	1.0	0.8941835374348052	1.0	0.5461045468485967	0.6348403936329292	0.5773951329476836	0.5453761680307276	0.615291832412725	1.0	0.3676308590921808	0.5560879927258843	1.0	0.5892805236464798	1.0	0.5774137844898227	0.5478022265801675	0.5785853722499705	0.5323856382256918	0.9545995593838121	0.5693330446524413	0.6513430964833351	0.7222260741280362	0.5258850381256404	1.0	1.0	1.0	1.0	1.0	1.0	1.0	1.0
CR-47	201447	1.0	0.21267327658626634	0.2654463868927562	0.20548146049915694	1.0	1.0	0.17801202010773498	0.34861051222924955	1.0	1.0	0.5513990831462093	1.0	1.0	1.0	0.18962009462515797	1.0	0	0.4045354137320546	0.35237431541763325	1.0	0.2835469394104895	1.0	0.3999777854895036	0.36130582080457424	0.30037446994686745	0.3999777854895035	0.3324116964607113	0.3999777854895035	1.0	0.25784971286450353	0.4623709939134793	0.3899144893742307	0.3438997033126378	0.27478333757488194	0.39997778548950363	0.39997778548950363	0.49513783475709106	0.4672282817286782	1.0	0.39997778548950363	0.26828818782409536	0.4981746168275613	0.2738749266054423	0.4552374318057695	1.0	0.2209359924919701	0.7174989439321626	0.4369756142125746	0.3349997463155354	0.7174989439321625	0.27010207643270107	1.0	0.38732752719079677	0.26605298279571243	0.3205520625345252	1.0	1.0	0.4197352986421568	0.42959775281674556	0.49513783475709117	1.0	0.3114567669428842	0.4819723332497238	0.443117096973002	1.0	0.44288668078029414	1.0	0.9652173136058947	0.4428866807802943	0.49513783475709117	0.4962593215984556	0.3999777854895036	1.0	1.0	1.0	1.0	1.0	0.3999777854895035	1.0	1.0	0.3551746331875967	1.0	0.27755451993556973	1.0	1.0	1.0	1.0	0.4264879378805537	1.0	1.0	0.49513783475709094	1.0	0.3289826795311097	0.3999777854895036	0.41492001665798744	0.44288668078029414	0.44288668078029414	0.44288668078029414	0.3999777854895035	0.49513783475709094
CR-48	201448	1.0	0.2999844669211472	0.397184073742222	0.3154608796247847	1.0	1.0	0.4797858132751936	0.4292944036819326	1.0	1.0	0.43909269824430514	1.0	1.0	1.0	0.4269911938104382	1.0	0.4045354137320546	0	0.2342667068614343	1.0	0.33181090085703113	1.0	0.16573819292984834	0.48610434286248244	0.4874362686813629	0.15923706766313347	0.42883358003677946	0.16946872651471678	1.0	0.35984912285312326	0.5011476772813592	0.4043081939705629	0.495657263360531	0.45122417690389993	0.16496169866217766	0.1973627760786632	0.3555110473907627	0.414860874580529	1.0	0.18014495076860318	0.38158175727049765	0.5016214525841365	0.3590297370889403	0.33188521627021145	1.0	0.4204607049247928	0.6941299303175098	0.17587309112833732	0.43000559937795096	0.6941299303175096	0.32576244129830856	1.0	0.26587704609503465	0.3767438694103694	0.39430500273180746	1.0	1.0	0.2509192956389055	0.3866179825115427	0.35014127885404933	1.0	0.22545101322317096	0.45377468959271566	0.31657100058697973	1.0	0.25738535838772275	1.0	0.9652173136058947	0.30977306593989296	0.31348787747576123	0.31348787747576123	0.18991229847667088	1.0	1.0	1.0	1.0	1.0	0.14853321846168704	1.0	1.0	0.5807145674199949	1.0	0.35488854445198675	1.0	1.0	1.0	1.0	0.3006155494882484	1.0	1.0	0.39735691426238784	1.0	0.3193333409617242	0.21238058309705238	0.28917312492288866	0.3350467328406555	0.28444404087591	0.26856026606558114	0.2437533002457474	0.41569025127013937
CR-49	201449	1.0	0.3125762465921375	0.36317222072633604	0.24930233944694577	1.0	1.0	0.4074036614402287	0.42000373165922117	1.0	1.0	0.45683765917265046	1.0	1.0	1.0	0.3848270078150042	1.0	0.35237431541763325	0.2342667068614343	0	1.0	0.3467785949546119	1.0	0.16023242047751401	0.4900356987737184	0.4652647233546599	0.17895090458790341	0.3865347751636763	0.18129163240764315	1.0	0.3214412991300602	0.5397840125972111	0.4588566573080704	0.46164541034464535	0.3882665219177971	0.15497153515252557	0.1910407400164381	0.2913869725217257	0.4668768756828066	1.0	0.18071739985258858	0.3754982172302614	0.564876322659293	0.3250178840730546	0.257420855845137	1.0	0.41899409715141345	0.5764405547603905	0.205409030753935	0.39281416976488176	0.5446370781079573	0.26083634800775074	1.0	0.38858450800354233	0.38236229856474624	0.40890524566338526	1.0	1.0	0.1931725517319808	0.39643540133531396	0.2913869725217257	1.0	0.24198541339660956	0.4556099553409594	0.2393662347376366	1.0	0.21653991039934978	1.0	0.9652173136058947	0.29931107563409515	0.32396053283172394	0.2913869725217257	0.1711130149353442	1.0	1.0	1.0	1.0	1.0	0.22730295361038835	1.0	1.0	0.5275433318315941	1.0	0.2731983142632712	1.0	1.0	1.0	1.0	0.20929037953139942	1.0	1.0	0.3779261388244262	1.0	0.36398137844465533	0.1647394052473219	0.24053795438287015	0.30589161405321724	0.2038177926067347	0.2388606333804747	0.15818101496230982	0.2913869725217257
CR-52	201452	0.5832165004431215	1.0	1.0	1.0	0.6080276154827096	0.5906040281886868	1.0	1.0	0.2305216335056321	0.17227710195131393	1.0	0.6775305484889039	0.5802038720112248	0.3341007737031422	1.0	0.5801309683146147	1.0	1.0	1.0	0	1.0	0.5669744998318867	1.0	1.0	1.0	1.0	1.0	1.0	1.0	1.0	1.0	1.0	1.0	1.0	1.0	1.0	1.0	1.0	1.0	1.0	1.0	1.0	1.0	1.0	0.10069125096457274	1.0	1.0	1.0	1.0	1.0	1.0	1.0	1.0	1.0	1.0	0.10099540010780172	0.13487697504596974	1.0	0.9498099354105934	1.0	0.6511424276170984	1.0	0.969615171955253	1.0	0.6936398157979645	1.0	0.21297810673453701	0.4004291959988503	1.0	1.0	0.8941835374348053	1.0	0.12496855751968569	0.29455196932420663	0.015402649323676678	0.12855610093776731	0.34452124894791525	1.0	0.6018053932417107	0.677530548488904	1.0	0.18834093735375468	1.0	0.022480363702365242	0.3051700202928095	0.04542090880507527	0.28392710538048255	0.9545995593838121	0.13301555134509271	0.36221853620080197	0.7222260741280362	0.25516929774077624	1.0	1.0	1.0	1.0	1.0	1.0	1.0	1.0
CR-53	201453	1.0	0.2491110433769594	0.31954853785866055	0.1783698291561093	1.0	1.0	0.3225994093245112	0.38287079774920135	1.0	1.0	0.5766674323316093	1.0	1.0	1.0	0.2627375183947864	1.0	0.2835469394104895	0.33181090085703113	0.3467785949546119	1.0	0	1.0	0.33060263666461553	0.3906941413932893	0.4064313449921547	0.33060263666461553	0.40154751008986456	0.3306026366646156	1.0	0.33724697979539225	0.43600708683890843	0.3585940116769342	0.35798379455412893	0.3563884362585953	0.3306026366646156	0.33060263666461565	0.44875427811800256	0.3887240319108092	1.0	0.3306026366646156	0.3067851484889331	0.47181070975299033	0.3219062503836667	0.44875427811800256	1.0	0.2956507305782268	0.6701843625617149	0.34282191435307063	0.30049565305435094	0.6701843625617148	0.14796604156526774	1.0	0.3945463157865542	0.3452073489790999	0.37175029607773913	1.0	1.0	0.3476282138622356	0.42851880309505813	0.44875427811800256	1.0	0.27332255334960515	0.484704269204757	0.3967335403339134	1.0	0.38404191368637836	1.0	0.9652173136058947	0.3840419136863783	0.44875427811800256	0.45167667618304114	0.33060263666461565	1.0	1.0	1.0	1.0	1.0	0.3501587351625099	1.0	1.0	0.46243565711234813	1.0	0.1546031885524452	1.0	1.0	1.0	1.0	0.3315473847214194	1.0	1.0	0.44875427811800256	1.0	0.2802246874105873	0.3306026366646156	0.3880021159638083	0.3917443088085533	0.38404191368637836	0.3840419136863783	0.3306026366646156	0.44875427811800256
CR-59	201456	0.11322682078112344	1.0	1.0	1.0	0.0780082090877366	0.1102839593967411	1.0	1.0	0.5978681365489119	0.5222939869380754	1.0	0.28740997091543147	0.1018902024885115	0.37896389086239923	1.0	0.05163628589180487	1.0	1.0	1.0	0.5669744998318867	1.0	0	1.0	1.0	1.0	1.0	1.0	1.0	1.0	1.0	1.0	1.0	1.0	1.0	1.0	1.0	1.0	1.0	1.0	1.0	1.0	1.0	1.0	1.0	0.5589661991507779	1.0	1.0	1.0	1.0	1.0	1.0	1.0	1.0	1.0	1.0	0.5495517357592319	0.5152956757543163	1.0	0.9498099354105932	1.0	0.6859829054888571	1.0	0.969615171955253	1.0	0.7284802936697232	1.0	0.4883997501145795	0.6111000701310603	1.0	1.0	0.8941835374348053	1.0	0.5309451392524845	0.6196809860368172	0.562440223882716	0.5302167604346155	0.6152918324127249	1.0	0.3676308590921808	0.5560879927258842	1.0	0.5813488816987309	1.0	0.5622543768937107	0.5335437468083671	0.5660599399190239	0.5172262306295798	0.9545995593838121	0.5565067726130905	0.6513430964833352	0.7222260741280362	0.5107256305295282	1.0	1.0	1.0	1.0	1.0	1.0	1.0	1.0
KL-CP-3	201463	1.0	0.28171403974914444	0.397184073742222	0.2562083765700624	1.0	1.0	0.47145618928830724	0.4681914493020717	1.0	1.0	0.43749460568267007	1.0	1.0	1.0	0.43653685855970426	1.0	0.3999777854895036	0.16573819292984834	0.16023242047751401	1.0	0.33060263666461553	1.0	0	0.5240475517896042	0.5115491237361098	0.03428856358050348	0.4348138632066442	0.024207205796637044	1.0	0.35984912285312326	0.5397840125972111	0.4486198031635109	0.4956572633605311	0.45122417690390004	0.012844907842595786	0.0997322683648059	0.23833331236843086	0.46285110865811147	1.0	0.03901220653180032	0.40951007024614716	0.5380820675457456	0.3590297370889403	0.23833331236843086	1.0	0.43809052882447197	0.6100186597759404	0.22701648558810952	0.40450591954414145	0.6100186597759403	0.288763653642818	1.0	0.33218402404469766	0.3824536689648638	0.40899661606350296	1.0	1.0	0.09894203924590345	0.3813490186704206	0.23833331236843086	1.0	0.13399972770913113	0.45377468959271583	0.18631257458434178	1.0	0.1633288637330046	1.0	0.9652173136058946	0.19589982737565265	0.2509640739367472	0.30959451134898297	0.0630478759868732	1.0	1.0	1.0	1.0	1.0	0.14447223888811273	1.0	1.0	0.5807145674199949	1.0	0.304061119685967	1.0	1.0	1.0	1.0	0.2746719611993825	1.0	1.0	0.2777739258719639	1.0	0.2871799004419208	0.06040332670405036	0.17758115021423657	0.18881722861814002	0.1459577879112407	0.16267903977826814	0.09092984618051728	0.29501338547492023
KL-CP-23	201472	1.0	0.37523565277520804	0.32639813408199336	0.39440934344278905	1.0	1.0	0.4049521245879589	0.49410399476085204	1.0	1.0	0.6006097493367886	1.0	1.0	1.0	0.3711970206439112	1.0	0.36130582080457424	0.48610434286248244	0.4900356987737184	1.0	0.3906941413932893	1.0	0.5240475517896042	0	0.4109876880481882	0.524047551789604	0.4426187720401468	0.5240475517896043	1.0	0.38451390764029625	0.39319734882711554	0.34165269528760966	0.13577956205439357	0.33438876056101646	0.5240475517896042	0.5240475517896042	0.6033516615704748	0.39039029241941126	1.0	0.5240475517896043	0.15070504939724844	0.46983645807507035	0.3313817767488792	0.5634512586191531	1.0	0.3935069928900626	0.7764383810385282	0.48610434286248244	0.43543237419831476	0.7764383810385282	0.3924279507432977	1.0	0.49818933843009716	0.35852817481550553	0.39993049194226965	1.0	1.0	0.5559783436545608	0.5373333540014171	0.6033516615704748	1.0	0.4667674684745938	0.5620869413752836	0.5620869413752836	1.0	0.5620869413752837	1.0	0.9652173136058947	0.5620869413752837	0.6033516615704749	0.6033516615704749	0.524047551789604	1.0	1.0	1.0	1.0	1.0	0.5240475517896043	1.0	1.0	0.44900411303389626	1.0	0.41185365268460017	1.0	1.0	1.0	1.0	0.4861043428624824	1.0	1.0	0.6033516615704748	1.0	0.42815937057644343	0.5240475517896043	0.5620869413752838	0.5620869413752837	0.5620869413752838	0.5620869413752837	0.5240475517896043	0.6033516615704748
KL-CP-17	201477	1.0	0.36952888475495765	0.3750397651780566	0.3330000399405145	1.0	1.0	0.35425112692113236	0.41993035296565706	1.0	1.0	0.5176443022879336	1.0	1.0	1.0	0.36920076133035296	1.0	0.30037446994686745	0.4874362686813629	0.4652647233546599	1.0	0.4064313449921547	1.0	0.5115491237361098	0.4109876880481882	0	0.5115491237361097	0.3447613041078285	0.5115491237361097	1.0	0.2325480955046809	0.34136682122493944	0.2250013304363013	0.38533106989592825	0.3514845823390596	0.5115491237361097	0.5131760397183265	0.6182785749619535	0.43754411965679485	1.0	0.5115491237361098	0.3690990832287413	0.33768377685483386	0.3763608554889537	0.6182785749619535	1.0	0.31231568101999146	0.7917465648768677	0.4874362686813631	0.44358876036715666	0.7917465648768677	0.35649525234539253	1.0	0.46978723477106077	0.43441420203937026	0.4911520092063033	1.0	1.0	0.5667325592785687	0.5381742835331405	0.6182785749619535	1.0	0.42302810518949047	0.5786806888255406	0.5662578371778645	1.0	0.5613304749055182	1.0	0.9652173136058947	0.5613304749055181	0.6182785749619534	0.6182785749619537	0.5115491237361097	1.0	1.0	1.0	1.0	1.0	0.5115491237361097	1.0	1.0	0.4381222529410151	1.0	0.39880885028814	1.0	1.0	1.0	1.0	0.5058391301063884	1.0	1.0	0.6182785749619536	1.0	0.47597994016752165	0.5281938467367155	0.5157663532898724	0.5613304749055182	0.5613304749055181	0.5613304749055182	0.5115491237361097	0.6182785749619535
KL-CP-18	201478	1.0	0.2817140397491444	0.39718407374222187	0.25743476215444094	1.0	1.0	0.47145618928830707	0.46819144930207146	1.0	1.0	0.4540197232117017	1.0	1.0	1.0	0.436536858559704	1.0	0.3999777854895035	0.15923706766313347	0.17895090458790341	1.0	0.33060263666461553	1.0	0.03428856358050348	0.524047551789604	0.5115491237361097	0	0.41242196876209436	0.016339243403831104	1.0	0.35984912285312315	0.5397840125972111	0.448619803163511	0.4956572633605311	0.45122417690389993	0.026611203085834905	0.1285508410848302	0.2095147396484066	0.4628511086581114	1.0	0.02109809163117627	0.40951007024614716	0.5380820675457456	0.35902973708894015	0.2095147396484066	1.0	0.4380905288244719	0.6046851363934231	0.19272792200760605	0.4045059195441414	0.604685136393423	0.288763653642818	1.0	0.3032289838467113	0.3767438694103693	0.384840691640449	1.0	1.0	0.12789707944388987	0.3813490186704206	0.2095147396484066	1.0	0.12276668158480934	0.4537746895927157	0.15789885714163385	1.0	0.13451029101298034	1.0	0.9652173136058947	0.17647197695613262	0.21667551035624374	0.2753059477684795	0.09186644870689746	1.0	1.0	1.0	1.0	1.0	0.16984677367682208	1.0	1.0	0.580714567419995	1.0	0.30406111968596683	1.0	1.0	1.0	1.0	0.2693384378168654	1.0	1.0	0.2777739258719638	1.0	0.2871799004419207	0.08935836690203675	0.14876257749421234	0.18784114195078427	0.1257718974305641	0.1338604670582439	0.0850811568004015	0.289679862092403
KL-CP-19	201479	1.0	0.36144862081564433	0.3927559556042163	0.3119671337050803	1.0	1.0	0.34258655465398885	0.3838924409516564	1.0	1.0	0.6028281770717746	1.0	1.0	1.0	0.33725058740471625	1.0	0.3324116964607113	0.42883358003677946	0.3865347751636763	1.0	0.40154751008986456	1.0	0.4348138632066442	0.4426187720401468	0.3447613041078285	0.41242196876209436	0	0.4173049550455468	1.0	0.29320122342805877	0.3937137202619874	0.37530599197158115	0.44131405656459355	0.39465182210514593	0.4323006189636276	0.48019938289230557	0.44373408221466687	0.5276161830579472	1.0	0.4167632808280583	0.3582605243562882	0.39013457156620723	0.37767142990595276	0.4038336792633452	1.0	0.4046883284666741	0.6777183190428244	0.41242196876209436	0.36590423603224814	0.6777183190428243	0.32591994755482784	1.0	0.46877077122128386	0.3407638460609355	0.2916389653405701	1.0	1.0	0.5337559024525478	0.5273643512086523	0.44373408221466687	1.0	0.3629618687043033	0.578014366028562	0.44373408221466687	1.0	0.443734082214667	1.0	0.9652173136058947	0.44669812623969674	0.443734082214667	0.443734082214667	0.47274890529031316	1.0	1.0	1.0	1.0	1.0	0.443391967292114	1.0	1.0	0.50832242988338	1.0	0.37777594405270587	1.0	1.0	1.0	1.0	0.49697532833511404	1.0	1.0	0.46634096762986593	1.0	0.45881841951978997	0.49521718991069463	0.3981699605990212	0.46104075551758267	0.4458036187005782	0.44373408221466687	0.4288287063485665	0.4846743046376173
KL-CP-20	201480	1.0	0.2817140397491445	0.3971840737422218	0.2562083765700624	1.0	1.0	0.47145618928830724	0.4681914493020717	1.0	1.0	0.45382993632091073	1.0	1.0	1.0	0.43653685855970414	1.0	0.3999777854895035	0.16946872651471678	0.18129163240764315	1.0	0.3306026366646156	1.0	0.024207205796637044	0.5240475517896043	0.5115491237361097	0.016339243403831104	0.4173049550455468	0	1.0	0.35984912285312326	0.5397840125972111	0.4486198031635109	0.4956572633605311	0.45122417690389993	0.026320097255117584	0.12393947416144296	0.21412610657179382	0.46285110865811147	1.0	0.014805000735163278	0.40951007024614716	0.5380820675457456	0.3590297370889403	0.2141261065717938	1.0	0.43809052882447197	0.6082403373984685	0.20772925504954018	0.4045059195441414	0.6082403373984682	0.28876365364281803	1.0	0.3146751158836002	0.3767438694103694	0.3914877079024055	1.0	1.0	0.11645094740700097	0.38134901867042065	0.21412610657179384	1.0	0.12410459194670638	0.4537746895927157	0.16210536878770473	1.0	0.13912165793636755	1.0	0.9652173136058946	0.1783909192145552	0.23167684339817787	0.2903072808104136	0.08725508178351025	1.0	1.0	1.0	1.0	1.0	0.16523540675343487	1.0	1.0	0.580714567419995	1.0	0.304061119685967	1.0	1.0	1.0	1.0	0.2728936388219106	1.0	1.0	0.27777392587196387	1.0	0.2871799004419208	0.08090387816823491	0.15740446095645905	0.1837320074765059	0.12175058211460366	0.1384718339816311	0.0782463916868999	0.29323506309744835
KL-CP-25	201482	1.0	1.0	1.0	1.0	1.0	1.0	1.0	1.0	1.0	1.0	1.0	1.0	1.0	1.0	1.0	1.0	1.0	1.0	1.0	1.0	1.0	1.0	1.0	1.0	1.0	1.0	1.0	1.0	0	1.0	1.0	1.0	1.0	1.0	1.0	1.0	1.0	1.0	0.4994589415761648	1.0	1.0	1.0	1.0	1.0	1.0	1.0	1.0	1.0	1.0	1.0	1.0	0.48788788385746296	1.0	1.0	1.0	1.0	1.0	1.0	1.0	1.0	1.0	1.0	1.0	1.0	1.0	1.0	1.0	1.0	1.0	1.0	1.0	1.0	1.0	1.0	1.0	1.0	1.0	1.0	1.0	1.0	1.0	1.0	1.0	1.0	1.0	1.0	1.0	1.0	1.0	1.0	1.0	1.0	1.0	1.0	1.0	1.0	1.0	1.0	1.0	1.0
KL-CP-35	201483	1.0	0.28451713315473864	0.2561019664444294	0.21163617367977386	1.0	1.0	0.2762861863833719	0.390284601416758	1.0	1.0	0.4801067933552933	1.0	1.0	1.0	0.3157089781324315	1.0	0.25784971286450353	0.35984912285312326	0.3214412991300602	1.0	0.33724697979539225	1.0	0.35984912285312326	0.38451390764029625	0.2325480955046809	0.35984912285312315	0.29320122342805877	0.35984912285312326	1.0	0	0.42124220681464325	0.33177797558113453	0.32594108376648817	0.27767371094096854	0.35984912285312326	0.37654566271421186	0.5213339210591156	0.4321958594627231	1.0	0.3648995904793807	0.2826357153287684	0.44767907055888373	0.26220199829819896	0.5213339210591155	1.0	0.2858188158026264	0.72066664392096	0.40287955341653564	0.3935322804217448	0.7206666439209602	0.24615863962499115	1.0	0.44250189072792917	0.3425301692931484	0.39926797646008166	1.0	1.0	0.4301021822744541	0.4555842868508964	0.5213339210591156	1.0	0.32053389028382234	0.5147588408565418	0.4693131832750265	1.0	0.4463294724236892	1.0	0.9652173136058948	0.45339291412678967	0.5213339210591156	0.5213339210591157	0.36909518511221945	1.0	1.0	1.0	1.0	1.0	0.35984912285312326	1.0	1.0	0.42326803784375433	1.0	0.2741287930685607	1.0	1.0	1.0	1.0	0.4323337255352569	1.0	1.0	0.5213339210591156	1.0	0.36169571827119473	0.3915634697326009	0.41694243239066264	0.46432395174966634	0.43687890968822335	0.44567964846895286	0.3782170783912738	0.5213339210591156
KL-CP-28	201488	1.0	0.4538988245563738	0.4380017547389339	0.4547498600122386	1.0	1.0	0.5018413558145286	0.5200253422799342	1.0	1.0	0.6191138318664116	1.0	1.0	1.0	0.4735587252908082	1.0	0.4623709939134793	0.5011476772813592	0.5397840125972111	1.0	0.43600708683890843	1.0	0.5397840125972111	0.39319734882711554	0.34136682122493944	0.5397840125972111	0.3937137202619874	0.5397840125972111	1.0	0.42124220681464325	0	0.15985278041267315	0.4351649012871231	0.45030178027079937	0.5397840125972112	0.5471137932884583	0.5716285314619262	0.4417836542212691	1.0	0.5397840125972111	0.39331389383899384	0.12548054141765916	0.3827207296398844	0.5716285314619262	1.0	0.44193971953223005	0.7584291845183965	0.501147677281359	0.4478946627711565	0.7584291845183965	0.42124220681464325	1.0	0.513925799237704	0.4530867256793584	0.4530867256793582	1.0	1.0	0.6006703128487005	0.5468749440880594	0.5716285314619262	1.0	0.4825039292822008	0.5845596749037543	0.5716285314619263	1.0	0.5716285314619262	1.0	0.9652173136058947	0.5716285314619262	0.5716285314619262	0.5716285314619262	0.5397840125972111	1.0	1.0	1.0	1.0	1.0	0.5397840125972111	1.0	1.0	0.5544488641262526	1.0	0.47219416925404956	1.0	1.0	1.0	1.0	0.5252534034154148	1.0	1.0	0.5716285314619263	1.0	0.46516333759528317	0.5621316003068475	0.571628531461926	0.5716285314619262	0.5716285314619262	0.5716285314619263	0.5397840125972111	0.5716285314619262
KL-CP-32	201491	1.0	0.3771067256458791	0.3579042826752666	0.37465238794857125	1.0	1.0	0.44999545891484155	0.47913237178980606	1.0	1.0	0.5337852234159154	1.0	1.0	1.0	0.4153894758042432	1.0	0.3899144893742307	0.4043081939705629	0.4588566573080704	1.0	0.3585940116769342	1.0	0.4486198031635109	0.34165269528760966	0.2250013304363013	0.448619803163511	0.37530599197158115	0.4486198031635109	1.0	0.33177797558113453	0.15985278041267315	0	0.3601233407364818	0.37526021972015805	0.4486198031635109	0.4703216943779634	0.5514208199555168	0.35621116954336335	1.0	0.4486198031635109	0.317766158984952	0.18144885451562232	0.30758354515314157	0.551420819955517	1.0	0.3745259564617815	0.7533732730053705	0.4043081939705629	0.43875368863478026	0.7533732730053705	0.337305200904876	1.0	0.4333300986837696	0.3747227761487006	0.4295736410197766	1.0	1.0	0.5238782139382057	0.48287941686301167	0.5514208199555168	1.0	0.3913397198485005	0.5318979090513398	0.49940008217142784	1.0	0.49656995508444096	1.0	0.9652173136058947	0.4965699550844409	0.5514208199555168	0.5514208199555168	0.46287121677597115	1.0	1.0	1.0	1.0	1.0	0.4486198031635108	1.0	1.0	0.49173417953192283	1.0	0.3920966971903824	1.0	1.0	1.0	1.0	0.442786030627824	1.0	1.0	0.5514208199555168	1.0	0.3901196888896647	0.4853395013963525	0.4965699550844408	0.4965699550844409	0.49656995508444096	0.4965699550844408	0.448619803163511	0.5514208199555168
