KL-374	201663	0.0	0.007783256008568197	0.007347310146101552	0.006692623503801291	0.014549390066857138	0.009831862126191396	0.01931895093634184	0.011807971273609944	0.018205277921242883	0.009829176696670945	0.013230939175918126	0.008972506576995602	0.017024025283900932	0.014400382850540435	0.008985789371463944	0.008994241647506757	0.01144007379856098	0.016414347256272183	0.011772791845896718	0.00892510773642343	0.008944891934422574	0.008978282360729077	0.017210466942323987	0.008979166992000104	0.01516558663136079	0.011021232846470651	0.01324636206863491	0.01630887304298382	0.009696726409987345	0.013541252672869358	0.011146578516373743	0.008777950765387085	0.009452762837066416	0.008950486500258106	0.00917179278146695	0.009923553970151069	0.015555271285703807	0.010183615474000207	0.008873473659904941	0.008870247142655536	0.009820582329415491	0.011467684479075074	0.011763765564211562	0.01482079008585913	0.011334061059544648	0.01192758737719369	0.012146891462650121	0.009618930836759017	0.011638373410196875	0.004053237631379669	0.005118858397343249	0.009065940505932098	0.07726736530665339	0.009222515642610283	0.01311188302897318	0.01826177924725454	0.008935797134440954	0.009321143658308665	0.015864290841425197	0.015484352938470778	0.012254969365928512	0.014870126830962206	0.011724369789345063	0.007037906977902601	0.009608080672737258	0.07563709286621494	0.07769288887487501	0.07555030384578465	0.07600597358472017	0.07555676464542439	0.07559076522262878	0.07567487617434498	0.07561035562044803	0.07514236091633597	0.07510640749896728	0.075493454041497	0.07508709547240937	0.07467199807628595	0.077938989581912	0.07580010870705944	0.07540550289136655	0.07754787257810165	0.07545199746656298	0.0760697797328656	0.07154658499758229	0.07157374135422646	0.07162470447245939	0.07156310873893469	0.07519750003622591	0.07136621636599681	0.0710673270294415	0.0732539610603014	0.0806018665760008	0.07190925082725898	0.07532621974616693	0.0795573483940148	0.077280619961485	0.05439638412339981	0.052228343016762054	0.046996983064580264
KL-375	201664	0.007783256008568197	0.0	0.0021950234654818717	0.0021439378834866973	0.008936978885802293	0.0026194627732198995	0.015018931655875981	0.004131811149214463	0.01377297355456531	0.00218125520501001	0.007320720178702644	0.0013066571082960886	0.01164588430335947	0.008117516743902688	0.0013196800691227624	0.0013282441360144039	0.003983121292269424	0.010919815511999787	0.0045720277744061046	0.0012590241931815542	0.001280353835494248	0.001653524327145429	0.012073942737802355	0.001312792061461246	0.009173842681949512	0.0036786321960472785	0.007071118740238675	0.01110671416520304	0.002460381250389547	0.00710638035657952	0.003939483219818465	0.00143999097181854	0.0017522887521474885	0.0012854870107114843	0.0014460952907081417	0.0027131254612038917	0.01576976065332713	0.0029382852070619562	0.0012550202075215042	0.0012027889519303863	0.002321983498030953	0.0042617184718592195	0.004562379849755685	0.008913149664152886	0.004123803227194036	0.004249025113335371	0.004945202984834447	0.002087226759671934	0.003971637389065262	0.007678910290724592	0.00592792762115028	0.001398023457973496	0.07954967707305105	0.0019276860916799617	0.005912807725852297	0.02053626790253051	0.001184832123574715	0.0016547467886077216	0.01051391108578339	0.009901357261752007	0.006489811846661869	0.009217190747121544	0.005097324263909684	0.008834905434106822	0.001854211438237081	0.0779194046326126	0.07997520064127268	0.07783261561218233	0.07828828535111784	0.07783907641182207	0.07787307698902646	0.07795718794074265	0.07789266738684571	0.07742467268273365	0.07738871926536496	0.07777576580789468	0.07736940723880704	0.07695430984268362	0.08022130134830967	0.0780824204734571	0.07768781465776423	0.07983018434449932	0.07773430923296065	0.07835209149926328	0.07382889676397995	0.07385605312062413	0.07390701623885707	0.07384542050533237	0.07747981180262359	0.07364852813239448	0.07334963879583918	0.07553627282669904	0.08288417834239846	0.07419118171807619	0.07760853151256461	0.08183966016041248	0.07956293172788267	0.05044445817024183	0.04827641706360407	0.043045057111422286
KL-376	201703	0.007347310146101552	0.0021950234654818717	0.0	0.0017047897623840094	0.011106114728401216	0.004805820530960615	0.017207840043105174	0.006263665719177672	0.015904881952781114	0.004375457034344596	0.009507357765526407	0.0031059389188196557	0.013832262669330086	0.010307942679871823	0.0032156415492826684	0.003093576977747334	0.006172815512836334	0.013108898920952877	0.0067583827271476046	0.0031313438152285786	0.0031178637252291014	0.0032896023011819535	0.014260028359258867	0.003088885165073532	0.011360214859478548	0.005866174818177271	0.009229943339831875	0.013240624888271019	0.0046473230375576255	0.009237117195266403	0.006125902690896358	0.0031030972233148735	0.0038841589309723894	0.0029857303087735096	0.0035778568153996787	0.0048994718614451295	0.017964243589255705	0.005126150993863541	0.0030079527195031926	0.0030783585635507293	0.003959710294016261	0.006448068046516797	0.0067487899170720735	0.011099559731469274	0.006310357367342041	0.006381318468947595	0.007131553679828011	0.0037232469605546123	0.006097850138688953	0.007121477341574289	0.007820922815849746	0.0032780193144650964	0.08173540538398391	0.0027863272968479784	0.008099217793168684	0.022721996213463366	0.0032555717503658394	0.0035462412347827227	0.012701199819639374	0.012088745982965433	0.006965404547118847	0.011344673526580471	0.00729125025505512	0.010969294103868774	0.0039871039694977985	0.08010513294354546	0.08216092895220554	0.08001834392311517	0.0804740136620507	0.08002480472275493	0.08005880529995932	0.08014291625167551	0.08007839569777855	0.07961040099366651	0.07957444757629782	0.07996149411882754	0.0795551355497399	0.07914003815361648	0.08240702965924253	0.08026814878438997	0.07987354296869709	0.08201591265543218	0.07992003754389351	0.08053781981019614	0.07601462507491281	0.07604178143155699	0.07609274454978993	0.07603114881626523	0.07966554011355645	0.07583425644332734	0.07553536710677203	0.07772200113763189	0.08506990665333132	0.07637691002900905	0.07979425982349746	0.08402538847134534	0.08174866003881553	0.052630186481174686	0.05046214537453693	0.04523078542235514
KL-244	201809	0.006692623503801291	0.0021439378834866973	0.0017047897623840094	0.0	0.010911953960874474	0.004521145667468749	0.01692226300993439	0.006199490174809582	0.015840667881982608	0.004217325481621497	0.009282518704153132	0.003448204966742217	0.01354757719960872	0.010022261360396892	0.0034615086166770396	0.003469926270570855	0.005887156024898578	0.012934564576287897	0.006473710668654954	0.0034007987357152613	0.0034216391443860263	0.0036338763148129625	0.013975279590864541	0.0034548280079820786	0.011075529521948985	0.005580903029796313	0.009046598621897786	0.013176203227285457	0.004362103912167644	0.009172847123869659	0.005841224208199146	0.003420463277226997	0.0038199166488893698	0.003426772319603262	0.0035136506915783156	0.004614808355452741	0.017678130372284353	0.004840856187532093	0.0033493073792258453	0.0033458738324964993	0.004304192788359018	0.006163401366108069	0.006464082748005335	0.010814852562402534	0.006025505241696794	0.006317005806737313	0.006846885879083296	0.004094650864442889	0.00603481722876255	0.005535155896614307	0.007909118196526874	0.003541567195773062	0.08145072906071858	0.00407039022631479	0.007814510624101946	0.02243731989019804	0.003328112404120824	0.0037977038487697536	0.012416300503556837	0.011803814720117392	0.006821364675432201	0.011192550080369153	0.007005259495345971	0.010904832473304663	0.003943635929394564	0.07982045662028013	0.08187625262894022	0.07973366759984984	0.08018933733878537	0.0797401283994896	0.07977412897669398	0.07985823992841018	0.07979371937451324	0.07932572467040118	0.07928977125303249	0.07967681779556221	0.07927045922647458	0.07885536183035115	0.0821223533359772	0.07998347246112464	0.07958886664543176	0.08173123633216685	0.07963536122062818	0.0802531434869308	0.07572994875164749	0.07575710510829166	0.0758080682265246	0.0757464724929999	0.07938086379029112	0.07554958012006201	0.0752506907835067	0.07743732481436658	0.08478523033006599	0.07609223370574372	0.07950958350023213	0.08374071214808002	0.0814639837155502	0.052345510157909364	0.05017746905127161	0.04494610909908982
CR-5-A	201397	0.014549390066857138	0.008936978885802293	0.011106114728401216	0.010911953960874474	0.0	0.00694231781954667	0.007523384262587555	0.01104535030398792	0.008324784428236818	0.007985490345923073	0.0023502752131615233	0.008206679284220933	0.004078943721835593	0.004379876621788868	0.008219962078689276	0.008228414354732089	0.008517990066208509	0.0043066400149368985	0.009517937482667604	0.008159280443648763	0.008179044790915885	0.008212746405286834	0.005873944930928561	0.008213339699225436	0.004482952013170345	0.008851613190508935	0.003128223570784107	0.005662883447327139	0.00732674077565845	0.004906148164410723	0.00894285459660478	0.008012059181555795	0.008178113084020815	0.008184659207483439	0.008360592927737965	0.007243387353093503	0.009624957764594686	0.008317347522223333	0.00810762740589207	0.00810447888530212	0.009055139046699714	0.009159912162279975	0.008495523498264164	0.003346349490753346	0.008063430463948367	0.0089671041680446	0.009300833916129398	0.008217262168421906	0.009468737927826312	0.013949517903925027	0.010851962645067945	0.008300291870366757	0.08399581280195537	0.00882914174705595	0.01029652745964116	0.02504658423475605	0.008086989025568076	0.008242974027581293	0.003296013751527144	0.0029985997310832185	0.014316071844347968	0.0015380202682799607	0.010913016077012996	0.014069785042180387	0.00798388795210824	0.0823655403615169	0.084421336370177	0.08227875134108663	0.08273442108002214	0.08228521214072637	0.08231921271793076	0.08240332366964696	0.08233880311575001	0.08187080841163795	0.08183485499426926	0.08222190153679898	0.08181554296771135	0.08140044557158793	0.08466743707721397	0.08252855620236142	0.08213395038666854	0.08427632007340363	0.08218044496186497	0.08279822722816758	0.07827503249288427	0.07830218884952844	0.07835315196776137	0.07829155623423667	0.0819259475315279	0.07809466386129879	0.07779577452474348	0.07998240855560336	0.08733031407130278	0.07863731744698049	0.08205466724146891	0.08628579588931679	0.08400906745678699	0.05489074024495362	0.052722699138315864	0.047491339186134074
CR-1	201405	0.009831862126191396	0.0026194627732198995	0.004805820530960615	0.004521145667468749	0.00694231781954667	0.0	0.01315523033109034	0.004488075877623016	0.01412952225010167	0.0015166805413406698	0.006261830487703854	0.0019055820093486892	0.010078584344649066	0.005952975087137699	0.001918782775184228	0.0019273468896027655	0.0018338384615207604	0.009988603429974992	0.0031403253340230855	0.0018581194090485993	0.0018780072634119816	0.0019121607728716256	0.011683292909438571	0.0019122771613500774	0.007959812887583097	0.0024683709604604513	0.004988003450500592	0.011466007984286262	0.0007511704853377784	0.007462331283211609	0.002561190555564571	0.001711157132437727	0.0017006068054988338	0.0018836956216880954	0.001938278444523614	0.0006005450396198099	0.01544615541414907	0.001954778533115148	0.001806623499648757	0.0018032976297384564	0.0027542725052580974	0.002779807840350175	0.0019431968788494246	0.006293990104952478	0.001756528005222606	0.0023204169410005	0.002902728463319689	0.002210921585174086	0.003087948467033517	0.009521272214804725	0.006234234865843292	0.001999104720025348	0.07921708283879166	0.002528266542764197	0.0040056078724221575	0.020212679512465637	0.0017856974697144107	0.00225523701860623	0.008982454274185049	0.008684345945905848	0.007848737510270654	0.007192301222536175	0.004772681559788552	0.009194996356252698	0.001702447274383967	0.07758681039835319	0.07964260640701327	0.07750002137792292	0.07795569111685843	0.07750648217756266	0.07754048275476705	0.07762459370648324	0.0775600731525863	0.07709207844847424	0.07705612503110555	0.07744317157363527	0.07703681300454764	0.0766217156084242	0.07988870711405026	0.07774982623919771	0.07735522042350482	0.07949759011023991	0.07740171499870124	0.07801949726500387	0.07349630252972056	0.07352345888636473	0.07357442200459766	0.07351282627107296	0.07714721756836418	0.07331593389813507	0.07301704456157977	0.07520367859243964	0.08255158410813905	0.07385858748381678	0.0772759372783052	0.08150706592615307	0.07923033749362327	0.05011186393598242	0.047943822829344666	0.04271246287716288
CR-44	201433	0.01931895093634184	0.015018931655875981	0.017207840043105174	0.01692226300993439	0.007523384262587555	0.01315523033109034	0.0	0.015570872484547346	0.004943005609694668	0.013139168927802659	0.008960819657083532	0.01430482285201764	0.00909979706721416	0.009199840505683666	0.014317999579065757	0.01432658053011107	0.013803340450592744	0.006582352992876878	0.015830744053362333	0.014257325841394454	0.014277735751784041	0.014312118023317614	0.0066311832569141485	0.014311449551907609	0.010663180884358876	0.014816867274275577	0.009529813163221114	0.004813497540793186	0.013509692274126621	0.010059379768800489	0.014984840452619037	0.01411049761931177	0.013831989994233018	0.014283213999654827	0.014337828399538335	0.01337575450781404	0.005981850509529832	0.014436655666740045	0.014205849050944823	0.0142022936263779	0.015153741552654953	0.015102343352549836	0.013649344228066709	0.008743671885734518	0.013758000373764262	0.01420573770685381	0.015141143939095238	0.014610907546662283	0.015532704260061654	0.019036008374796392	0.015832916418778067	0.014398040127200492	0.08706120877929177	0.014927524331156626	0.01554852520714229	0.0296741022180137	0.014184573569950207	0.014653903311800586	0.007582666174271298	0.008062899234296464	0.01860278224185205	0.007634881387511688	0.014406861912631177	0.0181860941176173	0.013990812029215802	0.08543093633885332	0.08748673234751342	0.08534414731842305	0.08579981705735856	0.0853506081180628	0.08538460869526718	0.08546871964698338	0.08540419909308643	0.08493620438897437	0.0849002509716057	0.08528729751413541	0.08488093894504778	0.08446584154892435	0.0877328330545504	0.08559395217969784	0.08519934636400496	0.08734171605074005	0.08524584093920137	0.085863623205504	0.08134042847022069	0.08136758482686486	0.08141854794509779	0.08135695221157309	0.08499134350886432	0.08116005983863521	0.0808611705020799	0.08304780453293978	0.0903957100486392	0.08170271342431691	0.08512006321880533	0.08935119186665322	0.0870744634341234	0.05795624326379493	0.05578820215715717	0.05055684220497539
CR-33	201437	0.011807971273609944	0.004131811149214463	0.006263665719177672	0.006199490174809582	0.01104535030398792	0.004488075877623016	0.015570872484547346	0.0	0.015165931100750303	0.003426809647184135	0.009179682893711063	0.003158290986171823	0.01278587786528758	0.008418076975094821	0.003138931759528684	0.0031707151442892582	0.00467035663747294	0.011583916249308861	0.005975504019426598	0.0031331135623246685	0.00314618400545078	0.003767512731510922	0.013925383737196722	0.0031757491773355103	0.010445821905046823	0.004740855246918767	0.009178619170327315	0.011845771872697914	0.0040397429192215615	0.007553370092965659	0.005077672555812325	0.003550081347743467	0.0031442793096138457	0.0032782269270108045	0.0031544384577899074	0.004310019634801605	0.01649950953220288	0.0049134753317274455	0.003364143732284746	0.0031873675334913184	0.004435476113859953	0.005297370093004267	0.0059804221510332805	0.010418022716425978	0.0051051461573710395	0.004564978625111212	0.005876982378734043	0.004200853961096839	0.0050300606753953874	0.011086949283171513	0.008042074002287158	0.0032193122899714733	0.08015279381396591	0.0037512483637499503	0.006852709900406494	0.02241449381919846	0.0030109694717289654	0.0034782850684253355	0.011170237264206606	0.010559731446728145	0.00878028573992597	0.011327107326310128	0.005693363871327712	0.010147613016647952	0.0036729009487394956	0.07852252137352744	0.08057831738218753	0.07843573235309717	0.07889140209203269	0.07844219315273691	0.0784761937299413	0.07856030468165749	0.07849578412776055	0.07802778942364849	0.0779918360062798	0.07837888254880952	0.07797252397972189	0.07755742658359846	0.08082441808922451	0.07868553721437196	0.07829093139867907	0.08043330108541417	0.0783374259738755	0.07895520824017813	0.07443201350489481	0.07445916986153898	0.07451013297977191	0.07444853724624721	0.07808292854353843	0.07425164487330932	0.07395275553675403	0.0761393895676139	0.08348729508331332	0.07479429845899103	0.07821164825347945	0.08244277690132733	0.08016604846879752	0.05104757491115668	0.048879533804518926	0.04364817385233714
CR-48	201448	0.018205277921242883	0.01377297355456531	0.015904881952781114	0.015840667881982608	0.008324784428236818	0.01412952225010167	0.004943005609694668	0.015165931100750303	0.0	0.013507291094567763	0.00881589863158722	0.012799475480361557	0.009581583813794606	0.010929784909778698	0.012689954105036262	0.012811877074967242	0.01530900964356061	0.006601240436312737	0.01589780613439123	0.012774295298944435	0.01278756676538993	0.01340873997716076	0.006651152366043697	0.01281693129822422	0.01064511616134567	0.015004979812254904	0.010625703714208895	0.0033245934665244287	0.013787224978930705	0.008791370800839984	0.015266329832633057	0.01319152008821678	0.013062093361664667	0.012919616991206483	0.012330313563966085	0.014040209489717837	0.006089862190936374	0.014554748461380067	0.013005490570664758	0.012828693998985124	0.014076866070668865	0.015588130874041265	0.015888630012965612	0.010739585825527528	0.01545077063243102	0.015219221483806602	0.01627140614622395	0.013842031396784684	0.015198262853621053	0.018614150266749018	0.014881854309203912	0.012629730353098301	0.08759391350013038	0.013211020724223666	0.017238786609564617	0.028773334420063166	0.012653758319571906	0.01298567298955324	0.008202826748034445	0.008368536868161497	0.019506027649959987	0.00906953274256571	0.015830936167500417	0.01681720970848028	0.013312875613155263	0.08596364105969191	0.088019437068352	0.08587685203926164	0.08633252177819715	0.08588331283890138	0.08591731341610577	0.08600142436782196	0.08593690381392502	0.08546890910981296	0.08543295569244427	0.08582000223497399	0.08541364366588636	0.08499854626976294	0.08826553777538898	0.08612665690053642	0.08573205108484354	0.08787442077157864	0.08577854566003996	0.0863963279263426	0.08187313319105928	0.08190028954770345	0.08195125266593638	0.08188965693241168	0.08552404822970291	0.0816927645594738	0.0813938752229185	0.08358050925377836	0.09092841476947777	0.0822354181451555	0.08565276793964392	0.0898838965874918	0.08760716815496199	0.05848898012357164	0.056320939016933885	0.051089579064752096
CR-49	201449	0.009829176696670945	0.00218125520501001	0.004375457034344596	0.004217325481621497	0.007985490345923073	0.0015166805413406698	0.013139168927802659	0.003426809647184135	0.013507291094567763	0.0	0.007144148757368687	0.0014661435243786532	0.010326931483451506	0.0062713609891424694	0.001478439643784475	0.001488178032661138	0.001887411772606303	0.009895698312686345	0.0034112509125953034	0.001417895383956527	0.0014391978958157672	0.0017835230521424214	0.011656590025904367	0.001472683743584415	0.007880562327869966	0.0023596442683787217	0.006294956258063008	0.010401706634649796	0.0012714644924007226	0.0066213953935767905	0.0026208676530677802	0.0015675445927432457	0.0014624533915579762	0.001445647456551132	0.0014964859788209187	0.001489797156468234	0.015032358525693443	0.0026417372038319287	0.001381774260810296	0.0013618887167644146	0.002451464712317725	0.0029427953301650826	0.002559110545792897	0.007053188994207106	0.0024448316836610472	0.002106336901210605	0.003111836069081152	0.0016302764945431657	0.002686455760050025	0.00910796418074893	0.006057556798908989	0.0015573615274008224	0.07881820329080767	0.0020900498901010715	0.004253807710724468	0.02043287703155825	0.0013425055767497531	0.001816495035838229	0.009490195845737537	0.008877307079071197	0.00744353275993655	0.00791133794535721	0.0043593089230103245	0.008259081212318239	0.0011550139429082939	0.07718793085036921	0.07924372685902929	0.07710114182993894	0.07755681156887445	0.07710760262957868	0.07714160320678307	0.07722571415849926	0.07716119360460232	0.07669319890049026	0.07665724548312157	0.07704429202565129	0.07663793345656365	0.07622283606044022	0.07948982756606628	0.07735094669121373	0.07695634087552083	0.07909871056225594	0.07700283545071726	0.07762061771701989	0.07309742298173658	0.07312457933838075	0.07317554245661367	0.07311394672308898	0.0767483380203802	0.0729170543501511	0.07261816501359579	0.07480479904445565	0.08215270456015508	0.0734597079358328	0.07687705773032122	0.08110818637816909	0.07883145794563928	0.04971298438799844	0.047544943281360684	0.042313583329178894
CR-53	201453	0.013230939175918126	0.007320720178702644	0.009507357765526407	0.009282518704153132	0.0023502752131615233	0.006261830487703854	0.008960819657083532	0.009179682893711063	0.00881589863158722	0.007144148757368687	0.0	0.006606917929911721	0.0050445746220311545	0.0036316085549026713	0.006620148338275937	0.006628673007224915	0.008026045498859432	0.00488776883547774	0.008278891038058574	0.006559461301614938	0.0065792835919503325	0.006613397568049218	0.006368434367345375	0.006613588965263407	0.0032438667693113483	0.0076071030328020775	0.002529912725683955	0.006152862456235486	0.006281362988824468	0.003042671144782392	0.007700175814650924	0.0064124623618324285	0.0065478057836213495	0.006584995336901136	0.006730478746511357	0.006353676283441724	0.010201477278181699	0.00684295579992126	0.006507955657370594	0.00650458502530336	0.007455528309940442	0.007918678020300152	0.00820241104687344	0.0030534461528364193	0.007764555459244601	0.008512679561870939	0.00858523044457831	0.006912158380351679	0.008227073336668337	0.01305376531797631	0.009541791129815281	0.006700385242006637	0.08281798051737096	0.007229503337941788	0.009552623307886128	0.0238062855969621	0.006487085749234175	0.006956046531515863	0.003913480018668347	0.0035817936272148415	0.012843663773902473	0.0026307041435771287	0.009495259325751538	0.012729399526878012	0.007141291635365414	0.0811877080769325	0.08324350408559257	0.08110091905650221	0.08155658879543773	0.08110737985614196	0.08114138043334634	0.08122549138506253	0.0811609708311656	0.08069297612705353	0.08065702270968485	0.08104406925221457	0.08063771068312693	0.0802226132870035	0.08348960479262955	0.08135072391777701	0.08095611810208411	0.08309848778881922	0.08100261267728054	0.08162039494358317	0.07709720020829985	0.07712435656494403	0.07717531968317695	0.07711372394965225	0.08074811524694347	0.07691683157671436	0.07661794224015907	0.07880457627101894	0.08615248178671836	0.07745948516239608	0.0808768349568845	0.08510796360473237	0.08283123517220256	0.053712882860384635	0.05154484175374688	0.04631348180156509
KL-CP-3	201463	0.008972506576995602	0.0013066571082960886	0.0031059389188196557	0.003448204966742217	0.008206679284220933	0.0019055820093486892	0.01430482285201764	0.003158290986171823	0.012799475480361557	0.0014661435243786532	0.006606917929911721	0.0	0.010932208446243666	0.007403525816182983	0.00010985111532459757	2.21011266479944e-05	0.003269271744006018	0.010205740611929982	0.0038581905324960343	4.827354804441322e-05	2.8256079103731217e-05	0.0006093646315504621	0.011360549485191522	1.7507990257076934e-05	0.00846003729560495	0.0029646634345958456	0.0063301026899534344	0.010135199867858396	0.0017466091943683104	0.006136527926167328	0.003225818858166203	0.0003920846543062918	0.0007804790102764385	0.00012073487984989836	0.0004723933972543696	0.0019992855177428867	0.015055247935549076	0.0022243505732499726	0.00020605513675427174	0.00010476802557246369	0.001277559990587176	0.003547814496382206	0.003848712855181606	0.00819950608128466	0.003410059708050853	0.0032775942585629805	0.0042313819558947524	0.0010427032606162754	0.0031579579545631554	0.00898307132760653	0.004916518200608919	0.00017271541896781385	0.07883646541261216	0.0006250800616484947	0.005199087702542071	0.01982305624209162	0.00015007752055206888	0.0004430373157381862	0.009800259205687162	0.009187285545382909	0.0074639727401665315	0.008445233933119935	0.0043827502466039815	0.008058296166857588	0.0009003291975045725	0.07720619297217371	0.0792619889808338	0.07711940395174344	0.07757507369067895	0.07712586475138318	0.07715986532858757	0.07724397628030376	0.07717945572640682	0.07671146102229476	0.07667550760492607	0.07706255414745579	0.07665619557836816	0.07624109818224473	0.07950808968787078	0.07736920881301823	0.07697460299732534	0.07911697268406044	0.07702109757252176	0.07763887983882439	0.07311568510354108	0.07314284146018525	0.07319380457841818	0.07313220884489348	0.0767666001421847	0.07293531647195559	0.07263642713540029	0.07482306116626015	0.08217096668195958	0.0734779700576373	0.07689531985212572	0.0811264484999736	0.07884972006744378	0.04973124650980294	0.047563205403165186	0.042331845450983396
KL-CP-23	201472	0.017024025283900932	0.01164588430335947	0.013832262669330086	0.01354757719960872	0.004078943721835593	0.010078584344649066	0.00909979706721416	0.01278587786528758	0.009581583813794606	0.010326931483451506	0.0050445746220311545	0.010932208446243666	0.0	0.0067421116077570654	0.010945406779773724	0.01095397332649774	0.010376653424617832	0.004399329459472273	0.007613652040054504	0.010884745845943577	0.010904529494898263	0.01093862664719125	0.006367985754194562	0.01093888956245853	0.00286033435274342	0.008824194621259343	0.006713325637854655	0.006376696184316642	0.009983416429883443	0.006968250497681316	0.008633652357344044	0.010737792866144055	0.010726992680371816	0.010910274686677832	0.010963563578511236	0.009886057764221199	0.010341422225637692	0.010636864614424639	0.010833249936543733	0.010829883411138653	0.011780644635818642	0.008822560925102037	0.009858461570415764	0.004817021812848335	0.00980810437869452	0.011163055576270899	0.009521066905266627	0.010890754323461229	0.008707620809769218	0.016237022622157447	0.013437997096575791	0.011025649346442469	0.08566726405291764	0.01155473241708382	0.010628907292012477	0.027394063371974333	0.010812182789192186	0.01128113501965828	0.0034031846399159207	0.0040946093174588066	0.016126704293657694	0.004296105139391254	0.0126989924737202	0.015904280644207968	0.011427092467927702	0.08403699161247918	0.08609278762113927	0.0839502025920489	0.08440587233098443	0.08395666339168865	0.08399066396889304	0.08407477492060923	0.08401025436671229	0.08354225966260023	0.08350630624523155	0.08389335278776126	0.08348699421867363	0.0830718968225502	0.08633888832817625	0.08420000745332369	0.08380540163763081	0.0859477713243659	0.08385189621282724	0.08446967847912987	0.07994648374384654	0.07997364010049071	0.08002460321872365	0.07996300748519895	0.08359739878249017	0.07976611511226106	0.07946722577570577	0.08165385980656564	0.08900176532226504	0.08030876869794278	0.08372611849243118	0.08795724714027907	0.08568051870774926	0.05656220366929567	0.054394162562657916	0.049162802610476126
KL-CP-17	201477	0.014400382850540435	0.008117516743902688	0.010307942679871823	0.010022261360396892	0.004379876621788868	0.005952975087137699	0.009199840505683666	0.008418076975094821	0.010929784909778698	0.0062713609891424694	0.0036316085549026713	0.007403525816182983	0.0067421116077570654	0.0	0.007416730049161019	0.007425299396725288	0.005553213236959214	0.004994170832766435	0.008445375880324258	0.007356063215882893	0.007375850204250131	0.0075193938012833635	0.008655540557390236	0.007410221234366581	0.0044019029759552524	0.0072110005950458194	0.0024283117192153733	0.007615750114338521	0.006165543556628243	0.003754596888507049	0.00754758211824618	0.007304115104666077	0.006922022263890058	0.007381592056617149	0.007435005290486232	0.006281141975246623	0.01184310435657052	0.007905028365479204	0.007304600679250478	0.0073012187018759	0.008252173862318066	0.0077675590434956665	0.0068241192098028826	0.003170656144974763	0.006570878047880855	0.005659703617302678	0.007833293259367493	0.007709903672406604	0.007832867268399824	0.013679294302725664	0.010634917370197325	0.0074970354687873665	0.08272768668041242	0.008026236115099072	0.00880281972991393	0.025006235742485734	0.007283534289611197	0.007752750699748105	0.004769891640658773	0.003810357423438754	0.012517146576293756	0.004460465575941878	0.00921091120586561	0.01303978421259423	0.007089562044735358	0.08109741423997394	0.08315321024863402	0.08101062521954366	0.08146629495847918	0.0810170860191834	0.0810510865963878	0.08113519754810398	0.08107067699420704	0.08060268229009498	0.0805667288727263	0.08095377541525602	0.08054741684616838	0.08013231945004495	0.083399310955671	0.08126043008081844	0.08086582426512556	0.08300819395186065	0.08091231884032199	0.08153010110662462	0.07700690637134129	0.07703406272798546	0.0770850258462184	0.0770234301126937	0.08065782140998493	0.07682653773975581	0.07652764840320052	0.07871428243406038	0.0860621879497598	0.07736919132543753	0.08078654111992595	0.08501766976777382	0.08274094133524401	0.05362256856731494	0.05145452746067719	0.0462231675084954
KL-CP-18	201478	0.008985789371463944	0.0013196800691227624	0.0032156415492826684	0.0034615086166770396	0.008219962078689276	0.001918782775184228	0.014317999579065757	0.003138931759528684	0.012689954105036262	0.001478439643784475	0.006620148338275937	0.00010985111532459757	0.010945406779773724	0.007416730049161019	0.0	0.00012212202908872677	0.0032824700775360765	0.010218946387072216	0.0038713888660260936	8.4485400910273e-05	9.896844500350115e-05	0.0007188124280594149	0.011373832279659862	0.00012702043998199462	0.00847323562913501	0.0029778617681259045	0.006343429497625736	0.010025348752533799	0.0017598075278983695	0.00602774170937229	0.0032389689359630398	0.0005017977409422828	0.0007688250474990215	0.00023053097866954442	0.0003629388358233615	0.0020124838512729456	0.015067465831487858	0.002237548906780032	0.00031576822339026274	0.00013874108702387187	0.001387043597839352	0.0035610128299122653	0.0038619111887116643	0.008212704414814719	0.003423258041580912	0.0031917705078922617	0.004244580289424813	0.0011521510571252283	0.0031711448094920557	0.008996354122074869	0.004993393359993605	8.060628733877497e-05	0.0788497482070805	0.0006124946576372912	0.005212286036072131	0.01983633903655996	0.00013711302151382573	0.00033951080755653174	0.00981345753921722	0.009200434853416008	0.00747678734509801	0.008458560740792237	0.004395108395158548	0.008070699743820256	0.0009133513159501062	0.07721947576664205	0.07927527177530214	0.07713268674621178	0.0775883564851473	0.07713914754585152	0.07717314812305591	0.0772572590747721	0.07719273852087516	0.0767247438167631	0.07668879039939441	0.07707583694192413	0.0766694783728365	0.07625438097671308	0.07952137248233912	0.07738249160748656	0.07698788579179368	0.07913025547852878	0.0770343803669901	0.07765216263329273	0.07312896789800942	0.07315612425465359	0.07320708737288652	0.07314549163936182	0.07677988293665305	0.07294859926642394	0.07264970992986863	0.0748363439607285	0.08218424947642791	0.07349125285210564	0.07690860264659406	0.08113973129444194	0.07886300286191213	0.049744529304271284	0.04757648819763353	0.04234512824545174
KL-CP-20	201480	0.008994241647506757	0.0013282441360144039	0.003093576977747334	0.003469926270570855	0.008228414354732089	0.0019273468896027655	0.01432658053011107	0.0031707151442892582	0.012811877074967242	0.001488178032661138	0.006628673007224915	2.21011266479944e-05	0.01095397332649774	0.007425299396725288	0.00012212202908872677	0.0	0.003291036624260094	0.010227515734636485	0.0038799554127501115	7.028264870461128e-05	5.035720575172561e-05	0.0005969190670111002	0.011382284555702674	1.5548305281584338e-05	0.008481802175859027	0.002986428314849922	0.006351798548701058	0.010147465179942023	0.001768374074622387	0.006148572424066698	0.0032475487279171288	0.0003797733326597979	0.0007925781252408799	0.00010851858247068459	0.0004848321968716762	0.0020210503979969626	0.015077203820244483	0.0022461154535040485	0.000193774015606215	0.00012666292960119782	0.0012651690424327297	0.0035695793766362827	0.0038704777354356817	0.008221270961538735	0.0034318245883049295	0.0032896537985746934	0.004253146836148829	0.0010302576960769137	0.0031797113562160723	0.009004806398117682	0.004938105228327235	0.00018493171634702756	0.07885820048312332	0.0006029985408822647	0.005220852582796147	0.019844791312602774	0.0001622938179312826	0.00045496878134786904	0.009822024085941239	0.009209086541591771	0.007485778328473023	0.00846692979186756	0.0044047169371611485	0.008080217041049846	0.0009219560466931385	0.07722792804268486	0.07928372405134494	0.07714113902225458	0.0775968087611901	0.07714759982189433	0.07718160039909872	0.0772657113508149	0.07720119079691797	0.0767331960928059	0.07669724267543722	0.07708428921796694	0.0766779306488793	0.07626283325275587	0.07952982475838193	0.07739094388352938	0.07699633806783648	0.07913870775457159	0.07704283264303291	0.07766061490933554	0.07313742017405223	0.0731645765306964	0.07321553964892932	0.07315394391540463	0.07678833521269585	0.07295705154246673	0.07265816220591144	0.07484479623677132	0.08219270175247073	0.07349970512814845	0.07691705492263687	0.08114818357048474	0.07887145513795493	0.0497529815803141	0.04758494047367634	0.04235358052149455
KL-CP-35	201483	0.01144007379856098	0.003983121292269424	0.006172815512836334	0.005887156024898578	0.008517990066208509	0.0018338384615207604	0.013803340450592744	0.00467035663747294	0.01530900964356061	0.001887411772606303	0.008026045498859432	0.003269271744006018	0.010376653424617832	0.005553213236959214	0.0032824700775360765	0.003291036624260094	0.0	0.010000963306363186	0.003566634087129232	0.003221809143705928	0.003241626264092739	0.0034002683552397835	0.013043789853227659	0.003275963094106456	0.008036067557267922	0.0025930981078021893	0.006505069196162911	0.011995111300923187	0.0020465074905455945	0.008417718762241122	0.0029295828599953944	0.003185950465313595	0.003064024569671981	0.003247356622590792	0.003300677558741293	0.002162114816158079	0.016541348557477343	0.0037860896106352046	0.003170376739093086	0.0031669835624948345	0.004117988084767431	0.0028882330610505253	0.0020261170069634815	0.00705999373251626	0.0022557689275124805	0.0017361636458629313	0.003019649207078649	0.003318465718520849	0.0031988918449324657	0.010718813620028569	0.007674956453920372	0.003362828391663168	0.07986964791529991	0.0038919932959307797	0.004185026585668318	0.022045783482972363	0.0031493240955314415	0.003618958259754952	0.009443404407309158	0.008961519681066375	0.008501038415938649	0.008331210575144134	0.0054226107622414865	0.010064212997330745	0.002972483657234454	0.07823937547486146	0.08029517148352154	0.07815258645443118	0.0786082561933667	0.07815904725407093	0.07819304783127531	0.0782771587829915	0.07821263822909456	0.0777446435249825	0.07770869010761382	0.07809573665014354	0.0776893780810559	0.07727428068493247	0.08054127219055852	0.07840239131570596	0.07800778550001308	0.08015015518674817	0.07805428007520951	0.07867206234151214	0.07414886760622881	0.07417602396287298	0.07422698708110592	0.07416539134758122	0.07779978264487244	0.07396849897464333	0.07366960963808804	0.0758562436689479	0.08320414918464732	0.07451115256032505	0.07792850235481347	0.08215963100266134	0.07988290257013153	0.050764429012490675	0.048596387905852925	0.043365027953671136
KL-CP-32	201491	0.016414347256272183	0.010919815511999787	0.013108898920952877	0.012934564576287897	0.0043066400149368985	0.009988603429974992	0.006582352992876878	0.011583916249308861	0.006601240436312737	0.009895698312686345	0.00488776883547774	0.010205740611929982	0.004399329459472273	0.004994170832766435	0.010218946387072216	0.010227515734636485	0.010000963306363186	0.0	0.011015839721393392	0.010158278011629893	0.010178105137019205	0.01050398992971133	0.0041355888974467245	0.010212437572277777	0.005920768392600018	0.009691369605735481	0.006646147522962983	0.0032868941177140393	0.00964586425341499	0.006243184650695349	0.010407659787087688	0.010289243605279965	0.010000458227794166	0.010183835495517258	0.010237349510195316	0.00981313911223612	0.008000181187672649	0.010509173705677983	0.010106855612019553	0.010103435039787096	0.011173360138190935	0.010627768271425716	0.011310053782281145	0.006247623662771388	0.010837602228407767	0.009661424973936971	0.011207707786993482	0.010595631406666719	0.010510179925582794	0.01569326535559466	0.012649574855004725	0.010299248175038859	0.08482105415366908	0.010828482814948274	0.012183761705951264	0.027019963643922833	0.01008574699586269	0.010554795491562548	0.0021241973152986192	0.002360167546209976	0.015580731160415728	0.0047574474589248085	0.012084944758968146	0.01487176035640028	0.010701195759300001	0.08319078171323065	0.08524657772189072	0.08310399269280036	0.08355966243173588	0.0831104534924401	0.08314445406964449	0.08322856502136068	0.08316404446746374	0.08269604976335168	0.082660096345983	0.08304714288851271	0.08264078431942508	0.08222568692330165	0.0854926784289277	0.08335379755407515	0.08295919173838226	0.08510156142511736	0.08300568631357869	0.08362346857988132	0.079100273844598	0.07912743020124217	0.0791783933194751	0.0791167975859504	0.08275118888324162	0.07891990521301251	0.07862101587645721	0.08080764990731709	0.08815555542301651	0.07946255879869422	0.08287990859318264	0.08711103724103052	0.08483430880850071	0.0557160204643066	0.05354797935766884	0.04831661940548705
KL-CP-34	201493	0.011772791845896718	0.0045720277744061046	0.0067583827271476046	0.006473710668654954	0.009517937482667604	0.0031403253340230855	0.015830744053362333	0.005975504019426598	0.01589780613439123	0.0034112509125953034	0.008278891038058574	0.0038581905324960343	0.007613652040054504	0.008445375880324258	0.0038713888660260936	0.0038799554127501115	0.003566634087129232	0.011015839721393392	0.0	0.003810727932195945	0.003830511581150631	0.0038647109858190353	0.012760737716575387	0.0038648716487109	0.005694735405567495	0.0017504666064236541	0.007986125009947956	0.01295629775613031	0.002909681211906201	0.009006329231812198	0.0016621372349890356	0.003663775129497369	0.00365291626322016	0.0038362567729302013	0.003889501927707085	0.0029632282643968547	0.017072496821217066	0.0037509790707641413	0.003759232022796102	0.0037558654973910213	0.004706726276333686	0.0015247735564249427	0.0027310874076508264	0.007189768109236707	0.0031053478403907653	0.004353148140110341	0.0023149773478983184	0.0038168384691211078	0.001593320093730649	0.011001026010122978	0.008186467615095224	0.003951674564604021	0.08083118576031634	0.0044808167557116065	0.0034320470220476377	0.022293739037459584	0.0037381880864064787	0.004207448658595228	0.010120652683636197	0.010142681129503603	0.009468166693967245	0.009272373000014135	0.006397887269288582	0.010685900054158879	0.004353757923265715	0.07920091331987787	0.08125670932853797	0.0791141242994476	0.07956979403838312	0.07912058509908734	0.07915458567629173	0.07923869662800793	0.07917417607411098	0.07870618136999892	0.07867022795263025	0.07905727449515997	0.07865091592607232	0.0782358185299489	0.08150281003557495	0.0793639291607224	0.07896932334502951	0.0811116930317646	0.07901581792022594	0.07963360018652856	0.07511040545124524	0.07513756180788941	0.07518852492612235	0.07512692919259764	0.07876132048988888	0.07493003681965976	0.07463114748310445	0.0768177815139643	0.08416568702966375	0.07547269040534146	0.07889004019982988	0.08312116884767777	0.08084444041514796	0.051725966857507105	0.04955792575086934	0.04432656579868756
