KL-374	201663	0.0	0.0024634522039355383	0.002284737061149906	0.0020883162884527597	0.004787784049556255	0.003609195691729227	0.007826308029625573	0.005640592438139605	0.0068950713461699495	0.0033121957420275848	0.00407215841185524	0.0027513449158941654	0.006556935243053053	0.005441972715256179	0.0027985818111754823	0.0028102699138362807	0.0041962422355218704	0.006260415107055405	0.004514139837736515	0.0026868365104025177	0.002736414665512464	0.003267197721027553	0.007558225906711622	0.0027644960933901463	0.004936250096916667	0.004227577440746881	0.004520172598509621	0.0047785312130293215	0.0035174120496712473	0.004419163009808423	0.0044065091608729325	0.0030698947202794226	0.0030373569554845788	0.002779250571345954	0.003297123103398773	0.0038697933377107785	0.004617488356193337	0.0036304395970252245	0.002907203911051568	0.0028994415389273155	0.0032140250269259976	0.004443774275229967	0.005149998629812309	0.005429275106599882	0.004211135811396804	0.004585325981955389	0.004638820583613271	0.002851261915817246	0.0046499864438406605	0.001231744795589017	0.0021814696991568974	0.002828590645613205	0.07414157525604734	0.0031981592034013625	0.0056912036990990995	0.012145283123047334	0.002665625208333032	0.0029113171566591276	0.005830650011661296	0.005716220402694454	0.005494364630674831	0.004641185063523873	0.005000629836953923	0.0025657913919166597	0.002933537715484044	0.07549462306995779	0.07521758818157562	0.07347130305711413	0.07357193098612154	0.07335154670708986	0.0733781334710425	0.07348058952070229	0.07329995051260743	0.072979733838324	0.07294086010028003	0.07324930378005093	0.0729220145328896	0.07228012359388178	0.07438704276358385	0.07369219722749414	0.07315703909219518	0.07364687662281892	0.07321133541994589	0.07362088295701408	0.07140246763698586	0.0714610798402941	0.07143893926496578	0.07140608209183075	0.0726025434112643	0.0713823886042515	0.07131997182639722	0.07248796063150059	0.07546940239292291	0.07160818216720946	0.07386532842818247	0.07512297720347119	0.07374339886212465	0.04409638487919376	0.043813499997523056	0.04204320137399766
KL-375	201664	0.0024634522039355383	0.0	0.0012250912387782706	0.0005970550433540363	0.0027891659171499663	0.0011830023212378111	0.006346571452185167	0.0034055876329061184	0.0056119737174891125	0.0008778625837802777	0.0018793955315719417	0.0005424993730209503	0.00481051819602353	0.0034911759034180856	0.0005888803433669656	0.0006019255084573657	0.0019620539533337943	0.004788487249738183	0.0022686657747252653	0.0004768560563359446	0.000527898639060762	0.0008682740269826982	0.006280799617368954	0.0005554822850303376	0.002970504473374724	0.001998449667775134	0.0023286784913686873	0.002954983176125083	0.0010865933348231662	0.0023829752489790213	0.0021776039116405757	0.0006651675423726298	0.0008306194788887982	0.0005146309881754965	0.001062208932180271	0.00143937745211016	0.0036996116074957154	0.001230263686703188	0.0005020522002299691	0.0004946319906280847	0.0007743307323344918	0.002056905858161269	0.00272509091019085	0.0032206156988314905	0.0017861329595903455	0.002350084569683139	0.0023726954699950058	0.000641649336299322	0.0024211212663632267	0.0030386035295537637	0.0011646788471847188	0.000619066159554325	0.07449861412310932	0.0010865730503274804	0.003266309085913862	0.0124878642518687	0.00037769734478407534	0.0007035725658645878	0.004226266504396807	0.003990465910419186	0.0034176599237171193	0.0024903247744673244	0.0026717641472305243	0.003108662211531153	0.0007246356757775459	0.0758516619370198	0.07557462704863763	0.07382834192417614	0.07392896985318355	0.07370858557415187	0.07373517233810449	0.0738376283877643	0.07365698937966944	0.073336772705386	0.07329789896734204	0.07360634264711294	0.07327905339995161	0.07263716246094377	0.07474408163064584	0.07404923609455615	0.07351407795925718	0.07400391548988093	0.0735683742870079	0.07397792182407607	0.07175950650404787	0.07181807564933472	0.07179597813202779	0.07176312095889276	0.07295958227832632	0.07173942747131351	0.07167699116453602	0.07284499949856259	0.07582644125998492	0.07196509917064785	0.07422236729524448	0.0754800160705332	0.07410043772918666	0.04262433976735686	0.04234145488568615	0.04057115626216076
KL-376	201703	0.002284737061149906	0.0012250912387782706	0.0	0.000628210245189518	0.0037083789111881323	0.002402290841424125	0.007569731559045992	0.004288169641205362	0.00649476550109254	0.0021028212877434982	0.003099263560361697	0.001190441834657927	0.006028871381289843	0.0043699976200230715	0.0013287689578218333	0.0011845405473420163	0.0028439571182066825	0.005667817514198758	0.0033079858867160177	0.001256029334597909	0.0012229504445258844	0.001787929058517984	0.007159419364331924	0.0011773591505626984	0.003994314007039193	0.0028773279051107037	0.0032480565010961594	0.0038387457580683596	0.002308097195661015	0.003264168404451203	0.0030564844746346327	0.0015879732768668568	0.0014497083470539464	0.0012973976728349033	0.0019446902571296652	0.00266063769117526	0.004924595505853557	0.002222687109862327	0.0014252086338234836	0.0014173641112422484	0.0019992562314169126	0.0032374476735731357	0.003943814197114413	0.004439340181550069	0.0030048274164879664	0.0032328989552249388	0.003432517902866273	0.0012756383414782957	0.003299959409669921	0.0024720641602275994	0.0021400137563996786	0.001233082504580916	0.07571688612527144	0.001770908273842793	0.004485003181766594	0.013706136254030808	0.001355589993695638	0.0012856512621306057	0.005105360768300783	0.004869971296191919	0.004242620164204455	0.003688077235947997	0.003896343979323066	0.003993782980195455	0.0014579557719447281	0.0770699339391819	0.07679289905079974	0.07504661392633825	0.07514724185534566	0.07492685757631398	0.0749534443402666	0.0750559003899264	0.07487526138183154	0.0745550447075481	0.07451617096950415	0.07482461464927505	0.0744973254021137	0.07385543446310588	0.07596235363280796	0.07526750809671826	0.0747323499614193	0.07522218749204304	0.07478664628917	0.07519619382623818	0.07297777850620998	0.07303634765149683	0.0730142501341899	0.07298139296105487	0.07417785428048843	0.07295769947347562	0.07289526316669813	0.0740632715007247	0.07704471326214703	0.07318337117280996	0.07544063929740659	0.0766982880726953	0.07531870973134877	0.043842611769518966	0.04355972688784825	0.041789428264322866
KL-244	201809	0.0020883162884527597	0.0005970550433540363	0.000628210245189518	0.0	0.0031064311649636163	0.0017753097384014633	0.006942118954498441	0.0038838454705325738	0.006090397217775335	0.0014748485377113134	0.0024720983155694814	0.0007452250230969292	0.005402477799262429	0.003966436841945838	0.0009241061070421124	0.00080430144373312	0.0024396408115853665	0.005264003681559078	0.002743958410143888	0.0007579602830249073	0.0008186074635090527	0.0011855843031063212	0.006755874383152192	0.0007581290972091628	0.0034457875285498225	0.0024737273496071434	0.0026460655973639608	0.0034335778386199605	0.0016801895253555285	0.002859819269465797	0.0026529016977993396	0.0009844126694708412	0.0010452712790714152	0.000716559256276883	0.0015403848873962187	0.0020330467691686564	0.004296600757063313	0.0015958437535319565	0.0008216436586317152	0.0008137384241195342	0.0013713272929678903	0.0026110600661540567	0.0033174045909372743	0.0038129305753729303	0.0023784394480239977	0.0028285196725287053	0.002847988105413628	0.000870403608667224	0.0028963978391172655	0.0027162891675795303	0.0015119319896196722	0.0008278721206835965	0.07509057909874536	0.0015650243737621288	0.0038586155743475146	0.01307982922750474	0.0007301888824847453	0.0009052481842452737	0.004701658505738065	0.004466252262517827	0.0036566445368410518	0.0030615714906872095	0.003268435277341803	0.0035886156482820525	0.0010532298006981234	0.07644362691265583	0.07616659202427367	0.07442030689981219	0.0745209348288196	0.07430055054978792	0.07432713731374055	0.07442959336340034	0.07424895435530549	0.07392873768102205	0.07388986394297808	0.07419830762274898	0.07387101837558765	0.07322912743657983	0.0753360466062819	0.07464120107019219	0.07410604293489323	0.07459588046551698	0.07416033926264394	0.07456988679971213	0.07235147147968392	0.07241004062497076	0.07238794310766383	0.0723550859345288	0.07355154725396236	0.07233139244694956	0.07226895614017206	0.07343696447419863	0.07641840623562098	0.07255706414628389	0.07481433227088052	0.07607198104616925	0.0746924027048227	0.04321630474299289	0.04293341986132218	0.04116312123779679
CR-5-A	201397	0.004787784049556255	0.0027891659171499663	0.0037083789111881323	0.0031064311649636163	0.0	0.0022739993834264196	0.004937268977816997	0.005682650382921464	0.00495815772134815	0.002774962955559215	0.001330522158007972	0.00253582493784411	0.00347469561189237	0.002952265658155666	0.0027250331923772578	0.0025597662304975136	0.0034239032626213143	0.003529138326348626	0.00386461573896046	0.002559311487940319	0.002618348306674759	0.0022978393212685195	0.005303329685218651	0.002538604125771859	0.0026268093068494724	0.0035994336335675755	0.0015032114389687086	0.0023038830247776422	0.002613597641000504	0.003210715232076041	0.003778133770596509	0.0021243488560328734	0.002711306737909425	0.0024137670729746487	0.0033395754372115725	0.0026039325569152403	0.002629459615289294	0.0024146030254227147	0.0022873585951660997	0.00229457273040227	0.00265574685341015	0.0036544745715790064	0.0037408274461630843	0.00264701472555108	0.0028046014284835307	0.0037986335005907486	0.0038761227541515295	0.002585740530712332	0.004018904884316392	0.00525093637624543	0.002794840436594029	0.0026293930314824857	0.0759438150062676	0.0033646149496566182	0.004367073033104699	0.01421350744324048	0.0025317019555607953	0.0025698459642534035	0.0029640865980029582	0.002730027441421369	0.0056589748990933456	0.001416636217641712	0.004453670220246571	0.004990643444121775	0.0027245528424012042	0.07729686282017806	0.0770198279317959	0.07527354280733442	0.07537417073634183	0.07515378645731015	0.07518037322126278	0.07528282927092257	0.07510219026282772	0.07478197358854428	0.07474309985050032	0.07505154353027121	0.07472425428310989	0.07408236334410206	0.07618928251380414	0.07549443697771444	0.07495927884241547	0.07544911637303922	0.07501357517016617	0.07542312270723436	0.07320470738720615	0.073263276532493	0.07324117901518608	0.07320832184205103	0.07440478316148459	0.07318462835447179	0.0731221920476943	0.07429020038172086	0.07727164214314321	0.07341030005380614	0.07566756817840277	0.07692521695369148	0.07554563861234494	0.04406957535190583	0.04378669047023512	0.04201639184670973
CR-1	201405	0.003609195691729227	0.0011830023212378111	0.002402290841424125	0.0017753097384014633	0.0022739993834264196	0.0	0.005951819076370548	0.003916833263781219	0.006123668225506526	0.000989253561779433	0.0012684907917867114	0.0012149763929167057	0.004356822538372111	0.0028153883213439547	0.0012622483913562377	0.0012741742448222771	0.0012910735751586648	0.004337652261886268	0.001814880918028806	0.0011501978145515995	0.0012008107346365244	0.0013818292490716268	0.006470597447511391	0.001228009941769765	0.002516825292592139	0.0015451915294451722	0.0013973671478781644	0.0034671131019908	0.0006217208399184677	0.0028935535551657386	0.0017241407288085195	0.0009415436617155725	0.001368215666226491	0.0011861053130600514	0.0015735031056987616	0.0003931087326130452	0.003706840379961987	0.0009498874069470279	0.0010308310959483793	0.0011240032771638864	0.0010022067607538114	0.0016031667522208883	0.001542293124660829	0.002062723529772305	0.0006539030166068137	0.0019195482545518207	0.0017890493000716377	0.001271991972592972	0.001967521529401761	0.004070929398626863	0.00183564310593373	0.001292143415537083	0.07449775636456092	0.0017195037798739053	0.00223153921940718	0.012985296526295362	0.0010525146201552733	0.0013752803679939827	0.003773294809182447	0.0035580840409981376	0.0038087754577190913	0.001544565379225995	0.0026781242517607043	0.0036222169317990716	0.0012552463238865402	0.0758508041784714	0.07557376929008923	0.07382748416562775	0.07392811209463515	0.07370772781560347	0.0737343145795561	0.0738367706292159	0.07365613162112104	0.07333591494683761	0.07329704120879364	0.07360548488856455	0.07327819564140321	0.07263630470239539	0.07474322387209746	0.07404837833600776	0.0735132202007088	0.07400305773133255	0.0735675165284595	0.07397706406552769	0.07175864874549948	0.07181721789078632	0.0717951203734794	0.07176226320034436	0.07295872451977792	0.07173856971276511	0.07167613340598762	0.07284414174001419	0.07582558350143653	0.07196424141209946	0.0742215095366961	0.0754791583119848	0.07409957997063826	0.042623482008808465	0.04234059712713775	0.040570298503612365
CR-44	201433	0.007826308029625573	0.006346571452185167	0.007569731559045992	0.006942118954498441	0.004937268977816997	0.005951819076370548	0.0	0.008250680755510548	0.0029186750890351975	0.005513662758875509	0.005149409321398562	0.0063808585804158	0.004733753056800155	0.005669835104088092	0.006427563482241754	0.006440202175744399	0.006324119057524718	0.004020381920176674	0.007218395691184636	0.006315538024378989	0.006366264766131516	0.006551212204104897	0.00305951491604941	0.0063938858526274645	0.0059322008133969205	0.006985296226688183	0.00579812840397372	0.004908704816376548	0.00596897787048817	0.0064844284608244806	0.007085747338271709	0.006107098791326028	0.006493959414365746	0.00635242516222456	0.006617286805670191	0.005758410654761905	0.0034426605324829906	0.00630651784743403	0.00619638817880152	0.006289652616636679	0.006164653120294162	0.007025625169707883	0.006715709834246548	0.005804457262974495	0.006408463473442349	0.006704962267857142	0.007148210208058898	0.006437363387383453	0.007414500875940376	0.008317097490204452	0.0065247033822171865	0.006457703978889962	0.0773376308325281	0.006884242276881458	0.00747772751061713	0.017001140603786356	0.0062164492260753205	0.006541564263841245	0.004445888413956459	0.005094030346919937	0.0077986724452954095	0.005024847190908268	0.006463150282112845	0.006981053609180926	0.006420807793614715	0.07869067864643857	0.0784136437580564	0.07666735863359492	0.07676798656260231	0.07654760228357063	0.07657418904752326	0.07667664509718307	0.0764960060890882	0.07617578941480477	0.07613691567676081	0.07644535935653171	0.07611807010937037	0.07547617917036255	0.07758309834006462	0.07688825280397492	0.07635309466867596	0.0768429321992997	0.07640739099642667	0.07681693853349485	0.07459852321346665	0.07465709235875348	0.07463499484144656	0.07460213766831153	0.07579859898774509	0.07457844418073228	0.07451600787395479	0.07568401620798136	0.07866545796940369	0.07480411588006662	0.07706138400466325	0.07831903277995196	0.07693945443860543	0.04546345680810819	0.04518057192643747	0.04341027330291209
CR-33	201437	0.005640592438139605	0.0034055876329061184	0.004288169641205362	0.0038838454705325738	0.005682650382921464	0.003916833263781219	0.008250680755510548	0.0	0.006237660501677377	0.0029764663149959127	0.004700237149125353	0.0031490671094142383	0.006947656679450916	0.004444683932051024	0.0029598393988610723	0.0031249359249088866	0.0032592199373086546	0.0058552564519149305	0.0042709155948725585	0.0031259596514668538	0.003065510068752094	0.003763882679350763	0.007850532397541824	0.0031465619323711247	0.004913481281795842	0.0037979586601904073	0.005220576436634232	0.003488208109263943	0.003353273961070535	0.0031016939029414703	0.0037079859450249216	0.0035615895786650685	0.0030122849634810996	0.003270562190778702	0.002343721539482288	0.0037134984965943446	0.005594709808438071	0.004125607066593297	0.0033982835391213554	0.0033914523592089626	0.0036230023868474683	0.004219808024145366	0.005401830766453227	0.005975947276682324	0.004325535368906822	0.003006780580215314	0.004350591089861489	0.00319746421024917	0.003928259879797625	0.0059834863506840665	0.004062127685031332	0.0030561076836138432	0.07630217640673784	0.0025178367655061032	0.0055577155202918725	0.015352476816200361	0.003155013749396233	0.0031523092717029243	0.0056841561288231155	0.004869773645855648	0.00561775592500892	0.005385349176344321	0.004477917629931693	0.004732500080096775	0.003047415026783392	0.0776552242206483	0.07737818933226613	0.07563190420780465	0.07573253213681205	0.07551214785778038	0.075538734621733	0.0756411906713928	0.07546055166329793	0.0751403349890145	0.07510146125097054	0.07540990493074144	0.0750826156835801	0.07444072474457228	0.07654764391427435	0.07585279837818465	0.07531764024288569	0.07580747777350944	0.0753719365706364	0.07578148410770458	0.07356306878767638	0.07362163793296322	0.07359954041565629	0.07356668324252126	0.07476314456195482	0.07354298975494201	0.07348055344816452	0.07464856178219109	0.07763000354361342	0.07376866145427635	0.07602592957887298	0.07728357835416169	0.07590400001281516	0.044427902050985374	0.044145017169314654	0.042374718545789274
CR-48	201448	0.0068950713461699495	0.0056119737174891125	0.00649476550109254	0.006090397217775335	0.00495815772134815	0.006123668225506526	0.0029186750890351975	0.006237660501677377	0.0	0.005462282420706216	0.005144615315672595	0.0053556548336901105	0.004410962744424085	0.005259478906819691	0.005166336524357311	0.005331518177403225	0.005995139805567802	0.003005581744311047	0.006671945588144376	0.005332512757497253	0.005272430588316499	0.0059706997739947636	0.002043399638094012	0.0053531112294588415	0.0054172230995997534	0.006162157735053557	0.005908982382803245	0.003122445412009942	0.005673509782246141	0.003926587943308772	0.006150850306011807	0.005768419827028112	0.005259623835310448	0.005477375971861562	0.0045507189426027845	0.006027232646566138	0.0039269947414217075	0.006332418681224023	0.005605021902894696	0.00559803892037776	0.0058294644133340045	0.006602274720575741	0.007609170307146216	0.006593957115148054	0.006667210344776628	0.005779395759709505	0.006796364132903064	0.005403939242412167	0.006285954358660976	0.007267093466561549	0.005792903933950759	0.005262570510715827	0.07799013297087701	0.004724116427208167	0.007848120828981647	0.016468537624672312	0.005361438964839456	0.00535871739421827	0.0038170324194425433	0.0038980142928550315	0.008393200096298892	0.005438469606171852	0.007151704345390792	0.006145052302067325	0.005253675893179234	0.07934318078478747	0.07906614589640533	0.07731986077194385	0.07742048870095125	0.07720010442191957	0.07722669118587219	0.077329147235532	0.07714850822743713	0.0768282915531537	0.07678941781510974	0.07709786149488064	0.0767705722477193	0.07612868130871148	0.07823560047841355	0.07754075494232385	0.07700559680702489	0.07749543433764863	0.0770598931347756	0.07746944067184378	0.07525102535181558	0.07530959449710242	0.07528749697979549	0.07525463980666046	0.07645110112609402	0.07523094631908121	0.07516851001230372	0.07633651834633028	0.07931796010775262	0.07545661801841555	0.07771388614301218	0.07897153491830089	0.07759195657695436	0.04611595350235071	0.04583306862068	0.04406276999715461
CR-49	201449	0.0033121957420275848	0.0008778625837802777	0.0021028212877434982	0.0014748485377113134	0.002774962955559215	0.000989253561779433	0.005513662758875509	0.0029764663149959127	0.005462282420706216	0.0	0.0019581516019254886	0.0009125005411823548	0.004352122303983229	0.0028769973114399303	0.0009586145476242874	0.0009719960395818746	0.0013104900906664304	0.004329069210041053	0.0018544650305847925	0.0008468650268380513	0.0008977871734320296	0.0010849039205349973	0.0064240867237869035	0.0009255772234770432	0.0025108923383387704	0.001621073119527149	0.002289654660374211	0.002525752716100468	0.0006412532091447004	0.0025216599848625907	0.0017217128867460239	0.000817629767470241	0.001163846431471101	0.0008845323263879164	0.0011463700421526458	0.0008411818822991925	0.003050847415871468	0.0013458860290170545	0.0007283681124612674	0.0008218449857236167	0.0008758697424127237	0.0016614376545247657	0.002434220186102912	0.003007509702686402	0.0015464920748990885	0.0016960794708532647	0.0017840223283616767	0.0009377047273625168	0.002050439934186631	0.0037740729837489433	0.0015322057105909004	0.0009892599345733867	0.07385939107876936	0.0014142361016104832	0.0026708766134084217	0.01268851727498992	0.000747323443663099	0.0010737250923477041	0.003766950913202916	0.003531047462137517	0.0031654247073622088	0.002414043407912377	0.002024670696621637	0.002680289150217784	0.0009524719989496339	0.07521243889267984	0.07493540400429766	0.07318911887983617	0.07328974680884358	0.0730693625298119	0.07309594929376453	0.07319840534342432	0.07301776633532947	0.07269754966104604	0.07265867592300207	0.07296711960277298	0.07263983035561164	0.07199793941660382	0.07410485858630589	0.07341001305021619	0.07287485491491723	0.07336469244554097	0.07292915124266793	0.07333869877973612	0.0711202834597079	0.07117885260499475	0.07115675508768783	0.07112389791455279	0.07232035923398634	0.07110020442697354	0.07103776812019605	0.07220577645422263	0.07518721821564496	0.07132587612630789	0.07358314425090452	0.07484079302619323	0.07346121468484669	0.04198511672301691	0.04170223184134619	0.039931933217820806
CR-53	201453	0.00407215841185524	0.0018793955315719417	0.003099263560361697	0.0024720983155694814	0.001330522158007972	0.0012684907917867114	0.005149409321398562	0.004700237149125353	0.005144615315672595	0.0019581516019254886	0.0	0.0019119879211761458	0.003601244157729858	0.002282335836891855	0.001959245915414417	0.001971175770080817	0.002558775407409909	0.0035815333668260648	0.002860163709827233	0.0018470588358805568	0.0018978276712611714	0.002079274926232488	0.005491451994802844	0.001924968890396912	0.0017612204476154696	0.002590125648464149	0.0010219691834512992	0.0024876678031612713	0.0016096199412631938	0.0022289585729076693	0.0027693481078034125	0.0016379702854150493	0.0020651995896458553	0.0018831222496846984	0.002395320678337814	0.0014823410420668234	0.0026814882915766358	0.001601221744854637	0.0017272587200480162	0.001820396866045115	0.0017091071801743592	0.0026485072734193644	0.002764940694584468	0.0016711807276825466	0.0018674717241515127	0.002964298683853539	0.0029642772398134724	0.0019685457158236056	0.0030128136312324904	0.004628922250635144	0.0022869729251114006	0.0019889615617627934	0.07502926659576342	0.0024203986389830074	0.0033059172574725357	0.013437757984308569	0.001748915021882516	0.0020721699584327485	0.003017517580419622	0.00278245981551802	0.004584790682659458	0.0007661557533256377	0.0034055946201580604	0.004198347386991148	0.0020944741727153163	0.07638231440967388	0.07610527952129172	0.07435899439683023	0.07445962232583764	0.07423923804680596	0.07426582481075858	0.07436828086041838	0.07418764185232352	0.07386742517804008	0.07382855143999613	0.07413699511976703	0.07380970587260569	0.07316781493359786	0.07527473410329993	0.07457988856721023	0.07404473043191127	0.07453456796253502	0.07409902675966198	0.07450857429673016	0.07229015897670196	0.07234872812198881	0.07232663060468188	0.07229377343154685	0.0734902347509804	0.0722700799439676	0.07220764363719011	0.07337565197121668	0.076357093732639	0.07249575164330194	0.07475301976789857	0.07601066854318728	0.07463109020184075	0.043155013560419106	0.042872128678748386	0.041101830055223006
KL-CP-3	201463	0.0027513449158941654	0.0005424993730209503	0.001190441834657927	0.0007452250230969292	0.00253582493784411	0.0012149763929167057	0.0063808585804158	0.0031490671094142383	0.0053556548336901105	0.0009125005411823548	0.0019119879211761458	0.0	0.004842053161661069	0.0032338987993988585	0.00018938993081924561	5.951937570271084e-05	0.0017050324621734221	0.0045312499968971085	0.002121035723294743	6.564451704511355e-05	8.37812880464139e-05	0.0006150727471295284	0.00602343067057235	1.3357252405721725e-05	0.002807473468783484	0.0017410875720032418	0.0020754656140146255	0.0026993859407404607	0.0011190954453780455	0.002125748141629928	0.001920465148864659	0.0004128308130839252	0.0003117044607835761	0.00012223171702510765	0.0008055905214764429	0.0014728324359920748	0.0037344378173319063	0.00103543943864108	0.00024941809289504555	0.00024240629271492199	0.000809138344153246	0.0020504934123024114	0.0027570066065745464	0.0032525235881898018	0.0018179788023941947	0.0020939113320178966	0.0022455695797683564	0.00013631255408219078	0.002163930672293737	0.003288950319026272	0.0009503127302225723	9.368413207781087e-05	0.074530467990883	0.0008304534411123337	0.003298104850660068	0.012519719492568762	0.00016534941941582468	0.00016140384991497449	0.0039691317000589725	0.003733449057601451	0.0038401844647494247	0.002501188505661702	0.002706337191767019	0.0028544897705487324	0.00031870895377638796	0.07588351580479347	0.07560648091641131	0.07386019579194983	0.07396082372095723	0.07374043944192554	0.07376702620587818	0.07386948225553798	0.07368884324744313	0.07336862657315968	0.07332975283511572	0.07363819651488662	0.0733109072677253	0.07266901632871746	0.07477593549841953	0.07408108996232983	0.07354593182703087	0.07403576935765462	0.07360022815478158	0.07400977569184976	0.07179136037182156	0.0718499295171084	0.07182783199980147	0.07179497482666644	0.0729914361461	0.0717712813390872	0.0717088450323097	0.07287685336633627	0.0758582951277586	0.07199695303842153	0.07425422116301816	0.07551186993830689	0.07413229159696035	0.04265619363513054	0.04237330875345982	0.04060301012993444
KL-CP-23	201472	0.006556935243053053	0.00481051819602353	0.006028871381289843	0.005402477799262429	0.00347469561189237	0.004356822538372111	0.004733753056800155	0.006947656679450916	0.004410962744424085	0.004352122303983229	0.003601244157729858	0.004842053161661069	0.0	0.0035508704736111237	0.00488918846373169	0.004901031411446005	0.004403426436567593	0.002074403775788634	0.002862251313465661	0.004777469148086996	0.004827012163143416	0.005162047309634892	0.004823847026011881	0.004855236061741092	0.002035857194299765	0.003638475474834206	0.004011692985131567	0.0034649131316649394	0.003930212085724283	0.004998892545359607	0.003652468656936192	0.004964896023895058	0.004994047901201256	0.00481281793552513	0.005076655675400865	0.0041511752072575635	0.00309218676921404	0.004964486798331337	0.004802140761171231	0.004794458088889377	0.00502968994767881	0.003375878678587465	0.00444478369709903	0.003471151305939206	0.0041285627106324935	0.0050834224294109475	0.0035153139909889115	0.00485575607388595	0.003676765869376808	0.007016892200282174	0.004990178951339062	0.004919341908316249	0.07735080356538668	0.0053448710307377485	0.004601536630240241	0.01606788018938316	0.004679752808524887	0.005002197694873725	0.0018564030061073702	0.002880001822890733	0.007345169644612899	0.003364986514298413	0.006114423468085498	0.005978552672079802	0.0050243107885375015	0.07870385137929714	0.07842681649091499	0.0766805313664535	0.07678115929546091	0.07656077501642923	0.07658736178038186	0.07668981783004165	0.0765091788219468	0.07618896214766337	0.0761500884096194	0.0764585320893903	0.07613124284222897	0.07548935190322115	0.07759627107292322	0.0769014255368335	0.07636626740153454	0.07685610493215829	0.07642056372928525	0.07683011126635345	0.07461169594632523	0.07467026509161208	0.07464816757430515	0.07461531040117012	0.07581177172060367	0.07459161691359087	0.07452918060681338	0.07569718894083995	0.07867863070226229	0.0748172886129252	0.07707455673752184	0.07833220551281056	0.07695262717146402	0.04547658818969426	0.045193703308023546	0.04342340468449816
KL-CP-17	201477	0.005441972715256179	0.0034911759034180856	0.0043699976200230715	0.003966436841945838	0.002952265658155666	0.0028153883213439547	0.005669835104088092	0.004444683932051024	0.005259478906819691	0.0028769973114399303	0.002282335836891855	0.0032338987993988585	0.0035508704736111237	0.0	0.003045736140362449	0.0032094679368775613	0.0016907264945488045	0.002464699630601423	0.002922868772035481	0.0032114565895133527	0.0031512824883055306	0.003844197606362232	0.00593206399353547	0.0032312869752810806	0.0016226858941058772	0.002450790692998919	0.002353800413639548	0.0021471984065765553	0.0025343275641997237	0.002857603130094217	0.0023606649671638323	0.003645479260217104	0.00296218327918693	0.0033547772973182345	0.002992302454794056	0.002741045015748736	0.003638444268740712	0.0037640870073643454	0.003482723997493277	0.003475117424022925	0.0037103382052514665	0.0028724458760283024	0.0033705879905940603	0.00268624853879266	0.002833758832652859	0.0020331268121198424	0.0028731182007205058	0.003239415317277502	0.002580844134217988	0.0057846295763634556	0.003867625834460616	0.0031410782098400883	0.07612275361537395	0.0032609881594899363	0.0040922805138033065	0.015153687230465873	0.0032410757573557033	0.0032360450581759496	0.0023753253822283633	0.0018623986731311898	0.005716238518960867	0.001954333899320056	0.004530503726295614	0.004544382634846373	0.002989938375213226	0.07747580142928441	0.07719876654090224	0.07545248141644074	0.07555310934544815	0.07533272506641647	0.0753593118303691	0.0754617678800289	0.07528112887193404	0.07496091219765061	0.07492203845960665	0.07523048213937755	0.07490319289221621	0.07426130195320839	0.07636822112291046	0.07567337558682076	0.0751382174515218	0.07562805498214555	0.0751925137792725	0.07560206131634069	0.07338364599631249	0.07344221514159932	0.0734201176242924	0.07338726045115737	0.07458372177059092	0.07336356696357811	0.07330113065680063	0.0744691389908272	0.07745058075224953	0.07358923866291246	0.0758465067875091	0.0771041555627978	0.07572457722145126	0.044248503513639306	0.04396561863196859	0.0421953200084432
KL-CP-18	201478	0.0027985818111754823	0.0005888803433669656	0.0013287689578218333	0.0009241061070421124	0.0027250331923772578	0.0012622483913562377	0.006427563482241754	0.0029598393988610723	0.005166336524357311	0.0009586145476242874	0.001959245915414417	0.00018938993081924561	0.00488918846373169	0.003045736140362449	0.0	0.0001652745617985395	0.0015166305547324537	0.0043430673046316775	0.002168195161602332	0.00016622504778433526	0.00010714158913674088	0.0008043632496374523	0.005835388644864936	0.0001867747051015303	0.0028545834437323017	0.0016578187719666249	0.002264633222777254	0.0025101187020888653	0.0011663534396163173	0.001937654083206919	0.0017322744224067218	0.0006022207439031708	0.0002421026672291433	0.000311498955676703	0.0006164224288086426	0.0015201032401557571	0.0037804966072088695	0.0011663101369269598	0.0004388080237142911	0.0004317023960204484	0.0008551971340302092	0.002097642718574293	0.0028041419086451682	0.003299658890260422	0.0018651141044648159	0.0019045492095411535	0.002292721970143694	0.00023768082104956838	0.0019757399458357997	0.003310909267009368	0.0011023051557575876	9.632249405416935e-05	0.0745777275002158	0.000641063510293088	0.0033452401527306894	0.01256697762897518	0.00021144201943583074	0.0001925156424527357	0.0039054153238078483	0.0035450931619956513	0.003887081135590677	0.0025483859113634116	0.002752562603230458	0.002732294491275866	0.00013634271645933803	0.07593077531412627	0.0756537404257441	0.07390745530128262	0.07400808323029003	0.07378769895125833	0.07381428571521097	0.07391674176487077	0.07373610275677592	0.07341588608249247	0.07337701234444852	0.07368545602421941	0.07335816677705809	0.07271627583805025	0.07482319500775232	0.07412834947166262	0.07359319133636366	0.07408302886698741	0.07364748766411437	0.07405703520118255	0.07183861988115435	0.0718971890264412	0.07187509150913426	0.07184223433599923	0.07303869565543279	0.07181854084841999	0.0717561045416425	0.07292411287566906	0.0759055546370914	0.07204421254775432	0.07430148067235096	0.07555912944763968	0.07417955110629314	0.04270345314446334	0.04242056826279263	0.04065026963926724
KL-CP-20	201480	0.0028102699138362807	0.0006019255084573657	0.0011845405473420163	0.00080430144373312	0.0025597662304975136	0.0012741742448222771	0.006440202175744399	0.0031249359249088866	0.005331518177403225	0.0009719960395818746	0.001971175770080817	5.951937570271084e-05	0.004901031411446005	0.0032094679368775613	0.0001652745617985395	0.0	0.001680872546328669	0.0045068005213466916	0.002180040481202269	0.0001251310127438232	7.550212986896077e-05	0.0006391817966515567	0.005998967997527229	4.644322342702812e-05	0.002866426391446616	0.0017167122546186467	0.0020994000734024416	0.0026753908631671885	0.001178283294282717	0.0021012561929553263	0.0018960064387616286	0.000437035489776933	0.000287244168493204	0.00014624880120036015	0.0007814633381714514	0.001532029093621797	0.003793879699646601	0.0010945123002695585	0.0002736336213830076	0.0002665334760199134	0.0008685802264679404	0.002109481665088247	0.0028159848563594826	0.003311501837974737	0.0018769570521791302	0.0020697356640274997	0.00230456509781793	0.00014398879877336983	0.002139471962190706	0.0033226077055038294	0.0010093964132138775	6.964504130057781e-05	0.0745894156028766	0.000806248764419326	0.0033570831004450033	0.01257866573163598	0.00022478810077023102	0.00010207873681104327	0.003944672989955942	0.003709034868894839	0.003899461440092028	0.002560166755446637	0.002765779744422816	0.0028304946929754607	0.00029458251220994215	0.07594246341678706	0.07566542852840491	0.07391914340394343	0.07401977133295083	0.07379938705391914	0.07382597381787177	0.07392842986753158	0.07374779085943672	0.07342757418515328	0.07338870044710932	0.07369714412688022	0.0733698548797189	0.07272796394071106	0.07483488311041313	0.07414003757432343	0.07360487943902447	0.07409471696964821	0.07365917576677518	0.07406872330384336	0.07185030798381516	0.071908877129102	0.07188677961179507	0.07185392243866004	0.0730503837580936	0.0718302289510808	0.0717677926443033	0.07293580097832986	0.0759172427397522	0.07205590065041513	0.07431316877501176	0.07557081755030048	0.07419123920895394	0.04271514124712414	0.04243225636545342	0.04066195774192804
KL-CP-35	201483	0.0041962422355218704	0.0019620539533337943	0.0028439571182066825	0.0024396408115853665	0.0034239032626213143	0.0012910735751586648	0.006324119057524718	0.0032592199373086546	0.005995139805567802	0.0013104900906664304	0.002558775407409909	0.0017050324621734221	0.004403426436567593	0.0016907264945488045	0.0015166305547324537	0.001680872546328669	0.0	0.0036513600855605293	0.0017267754304252955	0.001682297473991428	0.0016221116770219648	0.0023197680066684564	0.006672597799540428	0.0017025373759975695	0.0023677433161793005	0.0013074939420025522	0.0024375008245095735	0.0028805509152316027	0.0010065390478339168	0.003050159907223611	0.001276442368341111	0.0021175513768874644	0.0015960447805954707	0.0018265481687950366	0.0016787609940728664	0.001214636164434375	0.0042438795277257085	0.002239852112776388	0.001954258732501158	0.0019472919579903171	0.002181282701679735	0.0016750887644713104	0.0022802552856928462	0.0031328464995053987	0.0017221551798123958	0.0009766480409397977	0.001692867246603471	0.0016673142124098426	0.0016051981100386448	0.004539262191982534	0.002617992559925533	0.0016121979220617732	0.07490358228789842	0.0019457114191340176	0.0029509506904526984	0.013908440108254436	0.0017119538072714118	0.0017081903713929915	0.003246140949741176	0.0029042858403647183	0.004214235938903248	0.002648964665158564	0.0030802209753861332	0.0032942013746986693	0.0014830615552476236	0.07625663010180889	0.07597959521342672	0.07423331008896523	0.07433393801797264	0.07411355373894096	0.0741401405028936	0.07424259655255339	0.07406195754445853	0.0737417408701751	0.07370286713213113	0.07401131081190203	0.0736840215647407	0.07304213062573288	0.07514904979543494	0.07445420425934524	0.07391904612404628	0.07440888365467002	0.07397334245179699	0.07438288998886518	0.07216447466883696	0.07222304381412381	0.07220094629681688	0.07216808912368185	0.0733645504431154	0.0721443956361026	0.07208195932932511	0.07324996766335169	0.07623140942477402	0.07237006733543694	0.07462733546003357	0.07588498423532229	0.07450540589397575	0.04302930793214596	0.04274642305047524	0.04097612442694985
KL-CP-32	201491	0.006260415107055405	0.004788487249738183	0.005667817514198758	0.005264003681559078	0.003529138326348626	0.004337652261886268	0.004020381920176674	0.0058552564519149305	0.003005581744311047	0.004329069210041053	0.0035815333668260648	0.0045312499968971085	0.002074403775788634	0.002464699630601423	0.0043430673046316775	0.0045068005213466916	0.0036513600855605293	0.0	0.004405284274953822	0.004508797944831489	0.0044486336858037805	0.005143426802329318	0.00354852593185229	0.004528609511023594	0.003197446086120289	0.0038955809240694837	0.003999318567126991	0.0024360966819065247	0.003908133579571308	0.004192554581247045	0.003935127465072208	0.0049428826049486615	0.004300274731715886	0.004652128494816485	0.004270148368570845	0.004129338352573681	0.002833105809304076	0.0049318535603564626	0.004780075194991527	0.004772494549199648	0.005007647173189025	0.004447053826822534	0.005629576042762856	0.004613868216720603	0.004687118373411392	0.0038920237705492803	0.00457825633215251	0.00453671807310503	0.004156004015861371	0.006603395892885021	0.004968123821608652	0.0044383823744152924	0.07697135412767256	0.0045380721240050985	0.005786286202680538	0.01597258868974737	0.004538388705112245	0.004533389337174617	0.0010514313318333893	0.001478943983288306	0.007043324190370855	0.003458326661186393	0.005806453262041917	0.0053610672468147515	0.004429525257303939	0.07832440194158304	0.07804736705320087	0.07630108192873938	0.07640170985774679	0.0761813255787151	0.07620791234266773	0.07631036839232753	0.07612972938423268	0.07580951270994923	0.07577063897190528	0.07607908265167618	0.07575179340451485	0.07510990246550701	0.07721682163520908	0.07652197609911938	0.07598681796382042	0.07647665549444417	0.07604111429157114	0.07645066182863931	0.07423224650861111	0.07429081565389796	0.07426871813659103	0.074235860963456	0.07543232228288956	0.07421216747587675	0.07414973116909926	0.07531773950312583	0.07829918126454816	0.07443783917521109	0.07669510729980772	0.07795275607509644	0.0765731777337499	0.04509714584321	0.04481426096153929	0.0430439623380139
KL-CP-34	201493	0.004514139837736515	0.0022686657747252653	0.0033079858867160177	0.002743958410143888	0.00386461573896046	0.001814880918028806	0.007218395691184636	0.0042709155948725585	0.006671945588144376	0.0018544650305847925	0.002860163709827233	0.002121035723294743	0.002862251313465661	0.002922868772035481	0.002168195161602332	0.002180040481202269	0.0017267754304252955	0.004405284274953822	0.0	0.0020564517097206706	0.002105994698767695	0.0026201759022922906	0.007134291152294641	0.0021342655664537873	0.0013071852676597925	0.0008020091769552653	0.002989986989356432	0.0038249912580084933	0.0013882441320619263	0.003726201111385206	0.000931589541697666	0.002422918105557427	0.0022730452927885304	0.002132216142658558	0.002355568403040276	0.0016091920384361242	0.004750330758003749	0.002448158607952858	0.0022601628428336	0.0022525589142133417	0.002487828526100174	0.0006550210920040211	0.0019072957068972812	0.0025314721492286185	0.0016675573199813546	0.002406888155184989	0.0007648082501899133	0.0021348451205052605	0.0008642180098217247	0.00497415318174803	0.002923804819243986	0.002198429581247409	0.0755328288039955	0.0026239600773570585	0.0019312909234413748	0.014204433924002816	0.0020185340967005566	0.002281306882598631	0.003798211497798021	0.003912052824893509	0.004848669934657214	0.00297775985374902	0.0037215166756726977	0.0039802039007859665	0.0023034481661415563	0.07688587661790597	0.07660884172952381	0.07486255660506233	0.07496318453406974	0.07474280025503806	0.07476938701899069	0.07487184306865048	0.07469120406055563	0.07437098738627218	0.07433211364822823	0.07464055732799912	0.0743132680808378	0.07367137714182996	0.07577829631153205	0.07508345077544233	0.07454829264014337	0.07503813017076712	0.07460258896789408	0.07501213650496227	0.07279372118493406	0.0728522903302209	0.07283019281291397	0.07279733563977894	0.0739937969592125	0.0727736421521997	0.0727112058454222	0.07387921417944879	0.0768606559408711	0.07299931385153403	0.07525658197613067	0.07651423075141939	0.07513465241007285	0.04365855444824305	0.043375669566572336	0.04160537094304695
