CR-4	201396	0	1.0	1.0	1.0	0.042957743241605284	0.024382949700711237	1.0	1.0	0.32827105656806177	0.2576036165956213	1.0	0.07790976995328866	0.01701829157958262	0.14616108384620496	1.0	0.026124476616279906	1.0	1.0	1.0	0.2949157211261351	1.0	0.026696373302052306	1.0	1.0	1.0	1.0	1.0	1.0	1.0	1.0	1.0	1.0	1.0	1.0	1.0	1.0	1.0	1.0	1.0	1.0	1.0	1.0	1.0	1.0	0.28833810729478354	1.0	1.0	1.0	1.0	1.0	1.0	1.0	1.0	1.0	1.0	0.28518866769474766	0.23770656396076106	1.0	0.9807692307692308	1.0	0.5835278143744198	1.0	0.9920556107249253	1.0	0.7429995459778502	1.0	0.24669165515790206	0.2893960806482005	1.0	1.0	0.9683794466403162	1.0	0.2690788951844396	0.4201899860210955	0.28857365090957227	0.2699643034739548	0.3229384003974168	1.0	0.08850026497085318	0.2234848484848485	1.0	0.3101956886424877	1.0	0.2873092209864144	0.27422983826603586	0.2890644867884779	0.2051378786233851	0.9930446194225722	0.28169136579735404	0.33078308975583687	0.8370489717598965	0.24434974568419465	1.0	1.0	1.0	1.0	1.0	1.0	1.0	1.0
CR-5-A	201397	1.0	0	0.23834889953852698	0.14257855560105673	1.0	1.0	0.2845820099870662	0.31615603282546945	1.0	1.0	0.6375328925213352	1.0	1.0	1.0	0.23828479422409737	1.0	0.1544877326519888	0.33693757885481457	0.25914895404018273	1.0	0.17920324517066483	1.0	0.1561840320775504	0.3010795641307295	0.3509015278833877	0.17319310422973802	0.27894102166570167	0.15570033004149117	1.0	0.2313656985047326	0.32757753231337666	0.31234334057283003	0.28591429185161193	0.26692993073771115	0.16421102145887076	0.17580266760568883	0.18024571220046234	0.360568617368545	1.0	0.16358321802920636	0.23744215420089218	0.3744111778921666	0.24395110503213813	0.2211731135234134	1.0	0.1960401927368191	0.43882739326116044	0.31878231980835364	0.19082239039409754	0.43882739326116044	0.21424026863289658	1.0	0.36399398439945785	0.3107921750425852	0.2963375978616732	1.0	1.0	0.18440303795832316	0.2156876145746112	0.22086683454135178	1.0	0.14817983810489438	0.255110733803891	0.23825167490577223	1.0	0.2012759828576164	1.0	0.9908045977011494	0.2232708677681023	0.273564360961558	0.33276478391163483	0.15399628381691247	1.0	1.0	1.0	1.0	1.0	0.30877953594386803	1.0	1.0	0.3215390959413504	1.0	0.22065598383022283	1.0	1.0	1.0	1.0	0.3274645369182886	1.0	1.0	0.2501530710310869	1.0	0.1305279809782709	0.15822799798224796	0.21169979299441458	0.20388021920098318	0.20480279088217554	0.18834467392780707	0.16215487982304172	0.2976016789307417
Tr-34	201403	1.0	0.23834889953852698	0	0.19210036160590702	1.0	1.0	0.24911408659683779	0.38322001402298955	1.0	1.0	0.5756671895754226	1.0	1.0	1.0	0.22192701682056823	1.0	0.17114927861511828	0.30140992563179186	0.2891949342630353	1.0	0.24330011321908837	1.0	0.24353869895985744	0.1786809634844324	0.24881917307593007	0.25053793141825137	0.26703147287185136	0.2486045655664277	1.0	0.1633282430329376	0.22196242641115466	0.206728234670608	0.13272105334266796	0.06431154976668699	0.24299551635254443	0.27948938835421216	0.3089649581782675	0.3213872659528791	1.0	0.2568226598672546	0.1441401002917639	0.28842748191926715	0.07482502937615144	0.30396417680617804	1.0	0.20691286668714806	0.48465308228011345	0.31605081621123776	0.2412225986227971	0.48465308228011356	0.17438215008969565	1.0	0.3597322405907471	0.11364201896845741	0.12418161471377946	1.0	1.0	0.33778490352623014	0.28089843011173943	0.30896495817826747	1.0	0.24237793425202395	0.2900970336499656	0.30014661602659193	1.0	0.2915736538304414	1.0	0.9908045977011494	0.2893571150410126	0.30896495817826747	0.32168879667505906	0.2730916133728204	1.0	1.0	1.0	1.0	1.0	0.27815682817415904	1.0	1.0	0.18960241636638014	1.0	0.21456188783269928	1.0	1.0	1.0	1.0	0.38163470957670154	1.0	1.0	0.30896495817826747	1.0	0.2734055511955307	0.30425627348939654	0.29462161438624596	0.2948111120244213	0.2801661707587904	0.2897697210606325	0.2720369131927241	0.3452666226231363
CR-1	201405	1.0	0.14257855560105673	0.19210036160590702	0	1.0	1.0	0.2392124733728821	0.2480821859319056	1.0	1.0	0.6365356000372565	1.0	1.0	1.0	0.20569822243354238	1.0	0.10272679951844892	0.3502207875263133	0.1870413188761833	1.0	0.08262184323002368	1.0	0.14377321670510168	0.2682847638300103	0.3044909182152048	0.15556425555392192	0.25938185007513664	0.15700820157980266	1.0	0.1836868276263894	0.28694913512663395	0.2717149433860873	0.24698781667933267	0.23072077794885396	0.13683034741501654	0.17902326946154895	0.2055561214751178	0.37154371139880266	1.0	0.1482546522047069	0.20187748432589323	0.34583814421587333	0.21926840651335774	0.19824039406061816	1.0	0.16240548640043084	0.3664706803524906	0.25527907658022103	0.0960256373428329	0.36647068035249075	0.10156565769825689	1.0	0.3686447594782417	0.2696528911024061	0.25904795737641223	1.0	1.0	0.17310742527720238	0.24289237483078854	0.19824039406061816	1.0	0.1940744291756553	0.2289075202282964	0.18942205190894265	1.0	0.18084908971279207	1.0	0.9908045977011494	0.20039716468851965	0.2715516862255513	0.2609170570440423	0.1585266976208393	1.0	1.0	1.0	1.0	1.0	0.3137182609759067	1.0	1.0	0.27989082596009396	1.0	0.09037860782729877	1.0	1.0	1.0	1.0	0.26345230764907857	1.0	1.0	0.2668842175249214	1.0	0.1260354832386037	0.13957879524036879	0.1878880462944117	0.18408654790677204	0.16944160664114108	0.18600908960630036	0.15937970168882815	0.22575395206314916
CR-7	201411	0.042957743241605284	1.0	1.0	1.0	0	0.036003805316360354	1.0	1.0	0.3417544912830082	0.27108705131056776	1.0	0.07365480175552223	0.031398008195455254	0.15964451856115147	1.0	0.020823771258473	1.0	1.0	1.0	0.30839915584108163	1.0	0.020885170075295206	1.0	1.0	1.0	1.0	1.0	1.0	1.0	1.0	1.0	1.0	1.0	1.0	1.0	1.0	1.0	1.0	1.0	1.0	1.0	1.0	1.0	1.0	0.3018215420097301	1.0	1.0	1.0	1.0	1.0	1.0	1.0	1.0	1.0	1.0	0.29867210240969405	0.25118999867570746	1.0	0.9807692307692308	1.0	0.5970112490893662	1.0	0.9920556107249253	1.0	0.7564829806927966	1.0	0.2601750898728486	0.30287951536314695	1.0	1.0	0.9683794466403162	1.0	0.2825623298993861	0.4336734207360419	0.3020570856245188	0.28344773818890134	0.3364218351123632	1.0	0.08455429055218512	0.22348484848484854	1.0	0.32367912335743415	1.0	0.3007926557013609	0.2877132729809824	0.30254792150342436	0.21862131333833157	0.9930446194225722	0.29517480051230055	0.3442665244707833	0.8505324064748431	0.2578331803991411	1.0	1.0	1.0	1.0	1.0	1.0	1.0	1.0
CR-28	201421	0.024382949700711237	1.0	1.0	1.0	0.036003805316360354	0	1.0	1.0	0.33155284776685745	0.26088540779441693	1.0	0.061650897914677434	0.01421687250454207	0.14944287504500062	1.0	0.03144078323361826	1.0	1.0	1.0	0.2981975123249308	1.0	0.034368495004981535	1.0	1.0	1.0	1.0	1.0	1.0	1.0	1.0	1.0	1.0	1.0	1.0	1.0	1.0	1.0	1.0	1.0	1.0	1.0	1.0	1.0	1.0	0.2916198984935792	1.0	1.0	1.0	1.0	1.0	1.0	1.0	1.0	1.0	1.0	0.28847045889354334	0.24098835515955672	1.0	0.9807692307692308	1.0	0.5868096055732155	1.0	0.9920556107249253	1.0	0.7462813371766459	1.0	0.24997344635669774	0.2926778718469961	1.0	1.0	0.9683794466403162	1.0	0.2723606863832353	0.423471777219891	0.29185544210836784	0.2732460946727505	0.3262201915962124	1.0	0.07883057821994921	0.22348484848484854	1.0	0.3134774798412832	1.0	0.29059101218520994	0.2775116294648315	0.29234627798727353	0.20841966982218071	0.9930446194225722	0.28497315699614967	0.33406488095463244	0.8403307629586921	0.24763153688299022	1.0	1.0	1.0	1.0	1.0	1.0	1.0	1.0
CR-22	201426	1.0	0.2845820099870662	0.24911408659683779	0.2392124733728821	1.0	1.0	0	0.3860609170424146	1.0	1.0	0.7191302480030141	1.0	1.0	1.0	0.05104194381272904	1.0	0.18749658464550464	0.4328154354920709	0.4156419853363647	1.0	0.28880679621057087	1.0	0.36771058315334776	0.242856813688098	0.287296124863825	0.36771058315334765	0.35711687297296496	0.36771058315334776	1.0	0.29817852521767757	0.34372195126150407	0.3348120671408089	0.25210042258576465	0.23064729332124248	0.3677105831533478	0.3677105831533477	0.3863636363636364	0.45051045648968374	1.0	0.36771058315334776	0.25856089317314307	0.38359197411649	0.272784748008603	0.3813628549915471	1.0	0.21191870321496872	0.5171804437463184	0.4480611483732946	0.23698869339438738	0.5171804437463184	0.3180126798544871	1.0	0.41426374390349513	0.2589673857628774	0.28558373021556216	1.0	1.0	0.36831765574474495	0.36936504917066476	0.38636363636363646	1.0	0.35208249215433685	0.37827369224382773	0.37754529421196087	1.0	0.3740428038484195	1.0	0.9908045977011494	0.3740428038484194	0.39018022738840996	0.4493806503384868	0.36771058315334776	1.0	1.0	1.0	1.0	1.0	0.39631290894166427	1.0	1.0	0.21458397235276488	1.0	0.30021397917109116	1.0	1.0	1.0	1.0	0.4411194305600864	1.0	1.0	0.38636363636363646	1.0	0.31615237967030463	0.36771058315334787	0.36597467296540737	0.3740428038484195	0.3740428038484195	0.3740428038484194	0.36771058315334776	0.41421754535759364
CR-44	201433	1.0	0.31615603282546945	0.38322001402298955	0.2480821859319056	1.0	1.0	0.3860609170424146	0	1.0	1.0	0.7045469512076772	1.0	1.0	1.0	0.35857654202498923	1.0	0.298629457795398	0.4404929114397875	0.20999275313164278	1.0	0.2359031762843607	1.0	0.29206354132287043	0.3972296931977415	0.43304047731803685	0.2968553477132968	0.32592663709515884	0.30023265959100115	1.0	0.33515180974802433	0.4005764104511508	0.41095279048268557	0.4189429505767941	0.40772586473932904	0.27854047485166894	0.3299406013164588	0.3038725575350486	0.4675286073221986	1.0	0.28414324101870436	0.3432888233776301	0.4462701878340984	0.3953950909524421	0.2788906504712932	1.0	0.3696199556458726	0.35505038668853994	0.2757586995053226	0.2735442214855769	0.28855656873256336	0.24052315399911364	1.0	0.47058901098278283	0.4254878907046077	0.3884278170238471	1.0	1.0	0.25540610290974536	0.35896471482952597	0.24458140429782538	1.0	0.3232485649898826	0.33656847396258	0.22398939695162362	1.0	0.28387357017316395	1.0	0.9908045977011496	0.3126885744357385	0.36639188225213476	0.2296222664015905	0.30944402947574906	1.0	1.0	1.0	1.0	1.0	0.43998974600427015	1.0	1.0	0.4397770317905177	1.0	0.20011513723196828	1.0	1.0	1.0	1.0	0.21388056177371473	1.0	1.0	0.36520065358485226	1.0	0.2812433753725736	0.260553220521474	0.29491495669639717	0.2828122546770657	0.23934528486526832	0.29788789333389926	0.25083471659500867	0.2296222664015905
CR-30	201434	0.32827105656806177	1.0	1.0	1.0	0.3417544912830082	0.33155284776685745	1.0	1.0	0	0.11768991524621888	1.0	0.3538175046554935	0.32622286801574246	0.21631933992197425	1.0	0.32986604627780564	1.0	1.0	1.0	0.10718315114759323	1.0	0.324245092645539	1.0	1.0	1.0	1.0	1.0	1.0	1.0	1.0	1.0	1.0	1.0	1.0	1.0	1.0	1.0	1.0	1.0	1.0	1.0	1.0	1.0	1.0	0.11199490187274609	1.0	1.0	1.0	1.0	1.0	1.0	1.0	1.0	1.0	1.0	0.11803472057218121	0.14592960553444762	1.0	0.9807692307692308	1.0	0.5171202394733457	1.0	0.9920556107249254	1.0	0.6812153577074831	1.0	0.12966384682452223	0.19519681500032107	1.0	1.0	0.9683794466403162	1.0	0.11863293988647651	0.22936686781982538	0.10481035791373172	0.12132795262497782	0.16935196698248134	1.0	0.3320898946925894	0.35381750465549355	1.0	0.0702175225425235	1.0	0.1068356667734872	0.14478466214757346	0.09886975135205557	0.18527545765021222	0.9930446194225722	0.09514116876024747	0.15772661813693464	0.8244274809160305	0.17113107438857553	1.0	1.0	1.0	1.0	1.0	1.0	1.0	1.0
CR-31	201435	0.2576036165956213	1.0	1.0	1.0	0.27108705131056776	0.26088540779441693	1.0	1.0	0.11768991524621888	0	1.0	0.28315006468305304	0.255555428043302	0.13449407330011592	1.0	0.2591986063053651	1.0	1.0	1.0	0.08142538919525406	1.0	0.2535776526730987	1.0	1.0	1.0	1.0	1.0	1.0	1.0	1.0	1.0	1.0	1.0	1.0	1.0	1.0	1.0	1.0	1.0	1.0	1.0	1.0	1.0	1.0	0.07155722936550062	1.0	1.0	1.0	1.0	1.0	1.0	1.0	1.0	1.0	1.0	0.064339467509475	0.06486492541966055	1.0	0.9807692307692308	1.0	0.520054210715409	1.0	0.9920556107249254	1.0	0.6795259423188393	1.0	0.06031193693277246	0.16561519531308086	1.0	1.0	0.9683794466403162	1.0	0.0763966563674532	0.23514201440075422	0.07478155988696934	0.0787587087731281	0.19249701085891258	1.0	0.2614224547201489	0.283150064683053	1.0	0.08091451235838074	1.0	0.07672182680535121	0.12349479858536574	0.07813453151678436	0.11025801113176778	0.9930446194225722	0.044565734573251754	0.1442688507992018	0.8244274809160306	0.1078781552572326	1.0	1.0	1.0	1.0	1.0	1.0	1.0	1.0
CR-33	201437	1.0	0.6375328925213352	0.5756671895754226	0.6365356000372565	1.0	1.0	0.7191302480030141	0.7045469512076772	1.0	1.0	0	1.0	1.0	1.0	0.7186755382982859	1.0	0.6423600290157356	0.43501837184289055	0.6008256464008955	1.0	0.6627891168953288	1.0	0.5485737015924226	0.6052893845807934	0.5056226989699106	0.5288257758701114	0.5419702665451214	0.5441575669179975	1.0	0.5080409972541173	0.57570710549919	0.5200289105570735	0.572586065341912	0.5694683158995191	0.5528019637595636	0.5221769372678212	0.6301350728244423	0.47801060725785766	1.0	0.5576722954614532	0.5818807305373103	0.5412904646553622	0.5298815762780671	0.5738398689318438	1.0	0.6500210266356875	0.7769580855905454	0.5183189329464444	0.6943355304879135	0.7769580855905454	0.5969161202030236	1.0	0.4925572066272841	0.5359460042493119	0.5431064055234378	1.0	1.0	0.6078354862752409	0.5721904590545858	0.6129081363123837	1.0	0.5147220913488294	0.5992252281449657	0.6126182494823763	1.0	0.5602603014722541	1.0	0.9908045977011494	0.5739005401764316	0.5412904646553622	0.5605238060835849	0.5469613775281608	1.0	1.0	1.0	1.0	1.0	0.41733280515585885	1.0	1.0	0.678555417849273	1.0	0.6536365725204037	1.0	1.0	1.0	1.0	0.6921728884858341	1.0	1.0	0.628652822768858	1.0	0.6537750931140136	0.586965384684838	0.5473214100932017	0.599288172152299	0.5989486496058798	0.5615819358716425	0.6056907640305365	0.6789204734609489
CR-34	201438	0.07790976995328866	1.0	1.0	1.0	0.07365480175552223	0.061650897914677434	1.0	1.0	0.3538175046554935	0.28315006468305304	1.0	0	0.07243698650080065	0.1717075319336367	1.0	0.09027723855026545	1.0	1.0	1.0	0.32046216921356685	1.0	0.08616352030452128	1.0	1.0	1.0	1.0	1.0	1.0	1.0	1.0	1.0	1.0	1.0	1.0	1.0	1.0	1.0	1.0	1.0	1.0	1.0	1.0	1.0	1.0	0.3138845553822152	1.0	1.0	1.0	1.0	1.0	1.0	1.0	1.0	1.0	1.0	0.3107351157821794	0.2632530120481927	1.0	0.9807692307692308	1.0	0.6090742624618513	1.0	0.9920556107249253	1.0	0.7685459940652815	1.0	0.27223810324533376	0.31494252873563217	1.0	1.0	0.968379446640316	1.0	0.2946253432718713	0.4457364341085272	0.31412009899700394	0.29551075156138645	0.3484848484848484	1.0	0.09644939056703761	0.2234848484848485	1.0	0.3357421367299193	1.0	0.3128556690738461	0.29977628635346765	0.31461093487590963	0.23068432671081673	0.9930446194225722	0.3072378138847857	0.3563295378432686	0.8625954198473282	0.2698961937716264	1.0	1.0	1.0	1.0	1.0	1.0	1.0	1.0
CR-40	201440	0.01701829157958262	1.0	1.0	1.0	0.031398008195455254	0.01421687250454207	1.0	1.0	0.32622286801574246	0.255555428043302	1.0	0.07243698650080065	0	0.14411289529388566	1.0	0.022438610315793608	1.0	1.0	1.0	0.29286753257381587	1.0	0.022120787686221915	1.0	1.0	1.0	1.0	1.0	1.0	1.0	1.0	1.0	1.0	1.0	1.0	1.0	1.0	1.0	1.0	1.0	1.0	1.0	1.0	1.0	1.0	0.28628991874246423	1.0	1.0	1.0	1.0	1.0	1.0	1.0	1.0	1.0	1.0	0.2831404791424283	0.23565837540844176	1.0	0.9807692307692308	1.0	0.5814796258221004	1.0	0.9920556107249253	1.0	0.7409513574255309	1.0	0.2446434666055828	0.2873478920958812	1.0	1.0	0.9683794466403162	1.0	0.26703070663212036	0.41814179746877606	0.28652546235725285	0.26791611492163553	0.3208902118450975	1.0	0.0796477573776982	0.22348484848484862	1.0	0.3081475000901683	1.0	0.285261032434095	0.27218164971371656	0.28701629823615854	0.20308969007106573	0.9930446194225722	0.2796431772450347	0.3287349012035175	0.8350007832075771	0.24230155713187532	1.0	1.0	1.0	1.0	1.0	1.0	1.0	1.0
CR-41	201441	0.14616108384620496	1.0	1.0	1.0	0.15964451856115147	0.14944287504500062	1.0	1.0	0.21631933992197425	0.13449407330011592	1.0	0.1717075319336367	0.14411289529388566	0	1.0	0.1477560735559488	1.0	1.0	1.0	0.18951063737689897	1.0	0.14213511992368233	1.0	1.0	1.0	1.0	1.0	1.0	1.0	1.0	1.0	1.0	1.0	1.0	1.0	1.0	1.0	1.0	1.0	1.0	1.0	1.0	1.0	1.0	0.18316347145149942	1.0	1.0	1.0	1.0	1.0	1.0	1.0	1.0	1.0	1.0	0.18079513735796932	0.14553377951683402	1.0	0.9807692307692308	1.0	0.5388936722401513	1.0	0.9920556107249254	1.0	0.6983654038435817	1.0	0.13243344645429977	0.1944646675340938	1.0	1.0	0.9683794466403164	1.0	0.17995221040003728	0.35015575579403596	0.1799175631860949	0.1802712728947974	0.2279623425563816	1.0	0.1497134338860957	0.21115185773459158	1.0	0.18576671699250094	1.0	0.17943679314878544	0.16206922148899153	0.17905078277899633	0.11976422376087507	0.9930446194225722	0.16047224057318452	0.21347303419481292	0.8244274809160306	0.14663385455748115	1.0	1.0	1.0	1.0	1.0	1.0	1.0	1.0
CR-56	201445	1.0	0.23828479422409737	0.22192701682056823	0.20569822243354238	1.0	1.0	0.05104194381272904	0.35857654202498923	1.0	1.0	0.7186755382982859	1.0	1.0	1.0	0	1.0	0.1624580874924648	0.42776302463791727	0.382127734397025	1.0	0.24797544620864406	1.0	0.32601106853980416	0.23065404935843836	0.31315312004506723	0.3260110685398042	0.3362128976517214	0.32601106853980416	1.0	0.28970531512767106	0.3108737472344829	0.3204709825516108	0.24581081053599174	0.2353515268632269	0.3260110685398042	0.3260110685398042	0.34682843763303534	0.4454580456355304	1.0	0.32601106853980416	0.22044894108437807	0.38070387914527887	0.2577727551617859	0.34182765626094597	1.0	0.18671946583428897	0.48412090251170714	0.4099491962845298	0.19746443757569865	0.48412090251170703	0.28177903100198576	1.0	0.40966724516106034	0.2667877172941396	0.2600287965538287	1.0	1.0	0.3260110685398043	0.33068643355999683	0.3468284376330353	1.0	0.3103829775407933	0.347239481145815	0.3380100954813598	1.0	0.33482332907620266	1.0	0.9908045977011494	0.3348233290762026	0.3588302923320128	0.4180307152820897	0.32601106853980416	1.0	1.0	1.0	1.0	1.0	0.3958581992369358	1.0	1.0	0.22484724323914307	1.0	0.26398033031858975	1.0	1.0	1.0	1.0	0.4030074784713213	1.0	1.0	0.34682843763303534	1.0	0.27445286505676103	0.3260110685398042	0.32675519819319054	0.33482332907620266	0.33482332907620266	0.33482332907620266	0.32601106853980416	0.3828676103011965
CR-46	201446	0.026124476616279906	1.0	1.0	1.0	0.020823771258473	0.03144078323361826	1.0	1.0	0.32986604627780564	0.2591986063053651	1.0	0.09027723855026545	0.022438610315793608	0.1477560735559488	1.0	0	1.0	1.0	1.0	0.296510710835879	1.0	0.009734671878010718	1.0	1.0	1.0	1.0	1.0	1.0	1.0	1.0	1.0	1.0	1.0	1.0	1.0	1.0	1.0	1.0	1.0	1.0	1.0	1.0	1.0	1.0	0.28993309700452735	1.0	1.0	1.0	1.0	1.0	1.0	1.0	1.0	1.0	1.0	0.2867836574044916	0.23930155367050493	1.0	0.9807692307692308	1.0	0.5851228040841635	1.0	0.9920556107249254	1.0	0.744594535687594	1.0	0.24828664486764596	0.2909910703579443	1.0	1.0	0.9683794466403162	1.0	0.2706738848941834	0.42178497573083923	0.2901686406193161	0.27155929318369865	0.32453339010716054	1.0	0.08850026497085318	0.22348484848484854	1.0	0.3117906783522315	1.0	0.2889042106961582	0.27582482797577973	0.2906594764982217	0.2067328683331289	0.9930446194225722	0.28328635550709785	0.3323780794655807	0.8386439614696403	0.24594473539393844	1.0	1.0	1.0	1.0	1.0	1.0	1.0	1.0
CR-47	201447	1.0	0.1544877326519888	0.17114927861511828	0.10272679951844892	1.0	1.0	0.18749658464550464	0.298629457795398	1.0	1.0	0.6423600290157356	1.0	1.0	1.0	0.1624580874924648	1.0	0	0.3712946259809629	0.26943022248758236	1.0	0.16129397396446735	1.0	0.21891065721828548	0.22863116832185346	0.2862947479304504	0.21891065721828548	0.24536818638686392	0.2189106572182854	1.0	0.19920671333662202	0.2662198788306907	0.2640025838946565	0.2245077732760199	0.1986674101511167	0.21891065721828545	0.21891065721828545	0.2515978880088927	0.3889896469785762	1.0	0.21891065721828548	0.16080751556716388	0.3361053421857006	0.2069950169563359	0.2465971066368033	1.0	0.13992735664961584	0.429345560650271	0.3084211548478287	0.12513098292278232	0.4293455606502709	0.1754309907815945	1.0	0.3525110107534318	0.2206433605052703	0.2159679273345681	1.0	1.0	0.26700436174047193	0.23724173880489008	0.2515978880088927	1.0	0.19863370370691055	0.23640508520390618	0.24277954585721714	1.0	0.23420658366106653	1.0	0.9908045977011494	0.23207586494372662	0.26181888419537863	0.31405913531165	0.2189106572182854	1.0	1.0	1.0	1.0	1.0	0.3347920994305563	1.0	1.0	0.24751514298180063	1.0	0.1861551630757088	1.0	1.0	1.0	1.0	0.3263271879468589	1.0	1.0	0.25736683117541553	1.0	0.19522134502778749	0.23347573170363836	0.231661936185747	0.23744404185504644	0.23207586494372662	0.2324026508912577	0.2202585783745273	0.27889603033075683
CR-48	201448	1.0	0.33693757885481457	0.30140992563179186	0.3502207875263133	1.0	1.0	0.4328154354920709	0.4404929114397875	1.0	1.0	0.43501837184289055	1.0	1.0	1.0	0.42776302463791727	1.0	0.3712946259809629	0	0.3372955312323059	1.0	0.371356946305783	1.0	0.25577833075645445	0.3362118700626747	0.2994340061509834	0.237050094793652	0.30265853184407177	0.25136219608202925	1.0	0.27118116308431267	0.3246731545234911	0.26681281358343745	0.3239063570723846	0.30188456543783926	0.2610076991938257	0.2810273949842422	0.34382026031349905	0.21076165443064745	1.0	0.26606501666121923	0.31863514658996145	0.2748473058064962	0.2537560633807738	0.28752505642090054	1.0	0.3593331087229652	0.5440496691742952	0.19229808988149033	0.4019070214718147	0.5440496691742954	0.3301101824657897	1.0	0.12422500665396638	0.259082863728138	0.27524004211445147	1.0	1.0	0.33932291015626004	0.28587564654364256	0.3265933238014406	1.0	0.23305614135025013	0.3129104156340224	0.32630343697143294	1.0	0.27394548896131105	1.0	0.9908045977011494	0.2875857276654884	0.16445596620676475	0.2989903806367459	0.27462962000285035	1.0	1.0	1.0	1.0	1.0	0.19557577239635676	1.0	1.0	0.39606161664284595	1.0	0.3859743700891439	1.0	1.0	1.0	1.0	0.4296139736362375	1.0	1.0	0.3423380102579146	1.0	0.3609797222780455	0.31310514380164994	0.2610065975822583	0.3129733596413557	0.3126338370949366	0.2752671233606993	0.31937595151959336	0.3926056609500055
CR-49	201449	1.0	0.25914895404018273	0.2891949342630353	0.1870413188761833	1.0	1.0	0.4156419853363647	0.20999275313164278	1.0	1.0	0.6008256464008955	1.0	1.0	1.0	0.382127734397025	1.0	0.26943022248758236	0.3372955312323059	0	1.0	0.19766293517253117	1.0	0.17153453546553848	0.35921158289221905	0.4053365296670907	0.19369714763070187	0.3199741977553961	0.19570204341704503	1.0	0.2612168908750539	0.3822283384694286	0.3669941467288819	0.3340615004033207	0.3160782826572412	0.1594074995397814	0.20399328908686162	0.2496322634711552	0.4051462122104038	1.0	0.18865362412424866	0.292804303388102	0.4290619840482184	0.2873061622506265	0.22029797212681396	1.0	0.328362558699996	0.3550503866885399	0.22395614425489915	0.26254334376934657	0.2641550053821314	0.17029965436736205	1.0	0.41126622039675814	0.37391273551719895	0.3504613812240996	1.0	1.0	0.17787915527762346	0.28696851682682606	0.190341110233932	1.0	0.23776474789011945	0.2690931248203517	0.16508747827912088	1.0	0.21787484121141132	1.0	0.9908045977011494	0.24447330668455702	0.31215158818824146	0.15452238732314866	0.183496717246152	1.0	1.0	1.0	1.0	1.0	0.3140424337746731	1.0	1.0	0.4078333492734441	1.0	0.14760499366661095	1.0	1.0	1.0	1.0	0.11682468730866029	1.0	1.0	0.31096035952095885	1.0	0.22887175240082624	0.15604201201269327	0.2319641882904491	0.22005098390929315	0.16193907283186482	0.23008523160233785	0.16862670563977586	0.10406162333901968
CR-52	201452	0.2949157211261351	1.0	1.0	1.0	0.30839915584108163	0.2981975123249308	1.0	1.0	0.10718315114759323	0.08142538919525406	1.0	0.32046216921356685	0.29286753257381587	0.18951063737689897	1.0	0.296510710835879	1.0	1.0	1.0	0	1.0	0.29088975720361243	1.0	1.0	1.0	1.0	1.0	1.0	1.0	1.0	1.0	1.0	1.0	1.0	1.0	1.0	1.0	1.0	1.0	1.0	1.0	1.0	1.0	1.0	0.044900389753942734	1.0	1.0	1.0	1.0	1.0	1.0	1.0	1.0	1.0	1.0	0.04612071269055362	0.08007088922218879	1.0	0.9807692307692307	1.0	0.5203303191148517	1.0	0.9920556107249257	1.0	0.6798020507182824	1.0	0.07261340875334302	0.1792696458330655	1.0	1.0	0.9683794466403162	1.0	0.05805721341639262	0.20325101774884652	0.014338672795986622	0.06108496564298789	0.1835691051401078	1.0	0.2987345592506628	0.32046216921356685	1.0	0.07708753794627356	1.0	0.020837946300332078	0.14211428156901393	0.022825918298379128	0.13609481330822226	0.9930446194225722	0.05535153284009693	0.15121497538893772	0.8244274809160306	0.12632569284757156	1.0	1.0	1.0	1.0	1.0	1.0	1.0	1.0
CR-53	201453	1.0	0.17920324517066483	0.24330011321908837	0.08262184323002368	1.0	1.0	0.28880679621057087	0.2359031762843607	1.0	1.0	0.6627891168953288	1.0	1.0	1.0	0.24797544620864406	1.0	0.16129397396446735	0.371356946305783	0.19766293517253117	1.0	0	1.0	0.18076474476452045	0.29455135231802704	0.35970368552129695	0.1855565511549468	0.2816733410352142	0.18893386303265117	1.0	0.24608174632055635	0.31321572361465083	0.2993210066012398	0.2845563275897236	0.28186493001929325	0.16724167829331893	0.2186418047581087	0.22425720471022173	0.375014534148316	1.0	0.17284444446035438	0.22814407281390994	0.36004936919344055	0.2536069411948782	0.19927529764646634	1.0	0.21973677216721968	0.35505038668854	0.24077868223854926	0.14404242144001603	0.3424536026200873	0.08897842413145583	1.0	0.38174937259811825	0.30103683766902545	0.2865822604881134	1.0	1.0	0.1833728180447423	0.26159345806589257	0.19292439956331875	1.0	0.2172439748465569	0.2437180660594182	0.18410605741164315	1.0	0.19249978245047789	1.0	0.9908045977011494	0.2190982479236236	0.28677652942730786	0.24223604410825547	0.19814523291739908	1.0	1.0	1.0	1.0	1.0	0.33997177783397897	1.0	1.0	0.31926192326282776	1.0	0.09713492289703107	1.0	1.0	1.0	1.0	0.23431787183807257	1.0	1.0	0.28558530076002536	1.0	0.1518126423416681	0.150347980349345	0.21465726041252783	0.19467592514835966	0.16761053493449782	0.20471017284140436	0.1557932483652985	0.20707293912736227
CR-59	201456	0.026696373302052306	1.0	1.0	1.0	0.020885170075295206	0.034368495004981535	1.0	1.0	0.324245092645539	0.2535776526730987	1.0	0.08616352030452128	0.022120787686221915	0.14213511992368233	1.0	0.009734671878010718	1.0	1.0	1.0	0.29088975720361243	1.0	0	1.0	1.0	1.0	1.0	1.0	1.0	1.0	1.0	1.0	1.0	1.0	1.0	1.0	1.0	1.0	1.0	1.0	1.0	1.0	1.0	1.0	1.0	0.2843121433722609	1.0	1.0	1.0	1.0	1.0	1.0	1.0	1.0	1.0	1.0	0.28116270377222496	0.2336806000382384	1.0	0.9807692307692308	1.0	0.5795018504518971	1.0	0.9920556107249253	1.0	0.7389735820553273	1.0	0.24266569123537943	0.28537011672567775	1.0	1.0	0.9683794466403162	1.0	0.2650529312619169	0.41616402209857273	0.28454768698704963	0.26593833955143215	0.31891243647489403	1.0	0.08850026497085325	0.2234848484848486	1.0	0.30616972471996495	1.0	0.28328325706389174	0.27020387434351323	0.28503852286595527	0.20111191470086234	0.9930446194225722	0.27766540187483135	0.3267571258333141	0.8330230078373737	0.240323781761672	1.0	1.0	1.0	1.0	1.0	1.0	1.0	1.0
KL-CP-3	201463	1.0	0.1561840320775504	0.24353869895985744	0.14377321670510168	1.0	1.0	0.36771058315334776	0.29206354132287043	1.0	1.0	0.5485737015924226	1.0	1.0	1.0	0.32601106853980416	1.0	0.21891065721828548	0.25577833075645445	0.17153453546553848	1.0	0.18076474476452045	1.0	0	0.31630606104026365	0.3599400714793585	0.04065598670055716	0.2789301238482497	0.028317199100874144	1.0	0.21770148385607804	0.32809534249219924	0.3128611507516526	0.29120222929936296	0.27437928186191146	0.014771272660326826	0.10829791008458817	0.08968124440260468	0.334380517440626	1.0	0.03048801031595172	0.2430236916914585	0.374928988070989	0.22568351728863878	0.0899890274678168	1.0	0.2613924365154301	0.3728703670352627	0.1909419360201276	0.2051282051282051	0.3728703670352627	0.15893088032675717	1.0	0.2979079322353761	0.3107990984679713	0.29634452128705924	1.0	1.0	0.10909772973487931	0.16417079208384183	0.08792277491625546	1.0	0.07697130006694719	0.158170692985431	0.10206680747808625	1.0	0.07053147056842934	1.0	0.9908045977011494	0.1024509274228007	0.2008148589826858	0.1965799164839489	0.06178492773434829	1.0	1.0	1.0	1.0	1.0	0.21855253009221534	1.0	1.0	0.39606161664284595	1.0	0.21479506795011138	1.0	1.0	1.0	1.0	0.2698519943318507	1.0	1.0	0.17621234038493214	1.0	0.12226454519633967	0.07556909969804573	0.08645352891162575	0.0737689287624093	0.06861792345448961	0.06929178377916555	0.06432089487697144	0.21104464089418393
KL-CP-23	201472	1.0	0.3010795641307295	0.1786809634844324	0.2682847638300103	1.0	1.0	0.242856813688098	0.3972296931977415	1.0	1.0	0.6052893845807934	1.0	1.0	1.0	0.23065404935843836	1.0	0.22863116832185346	0.3362118700626747	0.35921158289221905	1.0	0.29455135231802704	1.0	0.31630606104026365	0	0.2257101560060446	0.31630606104026365	0.28595740576097894	0.3163060610402636	1.0	0.22323671771680229	0.2058981448168507	0.1862381019983478	0.06977500023576949	0.16337116884885258	0.31630606104026365	0.3602331857584371	0.3471844103739791	0.3289383205639327	1.0	0.3163060610402637	0.09093323833298471	0.2713904885508322	0.19100603653113152	0.34218362900188976	1.0	0.23889329370609472	0.5100300902708125	0.32628038352484645	0.26418969211938864	0.5100300902708125	0.22822542543990676	1.0	0.3684328957580535	0.2012227265151561	0.21436236755117288	1.0	1.0	0.41852870093045497	0.32581371974551515	0.3471844103739791	1.0	0.30067797004125274	0.33049147442326987	0.33836606822230353	1.0	0.3304914744232698	1.0	0.9908045977011494	0.3304914744232699	0.34718441037397907	0.34718441037397907	0.3538354107770452	1.0	1.0	1.0	1.0	1.0	0.3270725424861138	1.0	1.0	0.2644513658491753	1.0	0.28653703898465277	1.0	1.0	1.0	1.0	0.3955943947327547	1.0	1.0	0.34718441037397907	1.0	0.33327670585410807	0.3850000708936213	0.33284106658195756	0.33303056422013294	0.33049147442326976	0.3304914744232698	0.32705791034188847	0.3899371499204192
KL-CP-17	201477	1.0	0.3509015278833877	0.24881917307593007	0.3044909182152048	1.0	1.0	0.287296124863825	0.43304047731803685	1.0	1.0	0.5056226989699106	1.0	1.0	1.0	0.31315312004506723	1.0	0.2862947479304504	0.2994340061509834	0.4053365296670907	1.0	0.35970368552129695	1.0	0.3599400714793585	0.2257101560060446	0	0.31998362506749506	0.23488759271481285	0.33598829191804885	1.0	0.16611877582997345	0.19916263610544374	0.1413380514660702	0.2009425768295401	0.21510249496461392	0.3592350478975463	0.4107422860422199	0.41800215236744115	0.2893836695578841	1.0	0.3455393750044521	0.20858428806773022	0.20337962737977958	0.24655044869967482	0.36246866358256014	1.0	0.2777231208385284	0.5662522936965342	0.3336821265755264	0.32701266176354726	0.5662522936965343	0.2841147982969688	1.0	0.32540772011529107	0.2254145395812098	0.2544352724290475	1.0	1.0	0.4690378012142379	0.3600575385975846	0.4007752158553827	1.0	0.3003225139085289	0.3870923076879645	0.40048532902537487	1.0	0.34812738101525303	1.0	0.9908045977011494	0.36176761971943044	0.36246866358256014	0.36246866358256014	0.40434451106082814	1.0	1.0	1.0	1.0	1.0	0.3252906634543346	1.0	1.0	0.2905924769794926	1.0	0.3318561322311379	1.0	1.0	1.0	1.0	0.4742249627307169	1.0	1.0	0.4165199023118567	1.0	0.3972547845015534	0.4355091711774043	0.3400571889075265	0.3871552516952977	0.3868157291488785	0.34944901541464135	0.39355784357353546	0.4667875530039476
KL-CP-18	201478	1.0	0.17319310422973802	0.25053793141825137	0.15556425555392192	1.0	1.0	0.36771058315334765	0.2968553477132968	1.0	1.0	0.5288257758701114	1.0	1.0	1.0	0.3260110685398042	1.0	0.21891065721828548	0.237050094793652	0.19369714763070187	1.0	0.1855565511549468	1.0	0.04065598670055716	0.31630606104026365	0.31998362506749506	0	0.23827413714769255	0.020642468777414276	1.0	0.2094533491744745	0.2874393557916421	0.27220516405109546	0.29502017673162284	0.2791425221255503	0.039950963118744916	0.13094893493617543	0.10677016551984711	0.2971935066384212	1.0	0.02901492186756724	0.2304173813607776	0.3342730013704319	0.230819556944681	0.06527175006466818	1.0	0.26139243651543015	0.3776621734256891	0.1550777557099968	0.20512820512820512	0.37766217342568914	0.1637226867171835	1.0	0.25725194553481895	0.2701431117674142	0.2556885345865022	1.0	1.0	0.1497537164354365	0.13513513513513511	0.08954322900778862	1.0	0.05959913318626031	0.14697120158887791	0.09900256143274373	1.0	0.047880445716842086	1.0	0.9908045977011494	0.06666666666666664	0.1601588722821287	0.1607157361738181	0.09764910804447911	1.0	1.0	1.0	1.0	1.0	0.20655414691877863	1.0	1.0	0.39606161664284584	1.0	0.2259378822812786	1.0	1.0	1.0	1.0	0.274643800722277	1.0	1.0	0.17557251908396948	1.0	0.1345431734098036	0.11622508639860289	0.0517960401082754	0.07592326484770368	0.0755837423012846	0.04607651294703321	0.08232585672594134	0.21583644728461027
KL-CP-19	201479	1.0	0.27894102166570167	0.26703147287185136	0.25938185007513664	1.0	1.0	0.35711687297296496	0.32592663709515884	1.0	1.0	0.5419702665451214	1.0	1.0	1.0	0.3362128976517214	1.0	0.24536818638686392	0.30265853184407177	0.3199741977553961	1.0	0.2816733410352142	1.0	0.2789301238482497	0.28595740576097894	0.23488759271481285	0.23827413714769255	0	0.25497834428694	1.0	0.16882768708817153	0.20720732055240765	0.20583142653487568	0.28731910763943813	0.2829609522344209	0.27822510026643743	0.32973233841111127	0.2851916773113363	0.3142015542918797	1.0	0.2594520735508954	0.20670320519472904	0.19759146860647214	0.2505652020910797	0.22389569204664836	1.0	0.3110228181196549	0.4259157634792153	0.18452462614899165	0.2617363354758806	0.4259157634792153	0.21638939275483454	1.0	0.32054743509729505	0.22202715230231046	0.16725302160808087	1.0	1.0	0.3880278535831291	0.2639092626402271	0.26796474079927785	1.0	0.215793794668307	0.2731497571601615	0.27649319612094564	1.0	0.23270821030697433	1.0	0.9908045977011494	0.2485649878005805	0.20033371986231768	0.215580410570479	0.32333456342971933	1.0	1.0	1.0	1.0	1.0	0.3391615240606731	1.0	1.0	0.4111369781449564	1.0	0.28993734014863765	1.0	1.0	1.0	1.0	0.3671384522537645	1.0	1.0	0.29290816759333055	1.0	0.3162448368704446	0.3544992235462955	0.20865322748910495	0.26849862279303904	0.28280404151225086	0.2358337774761715	0.2941889361807557	0.33397707794784276
KL-CP-20	201480	1.0	0.15570033004149117	0.2486045655664277	0.15700820157980266	1.0	1.0	0.36771058315334776	0.30023265959100115	1.0	1.0	0.5441575669179975	1.0	1.0	1.0	0.32601106853980416	1.0	0.2189106572182854	0.25136219608202925	0.19570204341704503	1.0	0.18893386303265117	1.0	0.028317199100874144	0.3163060610402636	0.33598829191804885	0.020642468777414276	0.25497834428694	0	1.0	0.21328534918165287	0.30414356293088957	0.2889093711903428	0.29558112649208523	0.2786199313500279	0.036294543877263614	0.1284459909173316	0.09256890239944351	0.3143683887307689	1.0	0.016089418572296826	0.2304173813607777	0.3509772085096794	0.22944714085331971	0.07420636617463783	1.0	0.2613924365154301	0.38103948530339343	0.17515927472694867	0.2051282051282051	0.3810394853033935	0.16709999859488794	1.0	0.27395615267406637	0.2868473189066616	0.2723927417257497	1.0	1.0	0.13304950929618903	0.1402190125225321	0.07646657762435984	1.0	0.05928571508786217	0.1469712015888779	0.10237987331044816	1.0	0.05038338973568596	1.0	0.9908045977011494	0.07849914786149097	0.1768630794213761	0.18079725519076992	0.07974526030645375	1.0	1.0	1.0	1.0	1.0	0.214748831363649	1.0	1.0	0.3960616166428459	1.0	0.22738182830715928	1.0	1.0	1.0	1.0	0.27802111259998147	1.0	1.0	0.17557251908396948	1.0	0.12689658856589758	0.1005890062073598	0.0650114273923917	0.06172200172730011	0.07524183467815668	0.048579456965877066	0.06812459360553777	0.21921375916231473
KL-CP-25	201482	1.0	1.0	1.0	1.0	1.0	1.0	1.0	1.0	1.0	1.0	1.0	1.0	1.0	1.0	1.0	1.0	1.0	1.0	1.0	1.0	1.0	1.0	1.0	1.0	1.0	1.0	1.0	1.0	0	1.0	1.0	1.0	1.0	1.0	1.0	1.0	1.0	1.0	0.1376892877173305	1.0	1.0	1.0	1.0	1.0	1.0	1.0	1.0	1.0	1.0	1.0	1.0	0.18625827814569546	1.0	1.0	1.0	1.0	1.0	1.0	1.0	1.0	1.0	1.0	1.0	1.0	1.0	1.0	1.0	1.0	1.0	1.0	1.0	1.0	1.0	1.0	1.0	1.0	1.0	1.0	1.0	1.0	1.0	1.0	1.0	1.0	1.0	1.0	1.0	1.0	1.0	1.0	1.0	1.0	1.0	1.0	1.0	1.0	1.0	1.0	1.0	1.0
KL-CP-35	201483	1.0	0.2313656985047326	0.1633282430329376	0.1836868276263894	1.0	1.0	0.29817852521767757	0.33515180974802433	1.0	1.0	0.5080409972541173	1.0	1.0	1.0	0.28970531512767106	1.0	0.19920671333662202	0.27118116308431267	0.2612168908750539	1.0	0.24608174632055635	1.0	0.21770148385607804	0.22323671771680229	0.16611877582997345	0.2094533491744745	0.16882768708817153	0.21328534918165287	1.0	0	0.19503859910603255	0.17915405884239818	0.1869395779205872	0.18346296850057892	0.22192974602321894	0.2571271897404836	0.29926285508809775	0.31153977929047016	1.0	0.22680007772510868	0.1400552632824382	0.24594512131315838	0.14772579212781434	0.2692642306736266	1.0	0.22918009313564236	0.45003728560775536	0.24629269896470873	0.24501936544856126	0.45003728560775536	0.16537550101762552	1.0	0.3546473097584645	0.21662508064842978	0.19317372635533023	1.0	1.0	0.31542270491250163	0.24131824131824134	0.2820359185760392	1.0	0.19122268764692035	0.2683530104086211	0.2817460317460317	1.0	0.25187292632580044	1.0	0.9908045977011494	0.24965638753637173	0.2692642306736266	0.26926423067362654	0.2507294147590918	1.0	1.0	1.0	1.0	1.0	0.24792806562667988	1.0	1.0	0.32400263515751565	1.0	0.21255321923570009	1.0	1.0	1.0	1.0	0.3613006707494896	1.0	1.0	0.2977806050325133	1.0	0.27134467189462597	0.28189407487566787	0.2468527559985929	0.26841595441595434	0.2680764318695353	0.25006899355599155	0.274818546294192	0.34804825572460424
KL-CP-28	201488	1.0	0.32757753231337666	0.22196242641115466	0.28694913512663395	1.0	1.0	0.34372195126150407	0.4005764104511508	1.0	1.0	0.57570710549919	1.0	1.0	1.0	0.3108737472344829	1.0	0.2662198788306907	0.3246731545234911	0.3822283384694286	1.0	0.31321572361465083	1.0	0.32809534249219924	0.2058981448168507	0.19916263610544374	0.2874393557916421	0.20720732055240765	0.30414356293088957	1.0	0.19503859910603255	0	0.08525564588073573	0.22323299802279745	0.23680965827701952	0.32739031891038706	0.3788975570550607	0.3378053632274334	0.3187013058543131	1.0	0.3086172921948449	0.18703492922213696	0.10905916978179916	0.2112794146804838	0.29224498788279346	1.0	0.26171223117943615	0.48970037453183524	0.27468103032666225	0.2730126355115477	0.4897003745318353	0.24688979673653044	1.0	0.35147380476015816	0.2063929311184839	0.184211596729281	1.0	1.0	0.4371930722270786	0.30324952284635043	0.320578426715375	1.0	0.26774930490317017	0.32576344307625865	0.32910688203704286	1.0	0.29224498788279357	1.0	0.9908045977011494	0.3011786737166777	0.2922449878827936	0.29224498788279357	0.37249978207366885	1.0	1.0	1.0	1.0	1.0	0.3245421316520026	1.0	1.0	0.36188798765996166	1.0	0.3052014102812764	1.0	1.0	1.0	1.0	0.40488634806306845	1.0	1.0	0.336323113171849	1.0	0.3478951843974081	0.403664442190245	0.2922449878827935	0.3211123087091362	0.335417727428348	0.2922449878827935	0.34335415482470527	0.3865907638639399
KL-CP-32	201491	1.0	0.31234334057283003	0.206728234670608	0.2717149433860873	1.0	1.0	0.3348120671408089	0.41095279048268557	1.0	1.0	0.5200289105570735	1.0	1.0	1.0	0.3204709825516108	1.0	0.2640025838946565	0.26681281358343745	0.3669941467288819	1.0	0.2993210066012398	1.0	0.3128611507516526	0.1862381019983478	0.1413380514660702	0.27220516405109546	0.20583142653487568	0.2889093711903428	1.0	0.17915405884239818	0.08525564588073573	0	0.1925680106742462	0.20614467092846822	0.31215612716984026	0.3636633653145141	0.3566471072299599	0.2633922201657131	1.0	0.2933831004542983	0.1826992618748803	0.11407689372681826	0.18891743826220636	0.30035190333736134	1.0	0.2528449242854915	0.507891770011274	0.2578165754018398	0.2946149793855082	0.507891770011274	0.23242447215068388	1.0	0.3128712783298894	0.1661994316049002	0.18145108153276399	1.0	1.0	0.42195888048653196	0.29870249346010336	0.33942017071790137	1.0	0.2517096402015059	0.32573726255048313	0.3391302838878938	1.0	0.28677233587777184	1.0	0.9908045977011494	0.30041257458194914	0.2894844726862765	0.2894844726862765	0.3572655903331222	1.0	1.0	1.0	1.0	1.0	0.29111654443201723	1.0	1.0	0.3312230003114105	1.0	0.2899672185407297	1.0	1.0	1.0	1.0	0.40726760005670604	1.0	1.0	0.35516485717437546	1.0	0.33521224790831505	0.38843025044969826	0.27514112889425496	0.32580020655781644	0.3299179730194775	0.2880939702771602	0.33490470582724796	0.40543250786646623
