188
29206      0.0000000 0.0406656 0.0000010 0.0042793 0.0174750 0.0000010 0.0086719 0.0708458 0.0042797 0.0705803 0.0708307 0.0606742 0.0086546 0.0705528 0.0709285 0.1025710 0.0696039 0.0358298 0.0086262 0.0086625 0.0975898 0.0711938 0.0131005 0.0972498 0.0705528 0.0173644 0.0755425 0.0086575 0.0086699 0.0088235 0.0042797 0.0042938 0.0745956 0.0497575 0.0705803 0.0756494 0.0705803 0.0042797 0.0755425 0.0865500 0.0708664 0.0922579 0.0759856 0.0709436 0.0656254 0.0656537 0.0975501 0.0654774 0.0755849 0.0705831 0.0763246 0.0708941 0.0042938 0.0709285 0.0705491 0.0086591 0.0042938 0.0130307 0.0086560 0.0086560 0.0000010 0.0705528 0.0708307 0.0086591 0.0086144 0.0410615 0.0711938 0.0086625 0.0130413 0.0086625 0.0042968 0.0042793 0.0042945 0.0042744 0.0920667 0.0915845 0.0042744 0.0042960 0.0042945 0.0042960 0.0042945 0.0360099 0.0453713 0.0726143 0.0042797 0.0042938 0.0042945 0.0042992 0.0545094 0.0912947 0.0042797 0.0042960 0.0042797 0.0598611 0.0813570 0.0042793 0.0042797 0.0042797 0.0085975 0.0085937 0.0805375 0.0042945 0.0042992 0.0855654 0.0042797 0.0264558 0.0042945 0.0086326 0.1739000 0.0000010 0.0129200 0.0042744 0.0042744 0.0085860 0.0042938 0.0086669 0.0218728 0.0806149 0.0042778 0.0042744 0.0000010 0.0042938 0.0042793 0.0042744 0.0042744 0.0000010 0.0000010 0.0042945 0.0000010 0.0085929 0.0856483 0.0806149 0.0042945 0.0000010 0.0042968 0.0130413 0.0655640 0.0043119 0.0711938 0.0709285 0.0655640 0.0705528 0.0312473 0.0705803 0.0755849 0.0000010 0.0805832 0.0655640 0.0042797 0.0708979 0.0130902 0.0130307 0.0606742 0.0659736 0.0706802 0.0652483 0.0358298 0.0646583 0.0655640 0.0918046 0.0000010 0.0709285 0.0704863 0.0656537 0.0086315 0.0042797 0.0086323 0.0086323 0.0086605 0.0806149 0.0086284 0.0085830 0.0042744 0.0000010 0.0085937 0.0085937 0.0709285 0.0650068 0.0498203 0.0545298 0.0975501 0.0085868 0.0042744 0.0042968 0.0358298 0.0042778 0.0864652 0.0042793 
57368      0.0406656 0.0000000 0.0406656 0.0453922 0.0554479 0.0406656 0.0506349 0.0649125 0.0453950 0.0646739 0.0645897 0.0549959 0.0505285 0.0646492 0.0649869 0.0906018 0.0355437 0.0129817 0.0408365 0.0505797 0.0857506 0.0649125 0.0556625 0.0854597 0.0646492 0.0550500 0.0645897 0.0505536 0.0506280 0.0515788 0.0453950 0.0455564 0.0401695 0.0173429 0.0597772 0.0696214 0.0646739 0.0453950 0.0695245 0.0802132 0.0649303 0.0857506 0.0699237 0.0650004 0.0598318 0.0598575 0.0909120 0.0597001 0.0597546 0.0646767 0.0702300 0.0649552 0.0455564 0.0646767 0.0646453 0.0505602 0.0455564 0.0553440 0.0505411 0.0505411 0.0406656 0.0646492 0.0645897 0.0505602 0.0502806 0.0266578 0.0649125 0.0505797 0.0553944 0.0505797 0.0455910 0.0453922 0.0455672 0.0453351 0.0804388 0.0800288 0.0453351 0.0455843 0.0455672 0.0455843 0.0455672 0.0130437 0.0130426 0.0665008 0.0453950 0.0455564 0.0455672 0.0456169 0.0217663 0.0848739 0.0453950 0.0358543 0.0453950 0.0219517 0.0751487 0.0453922 0.0453950 0.0453950 0.0501681 0.0501464 0.0694333 0.0455672 0.0456169 0.0743076 0.0453950 0.0652952 0.0455672 0.0503929 0.1651104 0.0406656 0.0500351 0.0453351 0.0453351 0.0453351 0.0455564 0.0453752 0.0601242 0.0694978 0.0359821 0.0453351 0.0412453 0.0455564 0.0453922 0.0453351 0.0453351 0.0408849 0.0406656 0.0455672 0.0406656 0.0501435 0.0743779 0.0694978 0.0455672 0.0410519 0.0455910 0.0553944 0.0597772 0.0457648 0.0649125 0.0646767 0.0597772 0.0549254 0.0086265 0.0646739 0.0695624 0.0406656 0.0744476 0.0597772 0.0453950 0.0646492 0.0556198 0.0553440 0.0549959 0.0598575 0.0647640 0.0594949 0.0042938 0.0309595 0.0597772 0.0853375 0.0406656 0.0646767 0.0645897 0.0598575 0.0455910 0.0453950 0.0503860 0.0503860 0.0505728 0.0744763 0.0503641 0.0500799 0.0453351 0.0406656 0.0501464 0.0501464 0.0649869 0.0265525 0.0129654 0.0173429 0.0909120 0.0501015 0.0453351 0.0455910 0.0042938 0.0453752 0.0750679 0.0406656 
4227611    0.0000010 0.0406656 0.0000000 0.0042793 0.0174750 0.0000010 0.0086719 0.0708458 0.0042797 0.0705803 0.0708307 0.0606742 0.0086546 0.0705528 0.0709285 0.1025710 0.0696039 0.0358298 0.0086262 0.0086625 0.0975898 0.0711938 0.0131005 0.0972498 0.0705528 0.0173644 0.0755425 0.0086575 0.0086699 0.0088235 0.0042797 0.0042938 0.0745956 0.0497575 0.0705803 0.0756494 0.0705803 0.0042797 0.0755425 0.0865500 0.0708664 0.0922579 0.0759856 0.0709436 0.0656254 0.0656537 0.0975501 0.0654774 0.0755849 0.0705831 0.0763246 0.0708941 0.0042938 0.0709285 0.0705491 0.0086591 0.0042938 0.0130307 0.0086560 0.0086560 0.0000010 0.0705528 0.0708307 0.0086591 0.0086144 0.0410615 0.0711938 0.0086625 0.0130413 0.0086625 0.0042968 0.0042793 0.0042945 0.0042744 0.0920667 0.0915845 0.0042744 0.0042960 0.0042945 0.0042960 0.0042945 0.0360099 0.0453713 0.0726143 0.0042797 0.0042938 0.0042945 0.0042992 0.0545094 0.0912947 0.0042797 0.0042960 0.0042797 0.0598611 0.0813570 0.0042793 0.0042797 0.0042797 0.0085975 0.0085937 0.0805375 0.0042945 0.0042992 0.0855654 0.0042797 0.0264558 0.0042945 0.0086326 0.1739000 0.0000010 0.0129200 0.0042744 0.0042744 0.0085860 0.0042938 0.0086669 0.0218728 0.0806149 0.0042778 0.0042744 0.0000010 0.0042938 0.0042793 0.0042744 0.0042744 0.0000010 0.0000010 0.0042584 0.0000010 0.0085929 0.0856483 0.0806149 0.0042945 0.0000010 0.0042968 0.0130413 0.0655640 0.0043119 0.0711938 0.0709285 0.0655640 0.0705528 0.0312473 0.0705803 0.0755849 0.0000010 0.0805832 0.0655640 0.0042797 0.0708979 0.0130902 0.0130307 0.0606742 0.0659736 0.0706802 0.0652483 0.0358298 0.0646583 0.0655640 0.0918046 0.0000010 0.0709285 0.0704863 0.0656537 0.0086315 0.0042797 0.0086323 0.0086323 0.0086605 0.0806149 0.0086284 0.0085830 0.0042744 0.0000010 0.0085937 0.0085937 0.0709285 0.0650068 0.0498203 0.0545298 0.0975501 0.0085868 0.0042744 0.0042968 0.0358298 0.0042778 0.0864652 0.0042793 
4228125    0.0042793 0.0453922 0.0042793 0.0000000 0.0219408 0.0042793 0.0130652 0.0759302 0.0085967 0.0756442 0.0759137 0.0656509 0.0130390 0.0756145 0.0760191 0.1079840 0.0745930 0.0404925 0.0129966 0.0130510 0.1029739 0.0763054 0.0175452 0.1026129 0.0756145 0.0218011 0.0806467 0.0130436 0.0130624 0.0132947 0.0085967 0.0086247 0.0796312 0.0545298 0.0756442 0.0807610 0.0756442 0.0085967 0.0806467 0.0918028 0.0759530 0.0975898 0.0811230 0.0760356 0.0706471 0.0706774 0.1029317 0.0704863 0.0806925 0.0756468 0.0814866 0.0759830 0.0086247 0.0760191 0.0756111 0.0130459 0.0086247 0.0174509 0.0130413 0.0130413 0.0042793 0.0756145 0.0759137 0.0130459 0.0129790 0.0458369 0.0763054 0.0130510 0.0174653 0.0130510 0.0086315 0.0085959 0.0086262 0.0085860 0.0973868 0.0968735 0.0085860 0.0086293 0.0086262 0.0086293 0.0086262 0.0406976 0.0501395 0.0778363 0.0085967 0.0086247 0.0086262 0.0086357 0.0593236 0.0965646 0.0085967 0.0086293 0.0085967 0.0647675 0.0865590 0.0085959 0.0085967 0.0085967 0.0129524 0.0129467 0.0856822 0.0086262 0.0086357 0.0907510 0.0085967 0.0310031 0.0086262 0.0130061 0.1803213 0.0042793 0.0173019 0.0085860 0.0085860 0.0129350 0.0086247 0.0130577 0.0263638 0.0857654 0.0085929 0.0085860 0.0043368 0.0086247 0.0000010 0.0085860 0.0085860 0.0043011 0.0042793 0.0086262 0.0042793 0.0129455 0.0908398 0.0857654 0.0086262 0.0043180 0.0086315 0.0174653 0.0705803 0.0086617 0.0763054 0.0760191 0.0705803 0.0756145 0.0358740 0.0756442 0.0806925 0.0042793 0.0857314 0.0705803 0.0085967 0.0759865 0.0175320 0.0174509 0.0656509 0.0710238 0.0757514 0.0702384 0.0404925 0.0696012 0.0705803 0.0971080 0.0042793 0.0760191 0.0755425 0.0706774 0.0130040 0.0085967 0.0130052 0.0130052 0.0086605 0.0857654 0.0129994 0.0129305 0.0085860 0.0042793 0.0129467 0.0129467 0.0760191 0.0699787 0.0545993 0.0593460 0.1029317 0.0129362 0.0085860 0.0086315 0.0404925 0.0085929 0.0917120 0.0085959 
1952296    0.0174750 0.0554479 0.0174750 0.0219408 0.0000000 0.0174750 0.0266868 0.0870259 0.0217471 0.0866915 0.0870063 0.0764214 0.0266324 0.0866568 0.0871294 0.1200938 0.0854647 0.0503699 0.0265444 0.0266578 0.1149748 0.0874652 0.0313638 0.1145629 0.0866568 0.0260247 0.0918257 0.0173016 0.0266818 0.0271663 0.0219426 0.0220173 0.0906485 0.0647589 0.0866915 0.0919576 0.0866915 0.0219426 0.0918257 0.1034107 0.0870542 0.1094262 0.0923808 0.0871491 0.0815589 0.0815939 0.1149266 0.0813680 0.0918798 0.0866937 0.0928024 0.0870893 0.0220173 0.0871294 0.0866540 0.0266474 0.0220173 0.0311912 0.0266378 0.0266378 0.0174750 0.0866568 0.0870063 0.0266474 0.0265071 0.0560032 0.0874652 0.0266578 0.0312180 0.0173112 0.0220338 0.0219408 0.0220215 0.0219147 0.1091945 0.1086061 0.0219147 0.0220294 0.0220215 0.0220294 0.0173944 0.0506313 0.0603247 0.0892562 0.0219426 0.0220173 0.0220215 0.0220451 0.0696834 0.1082509 0.0219426 0.0220294 0.0219426 0.0753752 0.0980076 0.0219408 0.0219426 0.0174750 0.0219426 0.0264390 0.0969944 0.0129873 0.0220451 0.1021975 0.0219426 0.0452505 0.0128734 0.0265636 0.1728409 0.0173202 0.0309175 0.0219147 0.0219147 0.0264147 0.0218205 0.0173202 0.0403957 0.0970913 0.0219330 0.0219147 0.0177157 0.0220173 0.0219408 0.0219147 0.0219147 0.0175663 0.0174750 0.0220215 0.0174750 0.0264370 0.1023005 0.0970913 0.0220215 0.0176360 0.0220338 0.0312180 0.0814796 0.0129257 0.0874652 0.0871294 0.0814796 0.0866568 0.0456365 0.0866915 0.0918798 0.0174750 0.0970520 0.0814796 0.0219426 0.0870922 0.0313401 0.0311912 0.0764214 0.0820022 0.0868159 0.0810767 0.0503699 0.0803295 0.0814796 0.1088754 0.0174750 0.0871294 0.0865718 0.0815939 0.0265590 0.0219426 0.0265610 0.0265610 0.0173077 0.0970913 0.0265494 0.0264052 0.0219147 0.0174750 0.0264390 0.0264390 0.0871294 0.0807747 0.0648436 0.0697103 0.1149266 0.0264168 0.0219147 0.0218367 0.0503699 0.0219330 0.1033053 0.0219408 
4227626    0.0000010 0.0406656 0.0000010 0.0042793 0.0174750 0.0000000 0.0086719 0.0708458 0.0042797 0.0705803 0.0708307 0.0606742 0.0086546 0.0705528 0.0709285 0.1025710 0.0696039 0.0358298 0.0086262 0.0086625 0.0975898 0.0711938 0.0131005 0.0972498 0.0705528 0.0173644 0.0755425 0.0086575 0.0086699 0.0088235 0.0042797 0.0042938 0.0745956 0.0497575 0.0705803 0.0756494 0.0705803 0.0042797 0.0755425 0.0865500 0.0708664 0.0922579 0.0759856 0.0709436 0.0656254 0.0656537 0.0975501 0.0654774 0.0755849 0.0705831 0.0763246 0.0708941 0.0042938 0.0709285 0.0705491 0.0086591 0.0042938 0.0130307 0.0086560 0.0086560 0.0000010 0.0705528 0.0708307 0.0086591 0.0086144 0.0410615 0.0711938 0.0086625 0.0130413 0.0086625 0.0042968 0.0042793 0.0042945 0.0042744 0.0920667 0.0915845 0.0042744 0.0042960 0.0042945 0.0042960 0.0042945 0.0360099 0.0453713 0.0726143 0.0042797 0.0042938 0.0042945 0.0042992 0.0545094 0.0912947 0.0042797 0.0042960 0.0042797 0.0598611 0.0813570 0.0042793 0.0042797 0.0042797 0.0085975 0.0085937 0.0805375 0.0042945 0.0042992 0.0855654 0.0042797 0.0264558 0.0042945 0.0086326 0.1739000 0.0000010 0.0129200 0.0042744 0.0042744 0.0085860 0.0042938 0.0086669 0.0218728 0.0806149 0.0042778 0.0042744 0.0000010 0.0042938 0.0042793 0.0042744 0.0042744 0.0000010 0.0000010 0.0042945 0.0000010 0.0085929 0.0856483 0.0806149 0.0042945 0.0000010 0.0042968 0.0130413 0.0655640 0.0043119 0.0711938 0.0709285 0.0655640 0.0705528 0.0312473 0.0705803 0.0755849 0.0000010 0.0805832 0.0655640 0.0042797 0.0708979 0.0130902 0.0130307 0.0606742 0.0659736 0.0706802 0.0652483 0.0358298 0.0646583 0.0655640 0.0918046 0.0000010 0.0709285 0.0704863 0.0656537 0.0086315 0.0042797 0.0086323 0.0086323 0.0086605 0.0806149 0.0086284 0.0085830 0.0042744 0.0000010 0.0085937 0.0085937 0.0709285 0.0650068 0.0498203 0.0545298 0.0975501 0.0085868 0.0042744 0.0042968 0.0358298 0.0042778 0.0864652 0.0042793 
4227627    0.0086719 0.0506349 0.0086719 0.0130652 0.0266868 0.0086719 0.0000000 0.0818634 0.0130663 0.0815502 0.0818451 0.0713635 0.0176192 0.0815177 0.0819604 0.1146105 0.0753419 0.0456197 0.0175613 0.0087131 0.1095184 0.0822744 0.0131783 0.1091282 0.0815177 0.0265142 0.0866461 0.0176257 0.0176513 0.0179695 0.0043220 0.0131102 0.0804348 0.0599059 0.0815502 0.0867704 0.0815502 0.0130663 0.0866461 0.0927595 0.0818892 0.1040206 0.0871667 0.0819788 0.0764579 0.0764909 0.1094728 0.0762805 0.0866965 0.0815527 0.0875630 0.0819220 0.0131102 0.0819604 0.0815146 0.0176288 0.0131102 0.0221082 0.0176224 0.0176224 0.0086719 0.0815177 0.0818451 0.0176288 0.0175371 0.0511392 0.0822744 0.0087131 0.0221267 0.0087131 0.0043220 0.0130652 0.0131125 0.0130499 0.1038011 0.1032449 0.0130499 0.0131172 0.0131125 0.0131172 0.0131125 0.0458548 0.0506309 0.0839511 0.0130663 0.0131102 0.0086719 0.0131269 0.0599059 0.0923304 0.0130663 0.0131172 0.0130663 0.0703900 0.0927301 0.0130652 0.0130663 0.0130663 0.0086828 0.0174925 0.0917761 0.0131125 0.0087117 0.0969401 0.0130663 0.0359178 0.0131125 0.0175735 0.1750120 0.0086719 0.0219165 0.0130499 0.0130499 0.0174766 0.0131102 0.0176450 0.0311759 0.0918670 0.0130606 0.0130499 0.0087906 0.0131102 0.0130652 0.0130499 0.0130499 0.0087169 0.0086719 0.0131125 0.0086719 0.0174911 0.0970370 0.0918670 0.0131125 0.0087513 0.0043220 0.0221267 0.0763842 0.0131667 0.0822744 0.0717168 0.0763842 0.0815177 0.0409199 0.0815502 0.0866965 0.0086719 0.0918300 0.0763842 0.0130663 0.0819252 0.0222126 0.0221082 0.0713635 0.0768717 0.0816671 0.0760084 0.0456197 0.0702965 0.0763842 0.0981252 0.0086719 0.0819604 0.0814385 0.0764909 0.0086820 0.0130663 0.0086828 0.0086828 0.0176320 0.0866461 0.0086789 0.0174704 0.0130499 0.0086719 0.0174925 0.0174925 0.0819604 0.0757250 0.0599836 0.0648153 0.1094728 0.0174781 0.0130499 0.0043220 0.0456197 0.0130606 0.0979845 0.0130652 
364589     0.0708458 0.0649125 0.0708458 0.0759302 0.0870259 0.0708458 0.0818634 0.0000000 0.0759328 0.0087511 0.0087797 0.0087519 0.0816843 0.0087479 0.0087910 0.0362489 0.0952604 0.0597348 0.0813980 0.0817740 0.0316848 0.0088209 0.0873785 0.0315843 0.0087479 0.0916055 0.0131697 0.0817357 0.0766696 0.0834637 0.0759328 0.0762184 0.1005012 0.0742546 0.0087511 0.0131876 0.0087511 0.0759328 0.0131697 0.0223225 0.0087829 0.0270340 0.0132393 0.0177241 0.0131817 0.0131876 0.0316730 0.0131650 0.0131758 0.0087519 0.0132945 0.0087860 0.0762184 0.0087910 0.0087860 0.0817426 0.0762184 0.0868524 0.0817100 0.0817100 0.0708458 0.0087479 0.0087797 0.0817426 0.0812613 0.0705831 0.0088209 0.0817740 0.0869380 0.0817740 0.0762778 0.0759302 0.0762415 0.0758277 0.0362649 0.0268533 0.0658064 0.0762716 0.0762415 0.0762716 0.0762415 0.0600477 0.0698434 0.0089831 0.0759328 0.0762184 0.0762415 0.0763246 0.0792318 0.0267771 0.0759328 0.0655640 0.0759328 0.0850743 0.0177819 0.0759302 0.0759328 0.0759328 0.0810681 0.0810335 0.0176171 0.0762415 0.0763246 0.0220936 0.0759328 0.1030151 0.0762415 0.0814541 0.2011350 0.0708458 0.0860088 0.0758277 0.0758277 0.0809528 0.0762184 0.0759003 0.0972498 0.0266560 0.0759003 0.0758277 0.0719007 0.0762184 0.0759302 0.0758277 0.0758277 0.0712437 0.0708458 0.0762415 0.0708458 0.0810311 0.0221121 0.0176318 0.0762415 0.0664545 0.0762778 0.0869380 0.0043553 0.0765894 0.0088209 0.0087910 0.0043553 0.0087479 0.0549571 0.0087511 0.0131758 0.0708458 0.0176255 0.0043553 0.0759328 0.0087870 0.0873096 0.0868524 0.0087519 0.0132471 0.0176632 0.0043553 0.0597348 0.0900681 0.0043553 0.0269113 0.0708458 0.0087910 0.0087408 0.0131876 0.0814361 0.0759328 0.0814385 0.0814385 0.0817683 0.0176318 0.0814037 0.0809208 0.0708458 0.0708458 0.0810335 0.0810335 0.0087910 0.0905699 0.0743527 0.0792625 0.0316730 0.0759328 0.0758277 0.0762778 0.0597348 0.0759003 0.0314741 0.0759302 
1391149    0.0042797 0.0453950 0.0042797 0.0085967 0.0217471 0.0042797 0.0130663 0.0759328 0.0000000 0.0756468 0.0759164 0.0656537 0.0130402 0.0756171 0.0760217 0.1079847 0.0647455 0.0404951 0.0129977 0.0130522 0.1029750 0.0763080 0.0175467 0.1026140 0.0756171 0.0216099 0.0806491 0.0129298 0.0130635 0.0132959 0.0085975 0.0086255 0.0696983 0.0545327 0.0756468 0.0807635 0.0756468 0.0000010 0.0806491 0.0918046 0.0759557 0.0975913 0.0811254 0.0760382 0.0706498 0.0706802 0.1029328 0.0704891 0.0806949 0.0756494 0.0814890 0.0759856 0.0086255 0.0760217 0.0756137 0.0130471 0.0086255 0.0174524 0.0130425 0.0130425 0.0042797 0.0756171 0.0759164 0.0130471 0.0129801 0.0458397 0.0763080 0.0130522 0.0174668 0.0129371 0.0086323 0.0085967 0.0086270 0.0085868 0.0973883 0.0968751 0.0085868 0.0086301 0.0086270 0.0086301 0.0086270 0.0407002 0.0501424 0.0778389 0.0085975 0.0086255 0.0086270 0.0086365 0.0593265 0.0965661 0.0085975 0.0086301 0.0085975 0.0647703 0.0865612 0.0085967 0.0085975 0.0085975 0.0129535 0.0129478 0.0856844 0.0086270 0.0086365 0.0907529 0.0085975 0.0310054 0.0085516 0.0130073 0.1856504 0.0042427 0.0173033 0.0085868 0.0085868 0.0129362 0.0085501 0.0129437 0.0263658 0.0857676 0.0085937 0.0085868 0.0043373 0.0086255 0.0085967 0.0085868 0.0085868 0.0043015 0.0042797 0.0086270 0.0042797 0.0129467 0.0908417 0.0857676 0.0086270 0.0043184 0.0086323 0.0174668 0.0705831 0.0085866 0.0763080 0.0760217 0.0705831 0.0756171 0.0358765 0.0756468 0.0806949 0.0042797 0.0857336 0.0705831 0.0085975 0.0759891 0.0175335 0.0174524 0.0656537 0.0710265 0.0757540 0.0702412 0.0404951 0.0696039 0.0705831 0.0866718 0.0042797 0.0760217 0.0755451 0.0706802 0.0130052 0.0085975 0.0043022 0.0130063 0.0129344 0.0857676 0.0130006 0.0129316 0.0085868 0.0042797 0.0042831 0.0042831 0.0760217 0.0699815 0.0546021 0.0593489 0.1029328 0.0129373 0.0085868 0.0085568 0.0404951 0.0085937 0.0917138 0.0085967 
363570     0.0705803 0.0646739 0.0705803 0.0756442 0.0866915 0.0705803 0.0815502 0.0087511 0.0756468 0.0000000 0.0087497 0.0087216 0.0813726 0.0087177 0.0087608 0.0361191 0.0948997 0.0595174 0.0810884 0.0814615 0.0315715 0.0087902 0.0870413 0.0314718 0.0087177 0.0912543 0.0131241 0.0814234 0.0763780 0.0831381 0.0756468 0.0759302 0.1001187 0.0739812 0.0087208 0.0131419 0.0087208 0.0756468 0.0131241 0.0222436 0.0087525 0.0269373 0.0131935 0.0176617 0.0131361 0.0131419 0.0315599 0.0131194 0.0131302 0.0087216 0.0132480 0.0087556 0.0759302 0.0087608 0.0087556 0.0814304 0.0759302 0.0865194 0.0813980 0.0813980 0.0705803 0.0087177 0.0087497 0.0814304 0.0809528 0.0703196 0.0087902 0.0814615 0.0866042 0.0814615 0.0759891 0.0756442 0.0759530 0.0755425 0.0361350 0.0267585 0.0655612 0.0708941 0.0759530 0.0759830 0.0759530 0.0598279 0.0695855 0.0089513 0.0756468 0.0759302 0.0759530 0.0760356 0.0789387 0.0266828 0.0756468 0.0653206 0.0756468 0.0847549 0.0177196 0.0756442 0.0756468 0.0756468 0.0807610 0.0807267 0.0175560 0.0759530 0.0760356 0.0220166 0.0756468 0.1026129 0.0759530 0.0811441 0.2002345 0.0705803 0.0856822 0.0755425 0.0755425 0.0806467 0.0759302 0.0756145 0.0968735 0.0265626 0.0756145 0.0755425 0.0716273 0.0759302 0.0756442 0.0755425 0.0755425 0.0709752 0.0705803 0.0759530 0.0705803 0.0807243 0.0220350 0.0175705 0.0759530 0.0662044 0.0759891 0.0866042 0.0043412 0.0762983 0.0087902 0.0087608 0.0043412 0.0087177 0.0547578 0.0000010 0.0131302 0.0705803 0.0175643 0.0043412 0.0756468 0.0087568 0.0869730 0.0865194 0.0087216 0.0132006 0.0176022 0.0043412 0.0595174 0.0897288 0.0043412 0.0268160 0.0705803 0.0087608 0.0087105 0.0131419 0.0811262 0.0756468 0.0811286 0.0811286 0.0814559 0.0175705 0.0810940 0.0806149 0.0705803 0.0705803 0.0807267 0.0807267 0.0087608 0.0902268 0.0740786 0.0789692 0.0315599 0.0756468 0.0755425 0.0759891 0.0595174 0.0756145 0.0313624 0.0756442 
35893      0.0708307 0.0645897 0.0708307 0.0759137 0.0870063 0.0708307 0.0818451 0.0087797 0.0759164 0.0087497 0.0000000 0.0087505 0.0816662 0.0087466 0.0087897 0.0315669 0.0952386 0.0597227 0.0813800 0.0817558 0.0270292 0.0043756 0.0873586 0.0269441 0.0087466 0.0863462 0.0087394 0.0817175 0.0766529 0.0834446 0.0759164 0.0762019 0.1004778 0.0742385 0.0043555 0.0131854 0.0087497 0.0759164 0.0131675 0.0223186 0.0087812 0.0270292 0.0132373 0.0177211 0.0131796 0.0131854 0.0316673 0.0043535 0.0131737 0.0087505 0.0132923 0.0087844 0.0762019 0.0087505 0.0087844 0.0817245 0.0762019 0.0868328 0.0816919 0.0816919 0.0708307 0.0087466 0.0087394 0.0817245 0.0812434 0.0705681 0.0087797 0.0817558 0.0869184 0.0817558 0.0762612 0.0759137 0.0762249 0.0758113 0.0315809 0.0222727 0.0657927 0.0762550 0.0762249 0.0762550 0.0762249 0.0600354 0.0698287 0.0089816 0.0759164 0.0762019 0.0762249 0.0763080 0.0792147 0.0267724 0.0759164 0.0655504 0.0759164 0.0799525 0.0177789 0.0759137 0.0759164 0.0759164 0.0810502 0.0810156 0.0131519 0.0762249 0.0763080 0.0175932 0.0759164 0.0976061 0.0762249 0.0814361 0.1947402 0.0708307 0.0808250 0.0758113 0.0758113 0.0758113 0.0762019 0.0758839 0.0919172 0.0221102 0.0758839 0.0758113 0.0718853 0.0762019 0.0759137 0.0758113 0.0758113 0.0712284 0.0708307 0.0762249 0.0708307 0.0810132 0.0176079 0.0131628 0.0762249 0.0664404 0.0762612 0.0869184 0.0043555 0.0765726 0.0087797 0.0087505 0.0043555 0.0087466 0.0549462 0.0087497 0.0131737 0.0708307 0.0176225 0.0043555 0.0759164 0.0087466 0.0872898 0.0868328 0.0087505 0.0131854 0.0176608 0.0043555 0.0597227 0.0900469 0.0043555 0.0269065 0.0708307 0.0087505 0.0087394 0.0131854 0.0762612 0.0759164 0.0814204 0.0814204 0.0817502 0.0176288 0.0813856 0.0809030 0.0708307 0.0708307 0.0810156 0.0810156 0.0087897 0.0853771 0.0693690 0.0742385 0.0316673 0.0759164 0.0758113 0.0762612 0.0597227 0.0758839 0.0268507 0.0708307 
1403448    0.0606742 0.0549959 0.0606742 0.0656509 0.0764214 0.0606742 0.0713635 0.0087519 0.0656537 0.0087216 0.0087505 0.0000000 0.0712090 0.0087185 0.0087606 0.0361216 0.0847239 0.0499656 0.0709615 0.0712854 0.0315739 0.0087910 0.0767272 0.0314741 0.0087185 0.0809779 0.0131253 0.0712507 0.0662806 0.0727408 0.0656537 0.0658968 0.0898547 0.0642245 0.0087216 0.0131431 0.0087216 0.0656537 0.0131253 0.0222455 0.0087533 0.0269397 0.0131947 0.0087630 0.0043452 0.0043471 0.0315622 0.0131206 0.0131314 0.0087225 0.0132492 0.0087565 0.0658968 0.0087606 0.0087565 0.0712579 0.0658968 0.0762716 0.0712299 0.0712299 0.0606742 0.0087185 0.0087505 0.0712579 0.0708458 0.0604527 0.0087910 0.0712854 0.0763451 0.0712854 0.0659479 0.0656509 0.0659153 0.0655640 0.0268880 0.0267606 0.0655640 0.0659410 0.0659153 0.0659410 0.0659153 0.0502226 0.0598279 0.0089522 0.0656537 0.0658968 0.0659153 0.0659874 0.0691026 0.0266849 0.0656537 0.0555390 0.0656537 0.0747340 0.0177211 0.0656509 0.0656537 0.0656537 0.0706802 0.0706498 0.0175575 0.0659153 0.0659874 0.0220184 0.0656537 0.0920667 0.0659153 0.0710111 0.1873485 0.0606742 0.0755425 0.0655640 0.0655640 0.0705803 0.0658968 0.0656254 0.0864652 0.0175712 0.0656254 0.0655640 0.0615672 0.0658968 0.0656509 0.0655640 0.0655640 0.0610114 0.0606742 0.0659153 0.0606742 0.0706471 0.0220368 0.0175712 0.0659153 0.0562844 0.0659479 0.0763451 0.0043417 0.0662119 0.0087910 0.0087606 0.0043417 0.0087185 0.0452735 0.0086429 0.0131314 0.0606742 0.0175658 0.0043024 0.0656537 0.0087576 0.0766670 0.0762716 0.0000010 0.0043665 0.0087335 0.0043417 0.0499656 0.0796403 0.0043417 0.0268181 0.0606742 0.0087606 0.0087114 0.0043471 0.0709959 0.0656537 0.0709987 0.0709987 0.0712788 0.0175712 0.0709681 0.0705528 0.0606742 0.0606742 0.0706498 0.0706498 0.0087606 0.0800776 0.0643077 0.0691290 0.0315622 0.0656537 0.0655640 0.0659479 0.0499656 0.0656254 0.0222269 0.0656509 
137273     0.0086546 0.0505285 0.0086546 0.0130390 0.0266324 0.0086546 0.0176192 0.0816843 0.0130402 0.0813726 0.0816662 0.0712090 0.0000000 0.0813402 0.0817810 0.1143524 0.0802280 0.0455245 0.0175257 0.0175999 0.1092718 0.0820936 0.0221838 0.1088833 0.0813402 0.0264604 0.0864569 0.0175900 0.0176155 0.0179324 0.0130402 0.0130830 0.0853551 0.0597801 0.0813726 0.0865806 0.0813726 0.0130402 0.0864569 0.0978656 0.0817100 0.1037873 0.0869751 0.0817992 0.0762918 0.0763246 0.1092264 0.0761152 0.0865071 0.0813750 0.0873697 0.0817426 0.0130830 0.0817810 0.0813371 0.0086576 0.0042932 0.0130284 0.0086546 0.0086546 0.0086546 0.0813402 0.0816662 0.0086576 0.0086129 0.0510305 0.0820936 0.0175999 0.0130390 0.0175999 0.0130935 0.0130390 0.0130854 0.0130238 0.1035688 0.1030151 0.0130238 0.0130902 0.0130854 0.0130902 0.0130854 0.0457586 0.0553550 0.0837627 0.0130402 0.0042932 0.0130854 0.0131000 0.0646539 0.1026814 0.0130402 0.0130902 0.0130402 0.0702397 0.0925250 0.0130390 0.0130402 0.0130402 0.0174651 0.0174574 0.0915752 0.0130854 0.0131000 0.0967274 0.0130402 0.0358440 0.0130854 0.0175386 0.1884799 0.0086546 0.0218724 0.0130238 0.0130238 0.0174415 0.0042932 0.0176092 0.0311123 0.0916657 0.0130344 0.0130238 0.0087721 0.0042932 0.0130390 0.0130238 0.0130238 0.0086990 0.0086546 0.0130854 0.0086546 0.0174559 0.0968238 0.0916657 0.0130854 0.0087337 0.0130935 0.0130390 0.0762184 0.0131402 0.0820936 0.0817810 0.0762184 0.0813402 0.0408348 0.0813726 0.0865071 0.0086546 0.0916288 0.0762184 0.0130402 0.0817459 0.0130878 0.0130284 0.0712090 0.0767038 0.0814890 0.0758443 0.0455245 0.0751487 0.0762184 0.1032683 0.0086546 0.0817810 0.0812613 0.0763246 0.0175355 0.0130402 0.0175371 0.0175371 0.0175963 0.0916657 0.0175285 0.0174353 0.0130238 0.0086546 0.0174574 0.0174574 0.0817810 0.0755620 0.0598575 0.0646786 0.1092264 0.0174430 0.0130238 0.0130935 0.0455245 0.0130344 0.0977671 0.0130390 
363578     0.0705528 0.0646492 0.0705528 0.0756145 0.0866568 0.0705528 0.0815177 0.0087479 0.0756171 0.0087177 0.0087466 0.0087185 0.0813402 0.0000000 0.0087576 0.0361058 0.0948622 0.0594949 0.0810563 0.0814291 0.0315599 0.0087870 0.0870063 0.0314602 0.0087146 0.0912178 0.0131194 0.0813910 0.0763477 0.0831043 0.0756171 0.0759003 0.1000789 0.0739529 0.0087177 0.0131373 0.0087177 0.0756171 0.0131194 0.0222352 0.0087494 0.0269281 0.0131888 0.0176551 0.0131314 0.0131373 0.0315482 0.0131148 0.0131256 0.0087185 0.0132432 0.0087525 0.0759003 0.0087576 0.0087525 0.0813980 0.0759003 0.0864848 0.0813656 0.0813656 0.0705528 0.0087146 0.0087466 0.0813980 0.0809208 0.0702923 0.0087870 0.0814291 0.0865696 0.0814291 0.0759592 0.0756145 0.0759231 0.0755129 0.0361216 0.0267487 0.0655358 0.0759530 0.0759231 0.0759530 0.0759231 0.0598052 0.0695587 0.0089481 0.0756171 0.0759003 0.0759231 0.0760056 0.0789083 0.0266731 0.0756171 0.0652954 0.0756171 0.0847217 0.0177132 0.0756145 0.0756171 0.0756171 0.0807292 0.0806949 0.0175497 0.0759231 0.0760056 0.0220087 0.0756171 0.1025710 0.0759231 0.0811120 0.2001394 0.0705528 0.0856483 0.0755129 0.0755129 0.0806149 0.0759003 0.0755849 0.0968344 0.0265530 0.0755849 0.0755129 0.0715990 0.0759003 0.0756145 0.0755129 0.0755129 0.0709474 0.0705528 0.0759231 0.0705528 0.0806925 0.0220271 0.0175643 0.0759231 0.0661785 0.0759592 0.0865696 0.0043397 0.0762681 0.0087870 0.0087576 0.0043397 0.0087146 0.0547372 0.0087177 0.0043382 0.0705528 0.0087043 0.0043397 0.0756171 0.0087537 0.0869380 0.0864848 0.0087185 0.0131956 0.0175959 0.0043397 0.0594949 0.0896935 0.0043397 0.0268062 0.0705528 0.0087576 0.0087074 0.0131373 0.0810940 0.0756171 0.0810965 0.0810965 0.0814234 0.0175643 0.0810619 0.0805832 0.0705528 0.0705528 0.0806949 0.0806949 0.0087576 0.0901911 0.0740502 0.0789387 0.0315482 0.0756171 0.0755129 0.0759592 0.0594949 0.0755849 0.0313509 0.0756145 
529468     0.0709285 0.0649869 0.0709285 0.0760191 0.0871294 0.0709285 0.0819604 0.0087910 0.0760217 0.0087608 0.0087897 0.0087606 0.0817810 0.0087576 0.0000000 0.0362900 0.0953709 0.0598028 0.0814940 0.0818709 0.0269529 0.0088308 0.0874828 0.0316200 0.0087576 0.0917139 0.0131843 0.0818325 0.0767604 0.0831405 0.0760217 0.0763080 0.1006188 0.0743386 0.0087608 0.0132018 0.0087608 0.0760217 0.0131843 0.0223476 0.0087925 0.0223589 0.0132542 0.0177438 0.0131956 0.0132018 0.0269430 0.0131796 0.0131904 0.0087606 0.0133094 0.0087957 0.0763080 0.0088009 0.0087957 0.0818395 0.0763080 0.0869555 0.0818068 0.0818068 0.0709285 0.0087576 0.0087897 0.0818395 0.0813570 0.0706651 0.0088308 0.0818709 0.0870413 0.0818709 0.0763675 0.0760191 0.0763311 0.0759164 0.0363060 0.0268835 0.0658830 0.0763614 0.0763311 0.0763614 0.0763311 0.0601164 0.0699237 0.0089933 0.0760217 0.0763080 0.0763311 0.0764145 0.0793226 0.0221484 0.0760217 0.0656400 0.0760217 0.0851730 0.0177211 0.0760191 0.0659736 0.0760217 0.0811632 0.0811286 0.0176367 0.0763311 0.0764145 0.0221181 0.0760217 0.1031388 0.0763311 0.0815502 0.2014068 0.0709285 0.0861098 0.0759164 0.0759164 0.0810477 0.0763080 0.0759891 0.0973656 0.0266858 0.0759891 0.0759164 0.0719860 0.0763080 0.0760191 0.0759164 0.0759164 0.0713273 0.0709285 0.0763311 0.0709285 0.0811262 0.0221367 0.0176514 0.0763311 0.0665325 0.0763675 0.0870413 0.0043610 0.0766798 0.0088308 0.0088009 0.0043610 0.0087576 0.0550196 0.0087608 0.0131904 0.0709285 0.0176448 0.0043610 0.0760217 0.0087970 0.0874138 0.0869555 0.0087606 0.0043860 0.0087722 0.0043610 0.0598028 0.0901728 0.0043610 0.0269416 0.0709285 0.0088009 0.0087505 0.0132018 0.0815321 0.0760217 0.0815345 0.0815345 0.0818653 0.0176514 0.0814996 0.0810156 0.0709285 0.0709285 0.0811286 0.0811286 0.0087606 0.0906758 0.0744379 0.0793532 0.0269430 0.0659736 0.0759164 0.0763675 0.0598028 0.0759891 0.0315096 0.0760191 
3170364    0.1025710 0.0906018 0.1025710 0.1079840 0.1200938 0.1025710 0.1146105 0.0362489 0.1079847 0.0361191 0.0315669 0.0361216 0.1143524 0.0361058 0.0362900 0.0000000 0.0947292 0.0901911 0.1139426 0.1144871 0.0509678 0.0317195 0.1205977 0.0043441 0.0361058 0.0923221 0.0222748 0.1144397 0.1090818 0.1169336 0.1079847 0.1031199 0.0999383 0.0849214 0.0268533 0.0408262 0.0361191 0.1079847 0.0314579 0.0313348 0.0362569 0.0558422 0.0409957 0.0457369 0.0408083 0.0408262 0.0607588 0.0407546 0.0407905 0.0361216 0.0411715 0.0362704 0.1084095 0.0316083 0.0362704 0.1144437 0.1084095 0.1198425 0.1143960 0.1143960 0.1025710 0.0361058 0.0315669 0.1144437 0.1137346 0.1021734 0.0317195 0.1144871 0.1199683 0.1144871 0.1084952 0.1079840 0.1084494 0.1078297 0.0087275 0.0087584 0.0972088 0.1084941 0.1084494 0.1084941 0.1084494 0.0906880 0.1010601 0.0371121 0.1079847 0.1084095 0.1084494 0.1085661 0.0900287 0.0552890 0.1079847 0.0968344 0.1079847 0.0646926 0.0458920 0.1079840 0.1079847 0.1079847 0.1134503 0.1134033 0.0177380 0.1084494 0.1085661 0.0132424 0.1079847 0.0706331 0.1084494 0.1140175 0.2370307 0.1025710 0.0866735 0.1078297 0.1078297 0.0919364 0.1084095 0.1079397 0.0760106 0.0268414 0.1079397 0.1078297 0.1041495 0.1084095 0.1079840 0.1078297 0.0972088 0.1031645 0.1025710 0.1084494 0.1025710 0.1134031 0.0132436 0.0177395 0.1084494 0.0981941 0.1084952 0.1199683 0.0314602 0.1089645 0.0317195 0.0316083 0.0314602 0.0361058 0.0851562 0.0361191 0.0407905 0.1025710 0.0454743 0.0314602 0.1079847 0.0315943 0.1205010 0.1198425 0.0361216 0.0362925 0.0455743 0.0314602 0.0901911 0.0895680 0.0314602 0.0359770 0.1025710 0.0316083 0.0268414 0.0408262 0.1030965 0.1079847 0.1139898 0.1139898 0.1144875 0.0361033 0.1139424 0.1132398 0.1025710 0.1025710 0.1134033 0.1134033 0.0362900 0.0595603 0.0749079 0.0698951 0.0607588 0.1079847 0.1078297 0.1084952 0.0901911 0.1079397 0.0131967 0.0972498 
4228157    0.0696039 0.0355437 0.0696039 0.0745930 0.0854647 0.0696039 0.0753419 0.0952604 0.0647455 0.0948997 0.0952386 0.0847239 0.0802280 0.0948622 0.0953709 0.0947292 0.0000000 0.0399515 0.0799516 0.0752607 0.1230184 0.0957343 0.0806817 0.0896051 0.0948622 0.0698765 0.0897288 0.0802772 0.0803950 0.0819436 0.0745956 0.0699544 0.0042793 0.0173820 0.0948997 0.1001200 0.0948997 0.0647455 0.0897288 0.0792385 0.0952922 0.1175236 0.1005760 0.0953933 0.0898174 0.0898547 0.1229677 0.0896090 0.1000378 0.0949014 0.1010275 0.0953301 0.0748711 0.0953709 0.0948603 0.0802841 0.0748711 0.0852975 0.0802526 0.0802526 0.0696039 0.0948622 0.0952386 0.0802841 0.0798201 0.0547334 0.0957343 0.0752607 0.0853799 0.0752607 0.0699425 0.0745930 0.0748931 0.0744942 0.0846054 0.0841765 0.0744942 0.0749222 0.0748931 0.0749222 0.0748931 0.0401511 0.0309585 0.0976649 0.0745956 0.0748711 0.0699090 0.0749736 0.0129792 0.1162794 0.0745956 0.0644243 0.0745956 0.0261850 0.1061730 0.0745930 0.0745956 0.0745956 0.0796337 0.0796003 0.0846054 0.0748931 0.0749736 0.0896051 0.0745956 0.0695070 0.0748931 0.0800060 0.1967389 0.0696039 0.0646554 0.0744942 0.0744942 0.0696012 0.0748711 0.0745641 0.0643351 0.0846864 0.0745641 0.0744942 0.0706221 0.0748711 0.0745930 0.0744942 0.0646583 0.0699880 0.0696039 0.0748931 0.0696039 0.0795978 0.0896915 0.0948606 0.0748931 0.0702800 0.0699425 0.0853799 0.0897307 0.0752287 0.0957343 0.0953709 0.0897307 0.0948622 0.0353975 0.0948997 0.1000378 0.0696039 0.1051538 0.0897307 0.0745956 0.0953316 0.0857382 0.0852975 0.0847239 0.0902980 0.0950332 0.0892931 0.0308330 0.0042740 0.0897307 0.0743300 0.0696039 0.0953709 0.0846076 0.0898547 0.0749575 0.0745956 0.0650594 0.0749601 0.0803087 0.0846076 0.0749284 0.0794915 0.0744942 0.0696039 0.0696688 0.0696688 0.0953709 0.0307913 0.0263072 0.0307913 0.1229677 0.0795249 0.0744942 0.0699425 0.0308330 0.0745641 0.0792361 0.0745930 
2111       0.0358298 0.0129817 0.0358298 0.0404925 0.0503699 0.0358298 0.0456197 0.0597348 0.0404951 0.0595174 0.0597227 0.0499656 0.0455245 0.0594949 0.0598028 0.0901911 0.0399515 0.0000000 0.0453713 0.0455700 0.0853626 0.0600195 0.0505631 0.0850743 0.0594949 0.0548114 0.0643077 0.0455462 0.0456129 0.0464619 0.0404951 0.0406375 0.0445925 0.0216613 0.0595174 0.0643968 0.0595174 0.0404951 0.0643077 0.0748044 0.0597506 0.0802393 0.0646729 0.0598149 0.0547372 0.0547607 0.0853289 0.0546183 0.0643422 0.0595203 0.0649537 0.0597733 0.0406375 0.0598028 0.0594910 0.0455524 0.0406375 0.0502766 0.0455354 0.0455354 0.0358298 0.0594949 0.0597227 0.0455524 0.0453035 0.0220232 0.0600195 0.0455700 0.0503218 0.0455700 0.0406683 0.0404925 0.0406468 0.0404422 0.0800776 0.0796713 0.0404422 0.0406619 0.0406468 0.0406619 0.0406468 0.0086220 0.0173769 0.0611820 0.0404951 0.0406375 0.0406468 0.0406910 0.0260981 0.0794277 0.0404951 0.0310993 0.0404951 0.0308441 0.0698116 0.0404925 0.0404951 0.0404951 0.0452033 0.0451838 0.0691290 0.0406468 0.0406910 0.0739812 0.0404951 0.0650068 0.0406468 0.0454036 0.1640003 0.0358298 0.0498203 0.0404422 0.0404422 0.0451412 0.0406375 0.0404775 0.0598611 0.0691929 0.0404775 0.0404422 0.0363359 0.0406375 0.0404925 0.0404422 0.0404422 0.0360213 0.0358298 0.0406468 0.0358298 0.0451810 0.0740502 0.0691929 0.0406468 0.0361673 0.0406683 0.0503218 0.0546880 0.0408213 0.0600195 0.0598028 0.0546880 0.0594949 0.0042773 0.0595174 0.0643422 0.0358298 0.0691665 0.0546880 0.0404951 0.0597772 0.0505244 0.0502766 0.0499656 0.0550196 0.0595998 0.0544322 0.0085820 0.0353520 0.0546880 0.0798564 0.0358298 0.0598028 0.0594409 0.0547607 0.0453950 0.0404951 0.0453977 0.0453977 0.0455633 0.0691929 0.0453780 0.0451244 0.0404422 0.0358298 0.0451838 0.0451838 0.0598028 0.0355326 0.0216868 0.0261074 0.0853289 0.0451440 0.0404422 0.0406683 0.0085820 0.0404775 0.0747340 0.0404925 
4227650    0.0086262 0.0408365 0.0086262 0.0129966 0.0265444 0.0086262 0.0175613 0.0813980 0.0129977 0.0810884 0.0813800 0.0709615 0.0175257 0.0810563 0.0814940 0.1139426 0.0799516 0.0453713 0.0000000 0.0175421 0.1088798 0.0818043 0.0221107 0.1084941 0.0810563 0.0263736 0.0861545 0.0175321 0.0175576 0.0178724 0.0129977 0.0130413 0.0850602 0.0595779 0.0810884 0.0862774 0.0810884 0.0129977 0.0861545 0.0975183 0.0814234 0.1034161 0.0866691 0.0815121 0.0760259 0.0760585 0.1088348 0.0758505 0.0759231 0.0810908 0.0870610 0.0814559 0.0130413 0.0814940 0.0810531 0.0175352 0.0130413 0.0219906 0.0175289 0.0175289 0.0086262 0.0810563 0.0813800 0.0175352 0.0174447 0.0408441 0.0818043 0.0175421 0.0220092 0.0175421 0.0130510 0.0129966 0.0130436 0.0129813 0.1031991 0.1026493 0.0129813 0.0130482 0.0130436 0.0130482 0.0130436 0.0456039 0.0551669 0.0834618 0.0129977 0.0130413 0.0130436 0.0130577 0.0644347 0.1023179 0.0129977 0.0130482 0.0129977 0.0699987 0.0921975 0.0129966 0.0129977 0.0129977 0.0174082 0.0174005 0.0912543 0.0130436 0.0130577 0.0963881 0.0129977 0.0357249 0.0130436 0.0174812 0.1877465 0.0086262 0.0218011 0.0129813 0.0129813 0.0173846 0.0130413 0.0175513 0.0310096 0.0913442 0.0042945 0.0129813 0.0087440 0.0130413 0.0129966 0.0129813 0.0129813 0.0086711 0.0086262 0.0130436 0.0086262 0.0173991 0.0964838 0.0913442 0.0130436 0.0087050 0.0130510 0.0220092 0.0759530 0.0130969 0.0818043 0.0814940 0.0759530 0.0708664 0.0406976 0.0810884 0.0862043 0.0086262 0.0913076 0.0759530 0.0129977 0.0814591 0.0220941 0.0219906 0.0709615 0.0764350 0.0812040 0.0755814 0.0453713 0.0748905 0.0759530 0.1029007 0.0086262 0.0814940 0.0809779 0.0760585 0.0174783 0.0129977 0.0174798 0.0174798 0.0175385 0.0913442 0.0174721 0.0173779 0.0129813 0.0086262 0.0174005 0.0174005 0.0814940 0.0753010 0.0596548 0.0644593 0.1088348 0.0173862 0.0129813 0.0130510 0.0453713 0.0129920 0.0974204 0.0129966 
4227651    0.0086625 0.0505797 0.0086625 0.0130510 0.0266578 0.0086625 0.0087131 0.0817740 0.0130522 0.0814615 0.0817558 0.0712854 0.0175999 0.0814291 0.0818709 0.1144871 0.0752607 0.0455700 0.0175421 0.0000000 0.1093998 0.0821842 0.0131639 0.1090103 0.0814291 0.0264855 0.0865523 0.0176064 0.0176320 0.0179495 0.0043173 0.0130958 0.0803483 0.0598413 0.0814615 0.0866763 0.0814615 0.0130522 0.0865523 0.0926584 0.0817998 0.1039075 0.0870718 0.0818892 0.0763745 0.0764074 0.1093542 0.0761974 0.0866025 0.0814640 0.0874673 0.0818325 0.0130958 0.0818709 0.0814260 0.0176095 0.0130958 0.0220842 0.0176032 0.0176032 0.0086625 0.0814291 0.0817558 0.0176095 0.0175182 0.0510829 0.0821842 0.0087035 0.0221027 0.0087035 0.0043173 0.0130510 0.0130981 0.0130357 0.1036885 0.1031334 0.0130357 0.0131029 0.0130981 0.0131029 0.0130981 0.0458047 0.0505757 0.0838574 0.0130522 0.0130958 0.0086625 0.0131125 0.0598413 0.0922303 0.0130522 0.0131029 0.0130522 0.0703139 0.0926291 0.0130510 0.0130522 0.0130522 0.0086734 0.0174736 0.0916770 0.0130981 0.0087020 0.0968360 0.0130522 0.0358789 0.0130981 0.0175550 0.1748235 0.0086625 0.0218928 0.0130357 0.0130357 0.0174577 0.0130958 0.0176257 0.0311421 0.0917678 0.0130464 0.0130357 0.0087809 0.0130958 0.0130510 0.0130357 0.0130357 0.0087073 0.0086625 0.0130981 0.0086625 0.0174721 0.0969326 0.0917678 0.0130981 0.0087417 0.0043173 0.0221027 0.0763009 0.0131523 0.0821842 0.0716379 0.0763009 0.0814291 0.0408752 0.0814615 0.0866025 0.0086625 0.0917309 0.0763009 0.0130522 0.0818357 0.0221882 0.0220842 0.0712854 0.0767874 0.0815782 0.0759258 0.0455700 0.0702205 0.0763009 0.0980187 0.0086625 0.0818709 0.0813500 0.0764074 0.0086726 0.0130522 0.0086734 0.0086734 0.0176128 0.0865523 0.0086695 0.0174515 0.0130357 0.0086625 0.0174736 0.0174736 0.0818709 0.0756430 0.0599189 0.0647456 0.1093542 0.0174592 0.0130357 0.0043173 0.0455700 0.0130464 0.0978783 0.0130510 
4228162    0.0975898 0.0857506 0.0975898 0.1029739 0.1149748 0.0975898 0.1095184 0.0316848 0.1029750 0.0315715 0.0270292 0.0315739 0.1092718 0.0315599 0.0269529 0.0509678 0.1230184 0.0853626 0.1088798 0.1093998 0.0000000 0.0271595 0.1154567 0.0461351 0.0315599 0.1086112 0.0269148 0.1093532 0.1040183 0.0884008 0.1029750 0.1033790 0.1285650 0.1006049 0.0223541 0.0362528 0.0315715 0.1029750 0.0362026 0.0460495 0.0316915 0.0042812 0.0364027 0.0411211 0.0362368 0.0362528 0.0085967 0.0361892 0.0362209 0.0315739 0.0365586 0.0317033 0.1033790 0.0270646 0.0317033 0.1093580 0.1033790 0.1147349 0.1093125 0.1093125 0.0975898 0.0315599 0.0270292 0.1093580 0.1086827 0.0972125 0.0271595 0.1093998 0.1148547 0.1093998 0.1034610 0.1029739 0.1034161 0.1028274 0.0509901 0.0411780 0.0922560 0.1034587 0.1034161 0.1034587 0.1034161 0.0858311 0.0961551 0.0324382 0.1029750 0.1033790 0.1034161 0.1035282 0.1058574 0.0358651 0.1029750 0.0919016 0.1029750 0.1015754 0.0224638 0.1029739 0.1029750 0.1029750 0.1084119 0.1083666 0.0315053 0.1034161 0.1035282 0.0361260 0.1029750 0.1206014 0.1034161 0.1089522 0.2380229 0.0975898 0.1027233 0.1028274 0.1028274 0.0974918 0.1033790 0.1029317 0.1145393 0.0408670 0.1029317 0.1028274 0.0990904 0.1033790 0.1029739 0.1028274 0.1028274 0.0981543 0.0975898 0.1034161 0.0975898 0.1083660 0.0361576 0.0315326 0.1034161 0.0931911 0.1034610 0.1148547 0.0269373 0.1039065 0.0271595 0.0270646 0.0269373 0.0315599 0.0803477 0.0315715 0.0362209 0.0975898 0.0408852 0.0269373 0.1029750 0.0270525 0.1153639 0.1147349 0.0315739 0.0317231 0.0409752 0.0269373 0.0853626 0.1175239 0.0269373 0.0508955 0.0975898 0.0270646 0.0315326 0.0362528 0.0980893 0.1029750 0.1089266 0.1089266 0.1093988 0.0409004 0.1088809 0.1082106 0.0975898 0.0975898 0.1083666 0.1083666 0.0269529 0.1073452 0.0903224 0.0953974 0.0085967 0.1029750 0.1028274 0.1034610 0.0853626 0.1029317 0.0459695 0.0922952 
