A4/A4m	1458689	0	0.28289075663865043	1.0	1.0	1.0	1.0	1.0	1.0	0.5622165667514988	1.0	0.7003129968700313	0.5831304217394565	1.0	1.0	0.3614495782563262	0.4496782548261776	0.3876322473550529	1.0	0.24684753152468475	0.2468437657811711	0.4926050739492605	0.4049048773780656	0.3350199747003795	1.0	1.0	0.5809741902580974	1.0	0.42476862847057295	1.0	1.0	0.4633907321853563	1.0	1.0	1.0	1.0	0.24684753152468475	0.24684753152468475
A4-A4a-A4ah	1459214	0.28289075663865043	0	1.0	1.0	1.0	1.0	1.0	1.0	0.3044039119217616	1.0	0.7003144952825707	0.4363269101926942	1.0	1.0	0.26751464970700584	0.25452490950180995	0.38763530911727206	1.0	0.28289075663865043	0.2828871711282887	0.23479147812782808	0.3293301200963971	0.33502329953400933	1.0	1.0	0.5809762853557197	1.0	0.4247715045699086	1.0	1.0	0.32231694207644807	1.0	1.0	1.0	1.0	0.28289075663865043	0.28289075663865043
A13-A1pt	1459265	1.0	1.0	0	0.03885961140388596	0.03885961140388596	0.03885961140388596	0.048094278585821215	0.46376536234637655	1.0	1.0	0.2996870031299687	1.0	1.0	1.0	1.0	1.0	1.0	1.0	1.0	1.0	1.0	1.0	1.0	1.0	0.03885480572597137	1.0	1.0	1.0	1.0	1.0	1.0	1.0	1.0	1.0	0.07741922580774192	1.0	1.0
A13-A1pu	1459269	1.0	1.0	0.03885961140388596	0	0.02881971180288197	0.038589614103858964	0.03169452458213127	0.46376536234637655	1.0	1.0	0.2996870031299687	1.0	1.0	1.0	1.0	1.0	1.0	1.0	1.0	1.0	1.0	1.0	1.0	1.0	0.016394918025409874	1.0	1.0	1.0	1.0	1.0	1.0	1.0	1.0	1.0	0.07741922580774192	1.0	1.0
A13-A1py	1459270	1.0	1.0	0.03885961140388596	0.02881971180288197	0	0.038589614103858964	0.048094278585821215	0.46376536234637655	1.0	1.0	0.2996870031299687	1.0	1.0	1.0	1.0	1.0	1.0	1.0	1.0	1.0	1.0	1.0	1.0	1.0	0.028814855925720372	1.0	1.0	1.0	1.0	1.0	1.0	1.0	1.0	1.0	0.07741922580774192	1.0	1.0
A13-A13o	1459271	1.0	1.0	0.03885961140388596	0.038589614103858964	0.038589614103858964	0	0.048094278585821215	0.46376536234637655	1.0	1.0	0.2996870031299687	1.0	1.0	1.0	1.0	1.0	1.0	1.0	1.0	1.0	1.0	1.0	1.0	1.0	0.03858480707596462	1.0	1.0	1.0	1.0	1.0	1.0	1.0	1.0	1.0	0.07741922580774192	1.0	1.0
A13-A1pu-A1pv	1459272	1.0	1.0	0.048094278585821215	0.03169452458213127	0.048094278585821215	0.048094278585821215	0	0.4637680434793478	1.0	1.0	0.29969050464243036	1.0	1.0	1.0	1.0	1.0	1.0	1.0	1.0	1.0	1.0	1.0	1.0	1.0	0.04808951910480895	1.0	1.0	1.0	1.0	1.0	1.0	1.0	1.0	1.0	0.07742383864242036	1.0	1.0
A13/A3	1459287	1.0	1.0	0.46376536234637655	0.46376536234637655	0.46376536234637655	0.46376536234637655	0.4637680434793478	0	1.0	0.5362369564456533	0.46376536234637655	1.0	1.0	0.5362392752144957	1.0	1.0	1.0	0.5362346376536234	1.0	1.0	1.0	1.0	1.0	1.0	0.4637626811865941	0.5362346376536234	0.5362369564456533	1.0	0.5362346376536234	0.5362369564456533	1.0	0.5362392752144957	0.5362369564456533	0.5362346376536234	0.46376536234637655	1.0	1.0
A4a/A4-A4by	1458786	0.5622165667514988	0.3044039119217616	1.0	1.0	1.0	1.0	1.0	1.0	0	1.0	0.7003144952825707	0.4363269101926942	1.0	1.0	0.46828063438731227	0.3670626587468251	0.562220944476388	1.0	0.5622165667514988	0.5622143778562214	0.07653385199222011	0.48664540063798084	0.5622187556248875	1.0	1.0	0.5809762853557197	1.0	0.5622187556248875	1.0	1.0	0.4211444713882153	1.0	1.0	1.0	1.0	0.5622165667514988	0.5622165667514988
A3-A3s-A3q-A3r	1458795	1.0	1.0	1.0	1.0	1.0	1.0	1.0	0.5362369564456533	1.0	0	1.0	1.0	1.0	0.1424214394640134	1.0	1.0	1.0	0.11264331035034475	1.0	1.0	1.0	1.0	1.0	1.0	1.0	0.4190287145692815	0.17322653546929062	1.0	0.15067273990890137	0.22015559688806224	1.0	0.26957826054348644	0.21574568508629827	0.28406073908891366	1.0	1.0	1.0
A13/A4	1459331	0.7003129968700313	0.7003144952825707	0.2996870031299687	0.2996870031299687	0.2996870031299687	0.2996870031299687	0.29969050464243036	0.46376536234637655	0.7003144952825707	1.0	0	0.7003174920626984	1.0	1.0	0.7003144952825707	0.7003144952825707	0.7003159936801264	1.0	0.7003129968700313	0.7003114984425078	0.7003129968700313	0.7003174920626984	0.7003144952825707	1.0	0.2996835015824921	0.7003129968700313	1.0	0.7003144952825707	1.0	1.0	0.7003159936801264	1.0	1.0	1.0	0.2996870031299687	0.7003129968700313	0.7003129968700313
A4-A4a-A4.3-A4eq-A4s-A4e-A4o-A4ep	1459346	0.5831304217394565	0.4363269101926942	1.0	1.0	1.0	1.0	1.0	1.0	0.4363269101926942	1.0	0.7003174920626984	0	1.0	1.0	0.32420027399178025	0.21006369808905734	0.3622723204687836	1.0	0.5831304217394565	0.5831283374332513	0.43632409189770255	0.2923983040678373	0.4418067457976261	1.0	1.0	0.5831304217394565	1.0	0.5831325060248193	1.0	1.0	0.18445854395096173	1.0	1.0	1.0	1.0	0.4836029099272518	0.5831304217394565
A4z-A4cx	1459347	1.0	1.0	1.0	1.0	1.0	1.0	1.0	1.0	1.0	1.0	1.0	1.0	0	1.0	1.0	1.0	1.0	1.0	1.0	1.0	1.0	1.0	1.0	1.0	1.0	1.0	1.0	1.0	1.0	1.0	1.0	1.0	1.0	1.0	1.0	1.0	1.0
A3-A3at-A3bi-A3bu	1466047	1.0	1.0	1.0	1.0	1.0	1.0	1.0	0.5362392752144957	1.0	0.1424214394640134	1.0	1.0	1.0	0	1.0	1.0	1.0	0.14241715165696686	1.0	1.0	1.0	1.0	1.0	1.0	1.0	0.41903161936761263	0.17323066923326916	1.0	0.02761944761104778	0.16019099522511937	1.0	0.20961371158865233	0.15578110547236318	0.22097558048839022	1.0	1.0	1.0
A4-A4.3-A4a-A4e	1458910	0.3614495782563262	0.26751464970700584	1.0	1.0	1.0	1.0	1.0	1.0	0.46828063438731227	1.0	0.7003144952825707	0.32420027399178025	1.0	1.0	0	0.16965660686786263	0.12012199695007625	1.0	0.3614495782563262	0.36144638553614467	0.39866901996470056	0.0891273261802146	0.1856162876742465	1.0	1.0	0.5809762853557197	1.0	0.4247715045699086	1.0	1.0	0.183750406239844	1.0	1.0	1.0	1.0	0.2196617050744239	0.3614495782563262
A4-A4a-A4.3-A4s-A4e	1458911	0.4496782548261776	0.25452490950180995	1.0	1.0	1.0	1.0	1.0	1.0	0.3670626587468251	1.0	0.7003144952825707	0.21006369808905734	1.0	1.0	0.16965660686786263	0	0.263598410039749	1.0	0.4496782548261776	0.4496755032449675	0.29745053824192635	0.18802435926922192	0.3218935621287574	1.0	1.0	0.5809762853557197	1.0	0.4496810063798724	1.0	1.0	0.0946326341841454	1.0	1.0	1.0	1.0	0.3218901716474253	0.4496782548261776
A4-A4.3-A4e-A4o-A4bg	1458915	0.3876322473550529	0.38763530911727206	1.0	1.0	1.0	1.0	1.0	1.0	0.562220944476388	1.0	0.7003159936801264	0.3622723204687836	1.0	1.0	0.12012199695007625	0.263598410039749	0	1.0	0.3876322473550529	0.3876291855622166	0.49261014779704404	0.07558235461758839	0.12781180470488238	1.0	1.0	0.5809783804323914	1.0	0.424774380640484	1.0	1.0	0.185114446566603	1.0	1.0	1.0	1.0	0.24584508309833802	0.3876322473550529
A3-A3bw	1458919	1.0	1.0	1.0	1.0	1.0	1.0	1.0	0.5362346376536234	1.0	0.11264331035034475	1.0	1.0	1.0	0.14241715165696686	1.0	1.0	1.0	0	1.0	1.0	1.0	1.0	1.0	1.0	1.0	0.41902580974190257	0.17322240166397504	1.0	0.15066849331506685	0.22015169772453413	1.0	0.2695746085078298	0.2157417638735419	0.2840571594284057	1.0	1.0	1.0
A4-A1il	1458963	0.24684753152468475	0.28289075663865043	1.0	1.0	1.0	1.0	1.0	1.0	0.5622165667514988	1.0	0.7003129968700313	0.5831304217394565	1.0	1.0	0.3614495782563262	0.4496782548261776	0.3876322473550529	1.0	0	0.014814925925370374	0.4926050739492605	0.4049048773780656	0.3350199747003795	1.0	1.0	0.5809741902580974	1.0	0.42476862847057295	1.0	1.0	0.4633907321853563	1.0	1.0	1.0	1.0	0.14178858211417886	0.17188828111718882
A4	1459475	0.2468437657811711	0.2828871711282887	1.0	1.0	1.0	1.0	1.0	1.0	0.5622143778562214	1.0	0.7003114984425078	0.5831283374332513	1.0	1.0	0.36144638553614467	0.4496755032449675	0.3876291855622166	1.0	0.014814925925370374	0	0.49260253698731504	0.40490190196196074	0.33501664983350166	1.0	1.0	0.5809720951395243	1.0	0.4247657523424766	1.0	1.0	0.4633880491792623	1.0	1.0	1.0	1.0	0.1417842910785446	0.1718841405792971
A4/A4a	1458966	0.4926050739492605	0.23479147812782808	1.0	1.0	1.0	1.0	1.0	1.0	0.07653385199222011	1.0	0.7003129968700313	0.43632409189770255	1.0	1.0	0.39866901996470056	0.29745053824192635	0.49261014779704404	1.0	0.4926050739492605	0.49260253698731504	0	0.4170345741356466	0.4926076108858367	1.0	1.0	0.5809741902580974	1.0	0.4926076108858367	1.0	1.0	0.3515329693406132	1.0	1.0	1.0	1.0	0.4926050739492605	0.4926050739492605
A4-A4.3-A4e-A4a-A4o-A4bg	1458967	0.4049048773780656	0.3293301200963971	1.0	1.0	1.0	1.0	1.0	1.0	0.48664540063798084	1.0	0.7003174920626984	0.2923983040678373	1.0	1.0	0.0891273261802146	0.18802435926922192	0.07558235461758839	1.0	0.4049048773780656	0.40490190196196074	0.4170345741356466	0	0.1665650030499085	1.0	1.0	0.5809804754881128	1.0	0.42477725668229954	1.0	1.0	0.11305104321348752	1.0	1.0	1.0	1.0	0.263118422039449	0.4049048773780656
A4-A4.3-A4o-A4bg	1458968	0.3350199747003795	0.33502329953400933	1.0	1.0	1.0	1.0	1.0	1.0	0.5622187556248875	1.0	0.7003144952825707	0.4418067457976261	1.0	1.0	0.1856162876742465	0.3218935621287574	0.12781180470488238	1.0	0.3350199747003795	0.33501664983350166	0.4926076108858367	0.1665650030499085	0	1.0	1.0	0.5809762853557197	1.0	0.4247715045699086	1.0	1.0	0.25734856628584285	1.0	1.0	1.0	1.0	0.19323210151847722	0.3350199747003795
A4d	1459479	1.0	1.0	1.0	1.0	1.0	1.0	1.0	1.0	1.0	1.0	1.0	1.0	1.0	1.0	1.0	1.0	1.0	1.0	1.0	1.0	1.0	1.0	1.0	0	1.0	1.0	1.0	1.0	1.0	1.0	1.0	1.0	1.0	1.0	1.0	1.0	1.0
A13	1459488	1.0	1.0	0.03885480572597137	0.016394918025409874	0.028814855925720372	0.03858480707596462	0.04808951910480895	0.4637626811865941	1.0	1.0	0.2996835015824921	1.0	1.0	1.0	1.0	1.0	1.0	1.0	1.0	1.0	1.0	1.0	1.0	1.0	0	1.0	1.0	1.0	1.0	1.0	1.0	1.0	1.0	1.0	0.07741461292693537	1.0	1.0
A3/A4	1459042	0.5809741902580974	0.5809762853557197	1.0	1.0	1.0	1.0	1.0	0.5362346376536234	0.5809762853557197	0.4190287145692815	0.7003129968700313	0.5831304217394565	1.0	0.41903161936761263	0.5809762853557197	0.5809762853557197	0.5809783804323914	0.41902580974190257	0.5809741902580974	0.5809720951395243	0.5809741902580974	0.5809804754881128	0.5809762853557197	1.0	1.0	0	0.4190287145692815	0.5809762853557197	0.41902580974190257	0.4190287145692815	0.5809783804323914	0.41903161936761263	0.4190287145692815	0.41902580974190257	1.0	0.5809741902580974	0.5809741902580974
A3/A3ac-A3ae	1459044	1.0	1.0	1.0	1.0	1.0	1.0	1.0	0.5362369564456533	1.0	0.17322653546929062	1.0	1.0	1.0	0.17323066923326916	1.0	1.0	1.0	0.17322240166397504	1.0	1.0	1.0	1.0	1.0	1.0	1.0	0.4190287145692815	0	1.0	0.17322240166397504	0.22015559688806224	1.0	0.26957826054348644	0.21574568508629827	0.28406073908891366	1.0	1.0	1.0
A4-A4ct-A4cs-A4q	1459054	0.42476862847057295	0.4247715045699086	1.0	1.0	1.0	1.0	1.0	1.0	0.5622187556248875	1.0	0.7003144952825707	0.5831325060248193	1.0	1.0	0.4247715045699086	0.4496810063798724	0.424774380640484	1.0	0.42476862847057295	0.4247657523424766	0.4926076108858367	0.42477725668229954	0.4247715045699086	1.0	1.0	0.5809762853557197	1.0	0	1.0	1.0	0.4633934151646209	1.0	1.0	1.0	1.0	0.42476862847057295	0.42476862847057295
A3-A3at-A3bi	1459060	1.0	1.0	1.0	1.0	1.0	1.0	1.0	0.5362346376536234	1.0	0.15067273990890137	1.0	1.0	1.0	0.02761944761104778	1.0	1.0	1.0	0.15066849331506685	1.0	1.0	1.0	1.0	1.0	1.0	1.0	0.41902580974190257	0.17322240166397504	1.0	0	0.14750278745818812	1.0	0.19692606147877043	0.1430928536071959	0.2060379396206038	1.0	1.0	1.0
A3-A3bi-A3av-A3au-A3aw	1459135	1.0	1.0	1.0	1.0	1.0	1.0	1.0	0.5362369564456533	1.0	0.22015559688806224	1.0	1.0	1.0	0.16019099522511937	1.0	1.0	1.0	0.22015169772453413	1.0	1.0	1.0	1.0	1.0	1.0	1.0	0.4190287145692815	0.22015559688806224	1.0	0.14750278745818812	0	1.0	0.06260343491412715	0.05458890822183556	0.28406073908891366	1.0	1.0	1.0
A4/A4.3-A4a-A4e-A4o-A4s-A4bg	1459170	0.4633907321853563	0.32231694207644807	1.0	1.0	1.0	1.0	1.0	1.0	0.4211444713882153	1.0	0.7003159936801264	0.18445854395096173	1.0	1.0	0.183750406239844	0.0946326341841454	0.185114446566603	1.0	0.4633907321853563	0.4633880491792623	0.3515329693406132	0.11305104321348752	0.25734856628584285	1.0	1.0	0.5809783804323914	1.0	0.4633934151646209	1.0	1.0	0	1.0	1.0	1.0	1.0	0.3380432391352173	0.4633907321853563
A3-A3bi-A3au-A3av-A3cy-A3aw-A3cz	1459171	1.0	1.0	1.0	1.0	1.0	1.0	1.0	0.5362392752144957	1.0	0.26957826054348644	1.0	1.0	1.0	0.20961371158865233	1.0	1.0	1.0	0.2695746085078298	1.0	1.0	1.0	1.0	1.0	1.0	1.0	0.41903161936761263	0.26957826054348644	1.0	0.19692606147877043	0.06260343491412715	1.0	0	0.06611334716632085	0.28406431871362575	1.0	1.0	1.0
A3-A3bi-A3av-A3au-A3cy	1458661	1.0	1.0	1.0	1.0	1.0	1.0	1.0	0.5362369564456533	1.0	0.21574568508629827	1.0	1.0	1.0	0.15578110547236318	1.0	1.0	1.0	0.2157417638735419	1.0	1.0	1.0	1.0	1.0	1.0	1.0	0.4190287145692815	0.21574568508629827	1.0	0.1430928536071959	0.05458890822183556	1.0	0.06611334716632085	0	0.28406073908891366	1.0	1.0	1.0
A3-A3at	1458662	1.0	1.0	1.0	1.0	1.0	1.0	1.0	0.5362346376536234	1.0	0.28406073908891366	1.0	1.0	1.0	0.22097558048839022	1.0	1.0	1.0	0.2840571594284057	1.0	1.0	1.0	1.0	1.0	1.0	1.0	0.41902580974190257	0.28406073908891366	1.0	0.2060379396206038	0.28406073908891366	1.0	0.28406431871362575	0.28406073908891366	0	1.0	1.0	1.0
A13-A13q	1459173	1.0	1.0	0.07741922580774192	0.07741922580774192	0.07741922580774192	0.07741922580774192	0.07742383864242036	0.46376536234637655	1.0	1.0	0.2996870031299687	1.0	1.0	1.0	1.0	1.0	1.0	1.0	1.0	1.0	1.0	1.0	1.0	1.0	0.07741461292693537	1.0	1.0	1.0	1.0	1.0	1.0	1.0	1.0	1.0	0	1.0	1.0
A4-A4.3	1459174	0.24684753152468475	0.28289075663865043	1.0	1.0	1.0	1.0	1.0	1.0	0.5622165667514988	1.0	0.7003129968700313	0.4836029099272518	1.0	1.0	0.2196617050744239	0.3218901716474253	0.24584508309833802	1.0	0.14178858211417886	0.1417842910785446	0.4926050739492605	0.263118422039449	0.19323210151847722	1.0	1.0	0.5809741902580974	1.0	0.42476862847057295	1.0	1.0	0.3380432391352173	1.0	1.0	1.0	1.0	0	0.17188828111718882
A4-A4j	1459175	0.24684753152468475	0.28289075663865043	1.0	1.0	1.0	1.0	1.0	1.0	0.5622165667514988	1.0	0.7003129968700313	0.5831304217394565	1.0	1.0	0.3614495782563262	0.4496782548261776	0.3876322473550529	1.0	0.17188828111718882	0.1718841405792971	0.4926050739492605	0.4049048773780656	0.3350199747003795	1.0	1.0	0.5809741902580974	1.0	0.42476862847057295	1.0	1.0	0.4633907321853563	1.0	1.0	1.0	1.0	0.17188828111718882	0
