A4/A4m	1458689	0.0	0.0037682623971902816	0.0047284127584160856	0.02617779229133087	0.005990477761728617	0.0038732702884418536	0.00474035700859296	0.0036391098130344763	0.017446370479842013	0.0015285866348665137	0.0036878303414958503	0.0038346055729864903	0.00323423251616596	0.04014745438160184	0.003984748861848259	0.004424949586451576	0.0026402740246475355	0.0028478490539846015	0.040341692900429965	0.04309833487118288	0.04326768027923208	0.04038686256213379	0.04587690709594429	0.054430357808499155	0.039685900034756534	0.040643188347175285	0.07556230851133355	0.07017632672497848	0.0707366623190081	0.07301236251502048	0.06977413051866814	0.07279406642015798	0.07302222177707382	0.07200599852063076	0.07050318430030997	0.00906837049480052	0.005795522777692232
A4-A4a-A4ah	1459214	0.0037682623971902816	0.0	0.0026337169226896585	0.026893604346495355	0.003898204894980781	0.0031567891661481396	0.002647825615644489	0.004354166609125246	0.01815994375888411	0.002241299799920008	0.0015931345057694233	0.0034728994727861486	0.0039486163141561606	0.04086326643676633	0.004697341037301053	0.0030390270740473574	0.0033543668517348264	0.0035605622190380956	0.04105750495559444	0.04381414692634736	0.04398349233439656	0.041102674617298274	0.04659271915110877	0.05514616986366364	0.04040171208992101	0.04135900040233976	0.07627812056649803	0.07089213878014297	0.07145247437417258	0.07372817457018496	0.07048994257383262	0.07350987847532246	0.07373803383223831	0.07272181057579524	0.07121899635547445	0.00978113025519448	0.006507303635976402
A4a/A4-A4by	1458786	0.0047284127584160856	0.0026337169226896585	0.0	0.02785309860936379	0.0038917188419782802	0.004116442417352866	0.0034591213136611803	0.00531366087199368	0.019120094120109916	0.003201254380723855	0.0010408765600714073	0.004432393735654582	0.004908399719196161	0.041822888850786846	0.005657157330973805	0.003998521336915792	0.004314517212960631	0.004520516799841943	0.04201699921846288	0.044773641189215806	0.04494298659726499	0.0420621688801667	0.04755221341397721	0.05610566412653207	0.04136120635278944	0.0423184946652082	0.07723761482936647	0.0718516330430114	0.07241196863704102	0.0746876688330534	0.07144943683670106	0.0744693727381909	0.07469752809510674	0.07368130483866368	0.07217849061834289	0.01074082029848487	0.007466078288822236
A13/A4	1459331	0.02617779229133087	0.026893604346495355	0.02785309860936379	0.0	0.029114742877793386	0.02699763929895163	0.02786467220676929	0.026762235396572343	0.03587132372817718	0.024654204556574348	0.02681285672235777	0.026958162827023208	0.026358473470331597	0.038427067730426964	0.027109928942537154	0.027548912851733807	0.025765891946355368	0.025973466975692434	0.014163900609099087	0.016920542579852014	0.017089887987901207	0.014209070270802917	0.019699114804613418	0.03209587064353565	0.013508107743425654	0.014465396055844414	0.06992346942220247	0.0645374876358474	0.065097823229877	0.06737352342588938	0.06413529142953706	0.0671552273310269	0.06738338268794274	0.06636715943149968	0.06486434521117888	0.032192254589891015	0.028919984814988507
A4-A4a-A4.3-A4eq-A4s-A4e-A4o-A4ep	1459346	0.005990477761728617	0.003898204894980781	0.0038917188419782802	0.029114742877793386	0.0	0.0027369712398276906	0.001399687541540612	0.003933958388897369	0.020383192120162753	0.004465576681117554	0.002851457535305613	0.0030525396980246302	0.004372626808794178	0.043084756932867875	0.006920833360621653	0.0018824757312974813	0.0037792172407506344	0.005784839100235642	0.04327822083119722	0.04603486280195015	0.04620420820999935	0.04332339049290106	0.04881343502671155	0.05736688573926642	0.04262242796552379	0.04357971627794254	0.07849883644210082	0.07311285465574575	0.07367319024977537	0.07594889044578773	0.0727106584494354	0.07573059435092526	0.0759587497078411	0.07494252645139803	0.07343971223107723	0.012003874977992511	0.008730052036735306
A4-A4.3-A4a-A4e	1458910	0.0038732702884418536	0.0031567891661481396	0.004116442417352866	0.02699763929895163	0.0027369712398276906	0.0	0.0017500738289213235	0.0011974000361991402	0.01826646757042209	0.002348894904328701	0.0030760415420105535	0.0005483994190442867	0.0021646474734718056	0.0409673013892226	0.004804335890508405	0.0010444482062978207	0.001571487435407334	0.0036681573234467893	0.041161539908050715	0.04391818187880364	0.04408752728685284	0.04120670956975455	0.046696754103565045	0.055250204816119905	0.040505747042377284	0.04146303535479604	0.07638215551895432	0.07099617373259924	0.07155650932662885	0.07383220952264125	0.0705939775262889	0.07361391342777875	0.0738420687846946	0.07282584552825153	0.07132303130793073	0.009887853840217073	0.006614723265140458
A4-A4a-A4.3-A4s-A4e	1458911	0.00474035700859296	0.002647825615644489	0.0034591213136611803	0.02786467220676929	0.001399687541540612	0.0017500738289213235	0.0	0.002947285721563531	0.01913291065518666	0.0032153379890932717	0.0024188794266551605	0.0020658862249325204	0.003535132197504596	0.041834601370482866	0.00567059466859737	0.0010092072840274628	0.0029413501460441426	0.00453460040821136	0.04202857281586837	0.0447852147866213	0.044954560194670506	0.04207374247757221	0.0475637870113827	0.05611723772393758	0.04137277995019494	0.0423300682626137	0.07724918842677198	0.0718632066404169	0.07242354223444653	0.07469924243045889	0.07146101043410655	0.0744809463355964	0.07470910169251224	0.07369287843606918	0.07219006421574839	0.010754206352153493	0.007480512146166149
A4-A4.3-A4e-A4o-A4bg	1458915	0.0036391098130344763	0.004354166609125246	0.00531366087199368	0.026762235396572343	0.003933958388897369	0.0011974000361991402	0.002947285721563531	0.0	0.018032339485297626	0.002114766819204239	0.00427341898498766	0.0008814186908727378	0.001037324431072054	0.04073216691314472	0.004570491205167046	0.0020515068479237575	0.0010005557664041346	0.003434029238322327	0.04092613600567144	0.04368277797642436	0.04385212338447356	0.040971305667375266	0.04646135020118576	0.05501480091374063	0.040270343139998006	0.041227631452416764	0.07614675161657503	0.07076076983021995	0.07132110542424958	0.07359680562026195	0.07035857362390961	0.07337850952539947	0.0736066648823153	0.07259044162587223	0.07108762740555145	0.00965314273000014	0.0063807643292712185
A4-A1il	1458963	0.017446370479842013	0.01815994375888411	0.019120094120109916	0.03587132372817718	0.020383192120162753	0.01826646757042209	0.01913291065518666	0.018032339485297626	0.0	0.015919262097150284	0.01807951170318968	0.018227694487476975	0.017627422726974876	0.04984077463956604	0.018376345369100117	0.018817916072511813	0.017032519329947003	0.017238932075512445	0.05003522433727627	0.0527918663080292	0.05296121171607839	0.05008039399898011	0.05557043853279061	0.06412367806646335	0.04937943147160284	0.0503367197840216	0.08525562876929775	0.07986964698294269	0.08042998257697231	0.08270568277298468	0.07946745077663234	0.0824873866781222	0.08271554203503803	0.08169931877859497	0.08019650455827416	0.023460554806199376	0.02018720413938606
A4	1459475	0.0015285866348665137	0.002241299799920008	0.003201254380723855	0.024654204556574348	0.004465576681117554	0.002348894904328701	0.0032153379890932717	0.002114766819204239	0.015919262097150284	0.0	0.0021606719638036197	0.002310121821383585	0.001709216524235153	0.03862386664684531	0.0024581519004599085	0.002900325823390644	0.0011143131272072792	0.0013198811572442753	0.03881810516567343	0.04157474713642635	0.04174409254447555	0.03886327482737727	0.04435331936118776	0.05290677007374263	0.0381623123	0.03911960061241875	0.07403872077657703	0.06865273899022195	0.06921307458425158	0.07148877478026396	0.06825054278391161	0.07127047868540146	0.0714986340423173	0.07048241078587424	0.06897959656555344	0.00754192624569543	0.0042683644
A4/A4a	1458966	0.0036878303414958503	0.0015931345057694233	0.0010408765600714073	0.02681285672235777	0.002851457535305613	0.0030760415420105535	0.0024188794266551605	0.00427341898498766	0.01807951170318968	0.0021606719638036197	0.0	0.0033921518486485624	0.003867868690018575	0.04078251881262873	0.004616716984649549	0.002958279449909771	0.003273934796040396	0.003479934382921708	0.04097675733145685	0.04373339930220978	0.04390274471025897	0.041021926993160686	0.04651197152697119	0.055065422239526055	0.04032096446578342	0.04127825277820218	0.07619737294236045	0.07081139115600538	0.071371726750035	0.07364742694604738	0.07040919494969504	0.07342913085118488	0.07365728620810072	0.07264106295165765	0.07113824873133687	0.009700578411478852	0.006426006666773323
A4-A4.3-A4e-A4a-A4o-A4bg	1458967	0.0038346055729864903	0.0034728994727861486	0.004432393735654582	0.026958162827023208	0.0030525396980246302	0.0005483994190442867	0.0020658862249325204	0.0008814186908727378	0.018227694487476975	0.002310121821383585	0.0033921518486485624	0.0	0.0016166716468259041	0.04092811118497852	0.004765594482863737	0.0011700881570510194	0.0011959681513686452	0.0036293842405016727	0.041122063436122305	0.04387870540687523	0.044048050814924425	0.041167233097826134	0.046657277631636636	0.05521072834419149	0.040466270570448874	0.04142355888286762	0.0763426790470259	0.07095669726067083	0.07151703285470046	0.07379273305071282	0.07055450105436048	0.07357443695585034	0.07380259231276617	0.0727863690563231	0.07128355483600232	0.00984852212486168	0.006575716052434269
A4-A4.3-A4o-A4bg	1458968	0.00323423251616596	0.0039486163141561606	0.004908399719196161	0.026358473470331597	0.004372626808794178	0.0021646474734718056	0.003535132197504596	0.001037324431072054	0.017627422726974876	0.001709216524235153	0.003867868690018575	0.0016166716468259041	0.0	0.040328135560602565	0.004165218854609078	0.00252615980228678	0.0005949033970278737	0.0030284789433532413	0.040522374079430684	0.0432790160501836	0.0434483614582328	0.04056754374113451	0.046057588274945015	0.054611038987499874	0.03986658121375725	0.040823869526176004	0.07574298969033427	0.07035700790397921	0.07091734349800884	0.0731930436940212	0.06995481169766886	0.0729747475991587	0.07320290295607454	0.07218667969963148	0.0706838654793107	0.009248035991286312	0.005975509738472305
A3/A4	1459042	0.04014745438160184	0.04086326643676633	0.041822888850786846	0.038427067730426964	0.043084756932867875	0.0409673013892226	0.041834601370482866	0.04073216691314472	0.04984077463956604	0.03862386664684531	0.04078251881262873	0.04092811118497852	0.040328135560602565	0.0	0.041079626914023046	0.04151892690680829	0.03973555403662634	0.0399431290659634	0.05259096833952605	0.055347610310278975	0.05551695571832817	0.052636138001229876	0.058126182535040385	0.02209406257594241	0.05193517547385262	0.052892463786271375	0.035414854129731714	0.030028872343376638	0.03058920793740626	0.032864908133418635	0.029626676137066293	0.03264674982477753	0.032875243522286976	0.03185866752523074	0.03035572991870813	0.046162444627367266	0.04288999887006299
A4-A4ct-A4cs-A4q	1459054	0.003984748861848259	0.004697341037301053	0.005657157330973805	0.027109928942537154	0.006920833360621653	0.004804335890508405	0.00567059466859737	0.004570491205167046	0.018376345369100117	0.0024581519004599085	0.004616716984649549	0.004765594482863737	0.004165218854609078	0.041079626914023046	0.0	0.005355582502894743	0.003570930029637296	0.0037768916241170884	0.04127382955163624	0.04403047152238916	0.04419981693043836	0.04131899921334006	0.04680904374715057	0.05536249445970543	0.040618036685962804	0.04157532499838157	0.07649444516253984	0.07110846337618476	0.07166879897021439	0.07394449916622677	0.07070626716987442	0.07372620307136427	0.07395435842828012	0.07293813517183705	0.07143532095151625	0.009998135334717627	0.006723799643791242
A4/A4.3-A4a-A4e-A4o-A4s-A4bg	1459170	0.004424949586451576	0.0030390270740473574	0.003998521336915792	0.027548912851733807	0.0018824757312974813	0.0010444482062978207	0.0010092072840274628	0.0020515068479237575	0.018817916072511813	0.002900325823390644	0.002958279449909771	0.0011700881570510194	0.00252615980228678	0.04151892690680829	0.005355582502894743	0.0	0.0019334779431596702	0.004219588242508732	0.04171269348406608	0.044469335454819	0.044638680862868194	0.04175786314576991	0.04724790767958041	0.055801358392135264	0.04105690061839264	0.0420141889308114	0.07693330909496968	0.0715473273086146	0.07210766290264421	0.07438336309865659	0.07114513110230425	0.0741650670037941	0.07439322236070996	0.07337699910426687	0.07187418488394609	0.010438687095075679	0.007165494901519392
A4-A4.3	1459174	0.0026402740246475355	0.0033543668517348264	0.004314517212960631	0.025765891946355368	0.0037792172407506344	0.001571487435407334	0.0029413501460441426	0.0010005557664041346	0.017032519329947003	0.0011143131272072792	0.003273934796040396	0.0011959681513686452	0.0005949033970278737	0.03973555403662634	0.003570930029637296	0.0019334779431596702	0.0	0.0024336691369663027	0.03992979255545445	0.04268643452620738	0.04285577993425658	0.03997496221715828	0.04546500675096879	0.05401845746352364	0.03927399968978102	0.040231288002199786	0.07515040816635805	0.06976442638000298	0.0703247619740326	0.07260046217004497	0.06936223017369264	0.07238216607518248	0.07261032143209832	0.07159409817565526	0.07009128395533447	0.008654663930446954	0.005381627232236776
A4-A4j	1459175	0.0028478490539846015	0.0035605622190380956	0.004520516799841943	0.025973466975692434	0.005784839100235642	0.0036681573234467893	0.00453460040821136	0.003434029238322327	0.017238932075512445	0.0013198811572442753	0.003479934382921708	0.0036293842405016727	0.0030284789433532413	0.0399431290659634	0.0037768916241170884	0.004219588242508732	0.0024336691369663027	0.0	0.04013736758479152	0.04289400955554444	0.04306335496359364	0.04018253724649535	0.045672581780305845	0.05422603249286072	0.03948157471911809	0.04043886303153684	0.07535798319569512	0.06997200140934004	0.07053233700336967	0.07280803719938203	0.0695698052030297	0.07258974110451956	0.07281789646143538	0.07180167320499233	0.07029885898467153	0.00886118866481352	0.005587626819118088
A13-A1pt	1459265	0.040341692900429965	0.04105750495559444	0.04201699921846288	0.014163900609099087	0.04327822083119722	0.041161539908050715	0.04202857281586837	0.04092613600567144	0.05003522433727627	0.03881810516567343	0.04097675733145685	0.041122063436122305	0.040522374079430684	0.05259096833952605	0.04127382955163624	0.04171269348406608	0.03992979255545445	0.04013736758479152	0.0	0.004068337091160884	0.004237605706889311	0.0013574117274172584	0.006846960264036835	0.030496905763583642	0.0006561004349165084	0.0016132205641535848	0.06832450454225046	0.06293852275589538	0.06349885834992501	0.06577455854593739	0.06253632654958505	0.06555626245107488	0.06578441780799074	0.06476819455154767	0.06326538033122688	0.046354031411368866	0.04308246956567344
A13-A1pu	1459269	0.04309833487118288	0.04381414692634736	0.044773641189215806	0.016920542579852014	0.04603486280195015	0.04391818187880364	0.0447852147866213	0.04368277797642436	0.0527918663080292	0.04157474713642635	0.04373339930220978	0.04387870540687523	0.0432790160501836	0.055347610310278975	0.04403047152238916	0.044469335454819	0.04268643452620738	0.04289400955554444	0.004068337091160884	0.0	0.005294222009209079	0.004114053698170183	0.0027788419509981394	0.033253547734336565	0.003412633016608339	0.004369773743785621	0.07108114651300337	0.06569516472664831	0.06625550032067792	0.0685312005166903	0.06529296852033797	0.0683129044218278	0.06854105977874367	0.0675248365223006	0.06602202230197979	0.049110673382121786	0.04583911153642636
A13-A1py	1459270	0.04326768027923208	0.04398349233439656	0.04494298659726499	0.017089887987901207	0.04620420820999935	0.04408752728685284	0.044954560194670506	0.04385212338447356	0.05296121171607839	0.04174409254447555	0.04390274471025897	0.044048050814924425	0.0434483614582328	0.05551695571832817	0.04419981693043836	0.044638680862868194	0.04285577993425658	0.04306335496359364	0.004237605706889311	0.005294222009209079	0.0	0.004283399106219378	0.007414154747128527	0.033422893142385765	0.0035820552169783014	0.004538965567193281	0.07125049192105258	0.0658645101346975	0.06642484572872713	0.0687005459247395	0.06546231392838717	0.06848224982987701	0.06871040518679285	0.06769418193034979	0.066191367710029	0.04928001879017098	0.04600845694447555
A13-A13o	1459271	0.04038686256213379	0.041102674617298274	0.0420621688801667	0.014209070270802917	0.04332339049290106	0.04120670956975455	0.04207374247757221	0.040971305667375266	0.05008039399898011	0.03886327482737727	0.041021926993160686	0.041167233097826134	0.04056754374113451	0.052636138001229876	0.04131899921334006	0.04175786314576991	0.03997496221715828	0.04018253724649535	0.0013574117274172584	0.004114053698170183	0.004283399106219378	0.0	0.006892765662167023	0.030542075425287474	0.0007016188617438257	0.0016590259622837717	0.06836967420395429	0.06298369241759921	0.06354402801162884	0.0658197282076412	0.06258149621128886	0.06560143211277872	0.06582958746969457	0.0648133642132515	0.0633105499929307	0.04639920107307269	0.04312763922737727
A13-A1pu-A1pv	1459272	0.04587690709594429	0.04659271915110877	0.04755221341397721	0.019699114804613418	0.04881343502671155	0.046696754103565045	0.0475637870113827	0.04646135020118576	0.05557043853279061	0.04435331936118776	0.04651197152697119	0.046657277631636636	0.046057588274945015	0.058126182535040385	0.04680904374715057	0.04724790767958041	0.04546500675096879	0.045672581780305845	0.006846960264036835	0.0027788419509981394	0.007414154747128527	0.006892765662167023	0.0	0.03603211995909797	0.006191474967606479	0.007147869369416297	0.07385971873776478	0.06847373695140971	0.06903407254543933	0.07130977274145171	0.06807154074509937	0.07109147664658921	0.07131963200350507	0.07030340874706201	0.0688005945267412	0.0518892456068832	0.04861768376118776
A13/A3	1459287	0.054430357808499155	0.05514616986366364	0.05610566412653207	0.03209587064353565	0.05736688573926642	0.055250204816119905	0.05611723772393758	0.05501480091374063	0.06412367806646335	0.05290677007374263	0.055065422239526055	0.05521072834419149	0.054611038987499874	0.02209406257594241	0.05536249445970543	0.055801358392135264	0.05401845746352364	0.05422603249286072	0.030496905763583642	0.033253547734336565	0.033422893142385765	0.030542075425287474	0.03603211995909797	0.0	0.029841112897910207	0.03079840121032897	0.037827598778666816	0.032441616992311746	0.03300195258634136	0.035277652782353744	0.032039420786001395	0.03505935668749125	0.03528764259518287	0.034271288787964024	0.03276847456764323	0.060442696319438056	0.05717113447374263
A13	1459488	0.039685900034756534	0.04040171208992101	0.04136120635278944	0.013508107743425654	0.04262242796552379	0.040505747042377284	0.04137277995019494	0.040270343139998006	0.04937943147160284	0.0381623123	0.04032096446578342	0.040466270570448874	0.03986658121375725	0.05193517547385262	0.040618036685962804	0.04105690061839264	0.03927399968978102	0.03948157471911809	0.0006561004349165084	0.003412633016608339	0.0035820552169783014	0.0007016188617438257	0.006191474967606479	0.029841112897910207	0.0	0.0009577352677232276	0.06766871167657702	0.06228272989022195	0.06284306548425159	0.06511876568026395	0.06188053368391161	0.06490046958540145	0.0651286249423173	0.06411240168587423	0.06260958746555345	0.04569823854569543	0.042426676700000006
A13-A13q	1459173	0.040643188347175285	0.04135900040233976	0.0423184946652082	0.014465396055844414	0.04357971627794254	0.04146303535479604	0.0423300682626137	0.041227631452416764	0.0503367197840216	0.03911960061241875	0.04127825277820218	0.04142355888286762	0.040823869526176004	0.052892463786271375	0.04157532499838157	0.0420141889308114	0.040231288002199786	0.04043886303153684	0.0016132205641535848	0.004369773743785621	0.004538965567193281	0.0016590259622837717	0.007147869369416297	0.03079840121032897	0.0009577352677232276	0.0	0.06862599998899578	0.0632400182026407	0.06380035379667034	0.06607605399268271	0.06283782199633037	0.06585775789782021	0.06608591325473606	0.06506968999829299	0.06356687577797221	0.04665552685811419	0.04338396501241876
A3-A3s-A3q-A3r	1458795	0.07556230851133355	0.07627812056649803	0.07723761482936647	0.06992346942220247	0.07849883644210082	0.07638215551895432	0.07724918842677198	0.07614675161657503	0.08525562876929775	0.07403872077657703	0.07619737294236045	0.0763426790470259	0.07574298969033427	0.035414854129731714	0.07649444516253984	0.07693330909496968	0.07515040816635805	0.07535798319569512	0.06832450454225046	0.07108114651300337	0.07125049192105258	0.06836967420395429	0.07385971873776478	0.037827598778666816	0.06766871167657702	0.06862599998899578	0.0	0.00828048964540326	0.004827414324879386	0.007103126991055929	0.007417322160755799	0.008438101824422242	0.009358746095231431	0.008857632383265021	0.008152701815930283	0.08157464702227246	0.07830308517657703
A3-A3at-A3bi-A3bu	1466047	0.07017632672497848	0.07089213878014297	0.0718516330430114	0.0645374876358474	0.07311285465574575	0.07099617373259924	0.0718632066404169	0.07076076983021995	0.07986964698294269	0.06865273899022195	0.07081139115600538	0.07095669726067083	0.07035700790397921	0.030028872343376638	0.07110846337618476	0.0715473273086146	0.06976442638000298	0.06997200140934004	0.06293852275589538	0.06569516472664831	0.0658645101346975	0.06298369241759921	0.06847373695140971	0.032441616992311746	0.06228272989022195	0.0632400182026407	0.00828048964540326	0.0	0.0034548434530778096	0.005730543649090182	0.0008632786459259192	0.00551215447501332	0.005740842338103694	0.004724072175466538	0.00108121869807981	0.07618866523591739	0.07291710339022195
A3-A3bw	1458919	0.0707366623190081	0.07145247437417258	0.07241196863704102	0.065097823229877	0.07367319024977537	0.07155650932662885	0.07242354223444653	0.07132110542424958	0.08042998257697231	0.06921307458425158	0.071371726750035	0.07151703285470046	0.07091734349800884	0.03058920793740626	0.07166879897021439	0.07210766290264421	0.0703247619740326	0.07053233700336967	0.06349885834992501	0.06625550032067792	0.06642484572872713	0.06354402801162884	0.06903407254543933	0.03300195258634136	0.06284306548425159	0.06380035379667034	0.004827414324879386	0.0034548434530778096	0.0	0.0022764392482019346	0.002591646262033797	0.0036122166559944	0.004532892565107319	0.004031765057279666	0.0033270283169683037	0.07674900082994701	0.07347743898425158
A3/A3ac-A3ae	1459044	0.07301236251502048	0.07372817457018496	0.0746876688330534	0.06737352342588938	0.07594889044578773	0.07383220952264125	0.07469924243045889	0.07359680562026195	0.08270568277298468	0.07148877478026396	0.07364742694604738	0.07379273305071282	0.0731930436940212	0.032864908133418635	0.07394449916622677	0.07438336309865659	0.07260046217004497	0.07280803719938203	0.06577455854593739	0.0685312005166903	0.0687005459247395	0.0658197282076412	0.07130977274145171	0.035277652782353744	0.06511876568026395	0.06607605399268271	0.007103126991055929	0.005730543649090182	0.0022764392482019346	0.0	0.004867373781408614	0.005887438899801993	0.00680817808552237	0.006307022985972234	0.0056027546364631085	0.07902470102595938	0.07575313918026395
A3-A3at-A3bi	1459060	0.06977413051866814	0.07048994257383262	0.07144943683670106	0.06413529142953706	0.0727106584494354	0.0705939775262889	0.07146101043410655	0.07035857362390961	0.07946745077663234	0.06825054278391161	0.07040919494969504	0.07055450105436048	0.06995481169766886	0.029626676137066293	0.07070626716987442	0.07114513110230425	0.06936223017369264	0.0695698052030297	0.06253632654958505	0.06529296852033797	0.06546231392838717	0.06258149621128886	0.06807154074509937	0.032039420786001395	0.06188053368391161	0.06283782199633037	0.007417322160755799	0.0008632786459259192	0.002591646262033797	0.004867373781408614	0.0	0.004649191349085092	0.004878010109399675	0.0038612394075711854	0.0007357184212978702	0.07578646902960705	0.07251490718391161
A3-A3bi-A3av-A3au-A3aw	1459135	0.07279406642015798	0.07350987847532246	0.0744693727381909	0.0671552273310269	0.07573059435092526	0.07361391342777875	0.0744809463355964	0.07337850952539947	0.0824873866781222	0.07127047868540146	0.07342913085118488	0.07357443695585034	0.0729747475991587	0.03264674982477753	0.07372620307136427	0.0741650670037941	0.07238216607518248	0.07258974110451956	0.06555626245107488	0.0683129044218278	0.06848224982987701	0.06560143211277872	0.07109147664658921	0.03505935668749125	0.06490046958540145	0.06585775789782021	0.008438101824422242	0.00551215447501332	0.0036122166559944	0.005887438899801993	0.004649191349085092	0.0	0.001816677788594283	0.0017272098603247684	0.005384880773282672	0.07880640493109689	0.07553484308540145
A3-A3bi-A3au-A3av-A3cy-A3aw-A3cz	1459171	0.07302222177707382	0.07373803383223831	0.07469752809510674	0.06738338268794274	0.0759587497078411	0.0738420687846946	0.07470910169251224	0.0736066648823153	0.08271554203503803	0.0714986340423173	0.07365728620810072	0.07380259231276617	0.07320290295607454	0.032875243522286976	0.07395435842828012	0.07439322236070996	0.07261032143209832	0.07281789646143538	0.06578441780799074	0.06854105977874367	0.06871040518679285	0.06582958746969457	0.07131963200350507	0.03528764259518287	0.0651286249423173	0.06608591325473606	0.009358746095231431	0.005740842338103694	0.004532892565107319	0.00680817808552237	0.004878010109399675	0.001816677788594283	0.0	0.0015444420383285014	0.005613663681919003	0.07903456028801273	0.0757629984423173
A3-A3bi-A3av-A3au-A3cy	1458661	0.07200599852063076	0.07272181057579524	0.07368130483866368	0.06636715943149968	0.07494252645139803	0.07282584552825153	0.07369287843606918	0.07259044162587223	0.08169931877859497	0.07048241078587424	0.07264106295165765	0.0727863690563231	0.07218667969963148	0.03185866752523074	0.07293813517183705	0.07337699910426687	0.07159409817565526	0.07180167320499233	0.06476819455154767	0.0675248365223006	0.06769418193034979	0.0648133642132515	0.07030340874706201	0.034271288787964024	0.06411240168587423	0.06506968999829299	0.008857632383265021	0.004724072175466538	0.004031765057279666	0.006307022985972234	0.0038612394075711854	0.0017272098603247684	0.0015444420383285014	0.0	0.004596951829468995	0.07801833703156967	0.07474677518587425
A3-A3at	1458662	0.07050318430030997	0.07121899635547445	0.07217849061834289	0.06486434521117888	0.07343971223107723	0.07132303130793073	0.07219006421574839	0.07108762740555145	0.08019650455827416	0.06897959656555344	0.07113824873133687	0.07128355483600232	0.0706838654793107	0.03035572991870813	0.07143532095151625	0.07187418488394609	0.07009128395533447	0.07029885898467153	0.06326538033122688	0.06602202230197979	0.066191367710029	0.0633105499929307	0.0688005945267412	0.03276847456764323	0.06260958746555345	0.06356687577797221	0.008152701815930283	0.00108121869807981	0.0033270283169683037	0.0056027546364631085	0.0007357184212978702	0.005384880773282672	0.005613663681919003	0.004596951829468995	0.0	0.07651552281124888	0.07324396096555344
A4z-A4cx	1459347	0.00906837049480052	0.00978113025519448	0.01074082029848487	0.032192254589891015	0.012003874977992511	0.009887853840217073	0.010754206352153493	0.00965314273000014	0.023460554806199376	0.00754192624569543	0.009700578411478852	0.00984852212486168	0.009248035991286312	0.046162444627367266	0.009998135334717627	0.010438687095075679	0.008654663930446954	0.00886118866481352	0.046354031411368866	0.049110673382121786	0.04928001879017098	0.04639920107307269	0.0518892456068832	0.060442696319438056	0.04569823854569543	0.04665552685811419	0.08157464702227246	0.07618866523591739	0.07674900082994701	0.07902470102595938	0.07578646902960705	0.07880640493109689	0.07903456028801273	0.07801833703156967	0.07651552281124888	0.0	0.011806290645695432
A4d	1459479	0.005795522777692232	0.006507303635976402	0.007466078288822236	0.028919984814988507	0.008730052036735306	0.006614723265140458	0.007480512146166149	0.0063807643292712185	0.02018720413938606	0.0042683644	0.006426006666773323	0.006575716052434269	0.005975509738472305	0.04288999887006299	0.006723799643791242	0.007165494901519392	0.005381627232236776	0.005587626819118088	0.04308246956567344	0.04583911153642636	0.04600845694447555	0.04312763922737727	0.04861768376118776	0.05717113447374263	0.042426676700000006	0.04338396501241876	0.07830308517657703	0.07291710339022195	0.07347743898425158	0.07575313918026395	0.07251490718391161	0.07553484308540145	0.0757629984423173	0.07474677518587425	0.07324396096555344	0.011806290645695432	0.0
