42
22403      0.0000000 0.0634418 0.0043574 0.0632886 0.0087161 0.0175504 0.0131032 0.0679671 0.0634418 0.0586318 0.0536107 0.0634418 0.0537227 0.0264984 0.0634418 0.0131335 0.0586318 0.0086961 0.0043385 0.0086961 0.0682982 0.0087161 0.0682982 0.0087341 0.0682982 0.0738540 0.0632886 0.0534832 0.0174692 0.0632886 0.1664261 0.0632886 0.0635760 0.0043385 0.0773655 0.0632886 0.0632886 0.0634418 0.0673144 0.0866611 0.0043385 0.0489149 
71557      0.0634418 0.0000000 0.0684429 0.0128782 0.0730226 0.0770894 0.0777700 0.0172084 0.0129075 0.0085658 0.0486258 0.0129075 0.0487261 0.0925739 0.0129075 0.0779611 0.0085658 0.0728445 0.0681322 0.0728445 0.0085658 0.0730226 0.0085658 0.0731782 0.0085658 0.0218908 0.0128782 0.0485114 0.0823372 0.0128782 0.1649518 0.0128782 0.0129337 0.0681322 0.0720361 0.0128782 0.0128782 0.0042641 0.0621642 0.0812219 0.0681322 0.0440020 
34696      0.0043574 0.0684429 0.0000000 0.0682761 0.0131606 0.0220841 0.0175867 0.0729995 0.0684429 0.0635760 0.0584732 0.0684429 0.0583331 0.0311220 0.0684429 0.0176277 0.0635760 0.0131302 0.0087341 0.0131302 0.0733578 0.0131606 0.0733578 0.0131302 0.0733578 0.0790230 0.0682761 0.0583331 0.0219811 0.0682761 0.1726162 0.0682761 0.0685890 0.0087341 0.0777193 0.0682761 0.0682761 0.0684429 0.0722932 0.0918577 0.0087341 0.0537227 
38154      0.0632886 0.0128782 0.0682761 0.0000000 0.0728445 0.0816170 0.0775798 0.0128490 0.0085658 0.0042641 0.0440020 0.0085658 0.0440926 0.0923450 0.0085658 0.0777700 0.0042641 0.0726672 0.0679671 0.0726672 0.0129075 0.0728445 0.0129075 0.0729995 0.0129075 0.0174334 0.0085474 0.0438992 0.0821357 0.0085474 0.1592679 0.0085474 0.0085841 0.0679671 0.0672160 0.0085474 0.0085474 0.0085658 0.0574567 0.0763474 0.0679671 0.0394208 
50831      0.0087161 0.0730226 0.0131606 0.0728445 0.0000000 0.0175913 0.0131335 0.0775798 0.0730226 0.0681322 0.0629843 0.0730226 0.0631164 0.0265607 0.0730226 0.0131641 0.0681322 0.0087161 0.0131032 0.0175097 0.0779611 0.0087363 0.0779611 0.0087543 0.0779611 0.0836917 0.0728445 0.0628332 0.0175097 0.0728445 0.1776143 0.0728445 0.0731782 0.0043475 0.0870880 0.0728445 0.0728445 0.0730226 0.0768284 0.0964739 0.0043475 0.0582114 
50832      0.0175504 0.0770894 0.0220841 0.0816170 0.0175913 0.0000000 0.0220384 0.0863536 0.0818160 0.0769025 0.0716906 0.0818160 0.0718403 0.0356588 0.0818160 0.0220901 0.0769025 0.0175504 0.0219870 0.0264436 0.0867772 0.0175913 0.0867772 0.0176277 0.0867772 0.0926064 0.0816170 0.0715191 0.0264436 0.0816170 0.1867010 0.0816170 0.0819888 0.0131335 0.0958625 0.0816170 0.0816170 0.0818160 0.0855185 0.1052309 0.0131335 0.0668954 
50833      0.0131032 0.0777700 0.0175867 0.0775798 0.0131335 0.0220384 0.0000000 0.0823372 0.0777700 0.0728445 0.0676392 0.0777700 0.0677817 0.0310574 0.0777700 0.0175913 0.0728445 0.0131032 0.0175097 0.0219359 0.0827432 0.0131335 0.0827432 0.0131606 0.0827432 0.0885542 0.0775798 0.0674764 0.0219359 0.0775798 0.1830282 0.0775798 0.0779356 0.0087161 0.0918890 0.0775798 0.0775798 0.0777700 0.0815371 0.1013082 0.0087161 0.0628332 
38163      0.0679671 0.0172084 0.0729995 0.0128490 0.0775798 0.0863536 0.0823372 0.0000000 0.0128782 0.0085474 0.0485114 0.0128782 0.0486112 0.0971943 0.0128782 0.0825397 0.0085474 0.0773906 0.0726672 0.0773906 0.0172477 0.0775798 0.0172477 0.0777446 0.0172477 0.0218401 0.0128490 0.0483977 0.0869031 0.0128490 0.1645157 0.0128490 0.0129042 0.0726672 0.0718629 0.0128490 0.0128490 0.0128782 0.0620170 0.0810259 0.0726672 0.0438992 
38165      0.0634418 0.0129075 0.0684429 0.0085658 0.0730226 0.0818160 0.0777700 0.0128782 0.0000000 0.0042738 0.0441054 0.0085854 0.0441964 0.0925739 0.0000010 0.0779611 0.0042738 0.0728445 0.0681322 0.0728445 0.0129370 0.0730226 0.0129370 0.0731782 0.0129370 0.0174737 0.0085658 0.0440020 0.0823372 0.0085658 0.1484652 0.0085658 0.0086037 0.0681322 0.0673775 0.0085658 0.0085658 0.0085854 0.0575925 0.0765315 0.0681322 0.0395129 
29206      0.0586318 0.0085658 0.0635760 0.0042641 0.0681322 0.0769025 0.0728445 0.0085474 0.0042738 0.0000000 0.0395129 0.0042738 0.0395942 0.0875188 0.0042738 0.0730226 0.0000010 0.0679671 0.0632886 0.0679671 0.0085854 0.0681322 0.0085854 0.0682761 0.0085854 0.0130462 0.0042641 0.0394208 0.0773906 0.0042641 0.1540471 0.0042641 0.0042822 0.0632886 0.0625907 0.0042641 0.0042641 0.0042738 0.0529164 0.0716906 0.0632886 0.0349625 
30487      0.0536107 0.0486258 0.0584732 0.0440020 0.0629843 0.0716906 0.0676392 0.0485114 0.0441054 0.0395129 0.0000000 0.0441054 0.0086037 0.0821087 0.0441054 0.0678027 0.0395129 0.0628332 0.0582114 0.0628332 0.0487406 0.0629843 0.0487406 0.0631164 0.0487406 0.0446970 0.0440020 0.0085658 0.0721416 0.0440020 0.1476955 0.0440020 0.0441964 0.0582114 0.0305867 0.0440020 0.0440020 0.0441054 0.0215576 0.0394098 0.0582114 0.0042738 
29207      0.0634418 0.0129075 0.0684429 0.0085658 0.0730226 0.0818160 0.0777700 0.0128782 0.0085854 0.0042738 0.0441054 0.0000000 0.0441964 0.0925739 0.0085854 0.0779611 0.0042738 0.0728445 0.0681322 0.0728445 0.0129370 0.0730226 0.0129370 0.0684429 0.0129370 0.0174737 0.0085658 0.0440020 0.0823372 0.0085658 0.1536441 0.0085658 0.0086037 0.0681322 0.0673775 0.0085658 0.0085658 0.0085854 0.0575925 0.0765315 0.0681322 0.0395129 
57368      0.0537227 0.0487261 0.0583331 0.0440926 0.0631164 0.0718403 0.0677817 0.0486112 0.0441964 0.0395942 0.0086037 0.0441964 0.0000000 0.0822823 0.0441964 0.0679459 0.0395942 0.0629646 0.0583331 0.0629646 0.0488415 0.0631164 0.0488415 0.0629646 0.0488415 0.0447906 0.0440926 0.0085841 0.0722932 0.0440926 0.1480185 0.0440926 0.0442876 0.0583331 0.0262125 0.0440926 0.0440926 0.0441964 0.0216013 0.0394907 0.0583331 0.0042822 
63388      0.0264984 0.0925739 0.0311220 0.0923450 0.0265607 0.0356588 0.0310574 0.0971943 0.0925739 0.0875188 0.0821087 0.0925739 0.0822823 0.0000000 0.0925739 0.0311308 0.0875188 0.0175867 0.0309844 0.0354906 0.0976808 0.0265607 0.0976808 0.0266159 0.0976808 0.1037721 0.0923450 0.0819083 0.0087543 0.0923450 0.1839409 0.0923450 0.0879241 0.0220325 0.0866611 0.0923450 0.0923450 0.0925739 0.0771773 0.0769901 0.0220325 0.0771773 
62749      0.0634418 0.0129075 0.0684429 0.0085658 0.0730226 0.0818160 0.0777700 0.0128782 0.0000010 0.0042738 0.0441054 0.0085854 0.0441964 0.0925739 0.0000000 0.0779611 0.0042374 0.0728445 0.0681322 0.0728445 0.0129370 0.0730226 0.0129370 0.0731782 0.0129370 0.0174737 0.0085658 0.0440020 0.0823372 0.0085658 0.1484652 0.0085658 0.0086037 0.0681322 0.0673775 0.0085658 0.0085658 0.0085854 0.0575925 0.0765315 0.0681322 0.0395129 
903836     0.0131335 0.0779611 0.0176277 0.0777700 0.0131641 0.0220901 0.0175913 0.0825397 0.0779611 0.0730226 0.0678027 0.0779611 0.0679459 0.0311308 0.0779611 0.0000000 0.0730226 0.0131335 0.0175504 0.0219870 0.0829478 0.0131641 0.0829478 0.0131913 0.0829478 0.0887764 0.0777700 0.0676392 0.0219870 0.0777700 0.1780957 0.0777700 0.0781276 0.0087363 0.0921164 0.0777700 0.0777700 0.0779611 0.0817357 0.1015599 0.0087363 0.0629843 
1265442    0.0586318 0.0085658 0.0635760 0.0042641 0.0681322 0.0769025 0.0728445 0.0085474 0.0042738 0.0000010 0.0395129 0.0042738 0.0395942 0.0875188 0.0042374 0.0730226 0.0000000 0.0679671 0.0632886 0.0679671 0.0085854 0.0681322 0.0085854 0.0682761 0.0085854 0.0130462 0.0042641 0.0394208 0.0773906 0.0042641 0.1540471 0.0042641 0.0042822 0.0632886 0.0625907 0.0042641 0.0042641 0.0042738 0.0529164 0.0716906 0.0632886 0.0349625 
22438      0.0086961 0.0728445 0.0131302 0.0726672 0.0087161 0.0175504 0.0131032 0.0773906 0.0728445 0.0679671 0.0628332 0.0728445 0.0629646 0.0175867 0.0728445 0.0131335 0.0679671 0.0000000 0.0130729 0.0174692 0.0777700 0.0087161 0.0777700 0.0087341 0.0777700 0.0834835 0.0726672 0.0626829 0.0086961 0.0726672 0.1771357 0.0726672 0.0729995 0.0043385 0.0773655 0.0726672 0.0726672 0.0728445 0.0673144 0.0866611 0.0043385 0.0580725 
43946      0.0043385 0.0681322 0.0087341 0.0679671 0.0131032 0.0219870 0.0175097 0.0726672 0.0681322 0.0632886 0.0582114 0.0681322 0.0583331 0.0309844 0.0681322 0.0175504 0.0632886 0.0130729 0.0000000 0.0043385 0.0730226 0.0131032 0.0730226 0.0131302 0.0730226 0.0786568 0.0679671 0.0580725 0.0218850 0.0679671 0.1717668 0.0679671 0.0682761 0.0086961 0.0821087 0.0679671 0.0679671 0.0681322 0.0719680 0.0914376 0.0086961 0.0534832 
43947      0.0086961 0.0728445 0.0131302 0.0726672 0.0175097 0.0264436 0.0219359 0.0773906 0.0728445 0.0679671 0.0628332 0.0728445 0.0629646 0.0354906 0.0728445 0.0219870 0.0679671 0.0174692 0.0043385 0.0000000 0.0777700 0.0175097 0.0777700 0.0175458 0.0777700 0.0834835 0.0726672 0.0626829 0.0263204 0.0726672 0.1771357 0.0726672 0.0729995 0.0130729 0.0868741 0.0726672 0.0726672 0.0728445 0.0766429 0.0962362 0.0130729 0.0580725 
49835      0.0682982 0.0085658 0.0733578 0.0129075 0.0779611 0.0867772 0.0827432 0.0172477 0.0129370 0.0085854 0.0487406 0.0129370 0.0488415 0.0976808 0.0129370 0.0829478 0.0085854 0.0777700 0.0730226 0.0777700 0.0000000 0.0779611 0.0085854 0.0781276 0.0000010 0.0219417 0.0129075 0.0486258 0.0873322 0.0129075 0.1653903 0.0129075 0.0129633 0.0730226 0.0722101 0.0129075 0.0129075 0.0042738 0.0623120 0.0814190 0.0730226 0.0441054 
364589     0.0087161 0.0730226 0.0131606 0.0728445 0.0087363 0.0175913 0.0131335 0.0775798 0.0730226 0.0681322 0.0629843 0.0730226 0.0631164 0.0265607 0.0730226 0.0131641 0.0681322 0.0087161 0.0131032 0.0175097 0.0779611 0.0000000 0.0779611 0.0087543 0.0779611 0.0836917 0.0728445 0.0628332 0.0175097 0.0728445 0.1776143 0.0728445 0.0731782 0.0043475 0.0870880 0.0728445 0.0728445 0.0730226 0.0768284 0.0964739 0.0043475 0.0582114 
49838      0.0682982 0.0085658 0.0733578 0.0129075 0.0779611 0.0867772 0.0827432 0.0172477 0.0129370 0.0085854 0.0487406 0.0129370 0.0488415 0.0976808 0.0129370 0.0829478 0.0085854 0.0777700 0.0730226 0.0777700 0.0085854 0.0779611 0.0000000 0.0781276 0.0085854 0.0219417 0.0129075 0.0486258 0.0873322 0.0129075 0.1653903 0.0129075 0.0129633 0.0730226 0.0722101 0.0129075 0.0129075 0.0042738 0.0623120 0.0814190 0.0730226 0.0441054 
35893      0.0087341 0.0731782 0.0131302 0.0729995 0.0087543 0.0176277 0.0131606 0.0777446 0.0731782 0.0682761 0.0631164 0.0684429 0.0629646 0.0266159 0.0731782 0.0131913 0.0682761 0.0087341 0.0131302 0.0175458 0.0781276 0.0087543 0.0781276 0.0000000 0.0781276 0.0838727 0.0729995 0.0629646 0.0175458 0.0729995 0.1726162 0.0729995 0.0733342 0.0043574 0.0824848 0.0729995 0.0729995 0.0731782 0.0769900 0.0966795 0.0043574 0.0583331 
45238      0.0682982 0.0085658 0.0733578 0.0129075 0.0779611 0.0867772 0.0827432 0.0172477 0.0129370 0.0085854 0.0487406 0.0129370 0.0488415 0.0976808 0.0129370 0.0829478 0.0085854 0.0777700 0.0730226 0.0777700 0.0000010 0.0779611 0.0085854 0.0781276 0.0000000 0.0219417 0.0129075 0.0486258 0.0873322 0.0129075 0.1653903 0.0129075 0.0129633 0.0730226 0.0722101 0.0129075 0.0129075 0.0042738 0.0623120 0.0814190 0.0730226 0.0441054 
43576      0.0738540 0.0218908 0.0790230 0.0174334 0.0836917 0.0926064 0.0885542 0.0218401 0.0174737 0.0130462 0.0446970 0.0174737 0.0447906 0.1037721 0.0174737 0.0887764 0.0130462 0.0834835 0.0786568 0.0834835 0.0219417 0.0836917 0.0219417 0.0838727 0.0219417 0.0000000 0.0174334 0.0445908 0.0932061 0.0174334 0.1673955 0.0174334 0.0175097 0.0786568 0.0682982 0.0086778 0.0174334 0.0174737 0.0583680 0.0775798 0.0786568 0.0400404 
136513     0.0632886 0.0128782 0.0682761 0.0085474 0.0728445 0.0816170 0.0775798 0.0128490 0.0085658 0.0042641 0.0440020 0.0085658 0.0440926 0.0923450 0.0085658 0.0777700 0.0042641 0.0726672 0.0679671 0.0726672 0.0129075 0.0728445 0.0129075 0.0729995 0.0129075 0.0174334 0.0000000 0.0438992 0.0821357 0.0085474 0.1592679 0.0085474 0.0085841 0.0679671 0.0672160 0.0085474 0.0085474 0.0085658 0.0574567 0.0763474 0.0679671 0.0394208 
54466      0.0534832 0.0485114 0.0583331 0.0438992 0.0628332 0.0715191 0.0674764 0.0483977 0.0440020 0.0394208 0.0085658 0.0440020 0.0085841 0.0819083 0.0440020 0.0676392 0.0394208 0.0626829 0.0580725 0.0626829 0.0486258 0.0628332 0.0486258 0.0629646 0.0486258 0.0445908 0.0438992 0.0000000 0.0719680 0.0438992 0.1422053 0.0438992 0.0351160 0.0580725 0.0305159 0.0438992 0.0438992 0.0440020 0.0215084 0.0393182 0.0580725 0.0042641 
22472      0.0174692 0.0823372 0.0219811 0.0821357 0.0175097 0.0264436 0.0219359 0.0869031 0.0823372 0.0773906 0.0721416 0.0823372 0.0722932 0.0087543 0.0823372 0.0219870 0.0773906 0.0086961 0.0218850 0.0263204 0.0873322 0.0175097 0.0873322 0.0175458 0.0873322 0.0932061 0.0821357 0.0719680 0.0000000 0.0821357 0.1717668 0.0821357 0.0777446 0.0130729 0.0868741 0.0821357 0.0821357 0.0823372 0.0673144 0.0866611 0.0130729 0.0673144 
29900      0.0632886 0.0128782 0.0682761 0.0085474 0.0728445 0.0816170 0.0775798 0.0128490 0.0085658 0.0042641 0.0440020 0.0085658 0.0440926 0.0923450 0.0085658 0.0777700 0.0042641 0.0726672 0.0679671 0.0726672 0.0129075 0.0728445 0.0129075 0.0729995 0.0129075 0.0174334 0.0085474 0.0438992 0.0821357 0.0000000 0.1592679 0.0085474 0.0085841 0.0679671 0.0672160 0.0085474 0.0085474 0.0085658 0.0574567 0.0763474 0.0679671 0.0394208 
1157196    0.1664261 0.1649518 0.1726162 0.1592679 0.1776143 0.1867010 0.1830282 0.1645157 0.1484652 0.1540471 0.1476955 0.1536441 0.1480185 0.1839409 0.1484652 0.1780957 0.1540471 0.1771357 0.1717668 0.1771357 0.1653903 0.1776143 0.1653903 0.1726162 0.1653903 0.1673955 0.1592679 0.1422053 0.1717668 0.1592679 0.0000000 0.1592679 0.1491814 0.1717668 0.1750164 0.1592679 0.1592679 0.1596884 0.1576084 0.1798634 0.1717668 0.1422053 
45266      0.0632886 0.0128782 0.0682761 0.0085474 0.0728445 0.0816170 0.0775798 0.0128490 0.0085658 0.0042641 0.0440020 0.0085658 0.0440926 0.0923450 0.0085658 0.0777700 0.0042641 0.0726672 0.0679671 0.0726672 0.0129075 0.0728445 0.0129075 0.0729995 0.0129075 0.0174334 0.0085474 0.0438992 0.0821357 0.0085474 0.1592679 0.0000000 0.0085841 0.0679671 0.0672160 0.0085474 0.0085474 0.0085658 0.0574567 0.0763474 0.0679671 0.0394208 
43731      0.0635760 0.0129337 0.0685890 0.0085841 0.0731782 0.0819888 0.0779356 0.0129042 0.0086037 0.0042822 0.0441964 0.0086037 0.0442876 0.0879241 0.0086037 0.0781276 0.0042822 0.0729995 0.0682761 0.0729995 0.0129633 0.0731782 0.0129633 0.0733342 0.0129633 0.0175097 0.0085841 0.0351160 0.0777446 0.0085841 0.1491814 0.0085841 0.0000000 0.0682761 0.0675187 0.0085841 0.0085841 0.0086037 0.0531515 0.0720134 0.0682761 0.0395942 
1402205    0.0043385 0.0681322 0.0087341 0.0679671 0.0043475 0.0131335 0.0087161 0.0726672 0.0681322 0.0632886 0.0582114 0.0681322 0.0583331 0.0220325 0.0681322 0.0087363 0.0632886 0.0043385 0.0086961 0.0130729 0.0730226 0.0043475 0.0730226 0.0043574 0.0730226 0.0786568 0.0679671 0.0580725 0.0130729 0.0679671 0.1717668 0.0679671 0.0682761 0.0000000 0.0821087 0.0679671 0.0679671 0.0681322 0.0719680 0.0914376 0.0000010 0.0534832 
1913826    0.0773655 0.0720361 0.0777193 0.0672160 0.0870880 0.0958625 0.0918890 0.0718629 0.0673775 0.0625907 0.0305867 0.0673775 0.0262125 0.0866611 0.0673775 0.0921164 0.0625907 0.0773655 0.0821087 0.0868741 0.0722101 0.0870880 0.0722101 0.0824848 0.0722101 0.0682982 0.0672160 0.0305159 0.0868741 0.0672160 0.1750164 0.0672160 0.0675187 0.0821087 0.0000000 0.0672160 0.0672160 0.0673775 0.0260985 0.0348719 0.0821087 0.0260985 
29923      0.0632886 0.0128782 0.0682761 0.0085474 0.0728445 0.0816170 0.0775798 0.0128490 0.0085658 0.0042641 0.0440020 0.0085658 0.0440926 0.0923450 0.0085658 0.0777700 0.0042641 0.0726672 0.0679671 0.0726672 0.0129075 0.0728445 0.0129075 0.0729995 0.0129075 0.0086778 0.0085474 0.0438992 0.0821357 0.0085474 0.1592679 0.0085474 0.0085841 0.0679671 0.0672160 0.0000000 0.0085474 0.0085658 0.0574567 0.0763474 0.0679671 0.0394208 
29284      0.0632886 0.0128782 0.0682761 0.0085474 0.0728445 0.0816170 0.0775798 0.0128490 0.0085658 0.0042641 0.0440020 0.0085658 0.0440926 0.0923450 0.0085658 0.0777700 0.0042641 0.0726672 0.0679671 0.0726672 0.0129075 0.0728445 0.0129075 0.0729995 0.0129075 0.0174334 0.0085474 0.0438992 0.0821357 0.0085474 0.1592679 0.0085474 0.0085841 0.0679671 0.0672160 0.0085474 0.0000000 0.0085658 0.0574567 0.0763474 0.0679671 0.0394208 
40166      0.0634418 0.0042641 0.0684429 0.0085658 0.0730226 0.0818160 0.0777700 0.0128782 0.0085854 0.0042738 0.0441054 0.0085854 0.0441964 0.0925739 0.0085854 0.0779611 0.0042738 0.0728445 0.0681322 0.0728445 0.0042738 0.0730226 0.0042738 0.0731782 0.0042738 0.0174737 0.0085658 0.0440020 0.0823372 0.0085658 0.1596884 0.0085658 0.0086037 0.0681322 0.0673775 0.0085658 0.0085658 0.0000000 0.0575925 0.0765315 0.0681322 0.0395129 
2551016    0.0673144 0.0621642 0.0722932 0.0574567 0.0768284 0.0855185 0.0815371 0.0620170 0.0575925 0.0529164 0.0215576 0.0575925 0.0216013 0.0771773 0.0575925 0.0817357 0.0529164 0.0673144 0.0719680 0.0766429 0.0623120 0.0768284 0.0623120 0.0769900 0.0623120 0.0583680 0.0574567 0.0215084 0.0673144 0.0574567 0.1576084 0.0574567 0.0531515 0.0719680 0.0260985 0.0574567 0.0574567 0.0575925 0.0000000 0.0172827 0.0719680 0.0171692 
3591788    0.0866611 0.0812219 0.0918577 0.0763474 0.0964739 0.1052309 0.1013082 0.0810259 0.0765315 0.0716906 0.0394098 0.0765315 0.0394907 0.0769901 0.0765315 0.1015599 0.0716906 0.0866611 0.0914376 0.0962362 0.0814190 0.0964739 0.0814190 0.0966795 0.0814190 0.0775798 0.0763474 0.0393182 0.0866611 0.0763474 0.1798634 0.0763474 0.0720134 0.0914376 0.0348719 0.0763474 0.0763474 0.0765315 0.0172827 0.0000000 0.0914376 0.0348719 
22385      0.0043385 0.0681322 0.0087341 0.0679671 0.0043475 0.0131335 0.0087161 0.0726672 0.0681322 0.0632886 0.0582114 0.0681322 0.0583331 0.0220325 0.0681322 0.0087363 0.0632886 0.0043385 0.0086961 0.0130729 0.0730226 0.0043475 0.0730226 0.0043574 0.0730226 0.0786568 0.0679671 0.0580725 0.0130729 0.0679671 0.1717668 0.0679671 0.0682761 0.0000010 0.0821087 0.0679671 0.0679671 0.0681322 0.0719680 0.0914376 0.0000000 0.0534832 
8181       0.0489149 0.0440020 0.0537227 0.0394208 0.0582114 0.0668954 0.0628332 0.0438992 0.0395129 0.0349625 0.0042738 0.0395129 0.0042822 0.0771773 0.0395129 0.0629843 0.0349625 0.0580725 0.0534832 0.0580725 0.0441054 0.0582114 0.0441054 0.0583331 0.0441054 0.0400404 0.0394208 0.0042641 0.0673144 0.0394208 0.1422053 0.0394208 0.0395942 0.0534832 0.0260985 0.0394208 0.0394208 0.0395129 0.0171692 0.0348719 0.0534832 0.0000000 
