C3-C21-C3hj-C3an	871435	0	0.4235144121396965	0.2129157416851663	0.3768293475597866	1.0	1.0	0.6879062418751625	1.0	1.0	0.5713028609141726	0.4184145396365091	0.24174137387939182	1.0	0.8777024459510809	1.0	0.10994335084973725	0.3757493637595436	1.0	0.6047198820029499	0.6778564428711426	0.6780380490487737	0.7880542389152217	0.24055518889622207	1.0	0.470123246918827	1.0	0.5546466802997955	1.0	1.0	1.0	1.0	1.0	1.0	1.0	1.0	0.37682623173768265	1.0	1.0	0.4470465886023419	1.0
C3-C3xs-C3yu-C21-C3zt	871438	0.4235144121396965	0	0.21230969225769356	0.5419591608167836	1.0	1.0	0.6879078023049424	1.0	1.0	0.6649017284395046	0.5121946341609752	0.4235115297694046	1.0	0.8777030574235644	1.0	0.4235115297694046	0.4235115297694046	1.0	0.6115016549503515	0.6778580535486612	0.6780396588102356	0.7880552986175345	0.4235144121396965	1.0	0.5419637410877673	1.0	0.5546489070218595	1.0	1.0	1.0	1.0	0.8141437171256575	1.0	1.0	1.0	0.5419568706469403	1.0	1.0	0.5494457693980711	1.0
C3-C3hj-C21-C3xs-C3yu	871440	0.2129157416851663	0.21230969225769356	0	0.4694379584306235	1.0	1.0	0.6879062418751625	1.0	1.0	0.66490005299841	0.5064323391915202	0.34351984720229195	1.0	0.8777024459510809	1.0	0.2112018319725204	0.38610920836187457	1.0	0.6047198820029499	0.6778564428711426	0.6780380490487737	0.7880542389152217	0.34352312953740927	1.0	0.470123246918827	1.0	0.5546466802997955	1.0	1.0	1.0	1.0	0.8822517662235067	1.0	1.0	1.0	0.4694353056469435	1.0	1.0	0.5494435166944992	1.0
C3-C3ga	869982	0.3768293475597866	0.5419591608167836	0.4694379584306235	0	1.0	1.0	0.6879046814297786	1.0	1.0	0.7416764580885478	0.6306373872522549	0.3400165998340017	1.0	0.877701834472483	1.0	0.3087069129308707	0.5120248797512025	1.0	0.7299454010919781	0.6778548321775173	0.6780364392712146	0.788053179202312	0.3085803712944306	1.0	0.47012059758804825	1.0	0.5546444535554644	1.0	1.0	1.0	1.0	1.0	1.0	1.0	1.0	0.30506347468262657	1.0	1.0	0.6653883652908678	1.0
C1d-C42.2-C1-C3cg-C1b-C115k	869474	1.0	1.0	1.0	1.0	0	0.6873793786186414	0.7637459063523412	1.0	1.0	1.0	1.0	1.0	0.7637459063523412	0.7637459063523412	0.39341426342946284	1.0	1.0	0.8425855095071673	1.0	0.8378140546486338	0.7231383058508245	1.0	1.0	0.6854994350169495	0.8378148655540334	1.0	1.0	0.8425839354016149	1.0	0.9259314813703726	0.8378132437351253	1.0	1.0	1.0	0.8378124328135078	1.0	1.0	1.0	1.0	0.3444196674099777
C1/C83a-C1dl-C1b-C1ds-C42.2	871552	1.0	1.0	1.0	1.0	0.6873793786186414	0	0.5603309917252068	1.0	1.0	1.0	1.0	1.0	0.696097597560061	0.5970500737481563	0.7080516779328827	1.0	1.0	0.92363267285645	1.0	0.7464663383415414	0.5434936951891444	1.0	1.0	0.4839654810355689	0.7902662920112397	1.0	1.0	0.9236319092022699	1.0	0.8771224575508489	0.6832063358732825	1.0	1.0	1.0	0.6832047519287211	1.0	1.0	1.0	1.0	0.5775226743197704
C1/C3/C1b	870531	0.6879062418751625	0.6879078023049424	0.6879062418751625	0.6879046814297786	0.7637459063523412	0.5603309917252068	0	1.0	1.0	0.74167774966751	0.6879078023049424	0.6879046814297786	0.6960960780784384	0.3427631447371053	0.7844175453859115	0.6879046814297786	0.6879046814297786	1.0	0.7299467513312167	0.4343713125737485	0.3864853378665533	0.7880542389152217	0.6879062418751625	0.4405639859003525	0.47817304567385815	1.0	0.6879046814297786	1.0	1.0	0.7451338229926551	0.5669564956525652	1.0	1.0	1.0	0.5669543304566954	0.6879031209687904	1.0	1.0	0.6879093627191184	0.6524486887827804
C16-C16b-C16d	871563	1.0	1.0	1.0	1.0	1.0	1.0	1.0	0	1.0	1.0	1.0	1.0	1.0	1.0	1.0	1.0	1.0	1.0	1.0	1.0	1.0	0.2119457610847783	1.0	1.0	1.0	1.0	1.0	1.0	1.0	1.0	1.0	1.0	1.0	1.0	1.0	1.0	1.0	1.0	1.0	1.0
C11	872084	1.0	1.0	1.0	1.0	1.0	1.0	1.0	1.0	0	1.0	1.0	1.0	1.0	1.0	1.0	1.0	1.0	1.0	1.0	1.0	1.0	1.0	1.0	1.0	1.0	1.0	1.0	1.0	1.0	1.0	1.0	1.0	1.0	1.0	1.0	1.0	1.0	1.0	1.0	1.0
C3-C3de-C3bb-C21ae-C3an-C3s-C21-C3dk	871064	0.5713028609141726	0.6649017284395046	0.66490005299841	0.7416764580885478	1.0	1.0	0.74167774966751	1.0	1.0	0	0.45771897983570575	0.6648983775405615	1.0	0.8777036688899333	1.0	0.6648983775405615	0.6648983775405615	1.0	0.5709750158744444	0.74167774966751	0.7416790412335569	0.7880563583092507	0.66490005299841	1.0	0.7416790412335569	1.0	0.7416764580885478	1.0	1.0	1.0	1.0	1.0	1.0	1.0	1.0	0.7416751664966701	1.0	1.0	0.43690252389904405	1.0
C3-C3fc-C21-C3an-C3b-C3bb-C3s	871067	0.4184145396365091	0.5121946341609752	0.5064323391915202	0.6306373872522549	1.0	1.0	0.6879078023049424	1.0	1.0	0.45771897983570575	0	0.5064298714025719	1.0	0.8777030574235644	1.0	0.5064298714025719	0.5064298714025719	1.0	0.4626961191164265	0.6778580535486612	0.6780396588102356	0.7880552986175345	0.4255243618909527	1.0	0.630641080767577	1.0	0.6306373872522549	1.0	1.0	1.0	1.0	1.0	1.0	1.0	1.0	0.630635540466893	1.0	1.0	0.11868084617038403	1.0
C3-C21-C3xx-C3cl	871071	0.24174137387939182	0.4235115297694046	0.34351984720229195	0.3400165998340017	1.0	1.0	0.6879046814297786	1.0	1.0	0.6648983775405615	0.5064298714025719	0	1.0	0.877701834472483	1.0	0.2049279507204928	0.3769362306376936	1.0	0.6047179056418872	0.6778548321775173	0.6780364392712146	0.788053179202312	0.20493192602110968	1.0	0.47012059758804825	1.0	0.5546444535554644	1.0	1.0	1.0	1.0	1.0	1.0	1.0	1.0	0.3400132999335003	1.0	1.0	0.5494412639684008	1.0
C41/C1-C41b-C1b-C41g-C39	871072	1.0	1.0	1.0	1.0	0.7637459063523412	0.696097597560061	0.6960960780784384	1.0	1.0	1.0	1.0	1.0	0	0.6960960780784384	0.7844175453859115	1.0	1.0	1.0	1.0	0.379252414951701	0.7897452563685908	1.0	1.0	0.696097597560061	0.7902652433689158	1.0	1.0	1.0	0.4562281565776513	0.5029474557881631	0.7897431538526922	1.0	1.0	0.5965940340596594	0.7897421025789743	1.0	1.0	0.934930650693493	1.0	0.696097597560061
C1b/C1/C3-C1u	869025	0.8777024459510809	0.8777030574235644	0.8777024459510809	0.877701834472483	0.7637459063523412	0.5970500737481563	0.3427631447371053	1.0	1.0	0.8777036688899333	0.8777030574235644	0.877701834472483	0.6960960780784384	0	0.7844175453859115	0.877701834472483	0.877701834472483	1.0	0.8777030574235644	0.624167516649667	0.5976300592485188	0.8777024459510809	0.8777024459510809	0.5935301617459563	0.6679683007924802	1.0	0.877701834472483	1.0	1.0	0.6701849472257916	0.719924201136983	1.0	1.0	1.0	0.7199228007719923	0.8777012229877701	1.0	1.0	0.8777036688899333	0.6524486887827804
C42a/C1d/C42.2-C1mt-C1-C1b-C3cg-C1au	873137	1.0	1.0	1.0	1.0	0.39341426342946284	0.7080516779328827	0.7844175453859115	1.0	1.0	1.0	1.0	1.0	0.7844175453859115	0.7844175453859115	0	1.0	1.0	0.8556764945577449	1.0	0.8726244581439649	0.7579496820127195	1.0	1.0	0.7061717531298748	0.8726250949962001	1.0	1.0	0.855675051373202	1.0	0.9117926462206134	0.8726238212853614	1.0	1.0	1.0	0.8726231844203894	1.0	1.0	1.0	1.0	0.40414383424663014
C3-C21-C3hj	870080	0.10994335084973725	0.4235115297694046	0.2112018319725204	0.3087069129308707	1.0	1.0	0.6879046814297786	1.0	1.0	0.6648983775405615	0.5064298714025719	0.2049279507204928	1.0	0.877701834472483	1.0	0	0.34562654373456264	1.0	0.6047179056418872	0.6778548321775173	0.6780364392712146	0.788053179202312	0.1423128653070204	1.0	0.47012059758804825	1.0	0.5546444535554644	1.0	1.0	1.0	1.0	1.0	1.0	1.0	1.0	0.3087034564827176	1.0	1.0	0.5494412639684008	1.0
C21/C3	870082	0.3757493637595436	0.4235115297694046	0.38610920836187457	0.5120248797512025	1.0	1.0	0.6879046814297786	1.0	1.0	0.6648983775405615	0.5064298714025719	0.3769362306376936	1.0	0.877701834472483	1.0	0.34562654373456264	0	1.0	0.6047179056418872	0.6778548321775173	0.6780364392712146	0.788053179202312	0.3215101773473398	1.0	0.5120297594048119	1.0	0.5546444535554644	1.0	1.0	1.0	1.0	1.0	1.0	1.0	1.0	0.5120224398878006	1.0	1.0	0.5494412639684008	1.0
C42.2-C120b-C120c-C120d-C42c-C42d	869064	1.0	1.0	1.0	1.0	0.8425855095071673	0.92363267285645	1.0	1.0	1.0	1.0	1.0	1.0	1.0	1.0	0.8556764945577449	1.0	1.0	0	1.0	1.0	0.885324013659522	1.0	1.0	0.9217527386541471	1.0	1.0	1.0	0.8051558453246402	1.0	1.0	1.0	1.0	1.0	1.0	1.0	1.0	1.0	1.0	1.0	0.7243196488122916
C3b-C3-C21-C3ag-C3bb	869067	0.6047198820029499	0.6115016549503515	0.6047198820029499	0.7299454010919781	1.0	1.0	0.7299467513312167	1.0	1.0	0.5709750158744444	0.4626961191164265	0.6047179056418872	1.0	0.8777030574235644	1.0	0.6047179056418872	0.6047179056418872	1.0	0	0.7299467513312167	0.7299481015569533	0.7880552986175345	0.486652833679158	1.0	0.7299481015569533	1.0	0.7299454010919781	1.0	1.0	1.0	1.0	1.0	1.0	1.0	1.0	0.7299440508392374	1.0	1.0	0.4455794047208348	1.0
C3/C41-C1-C41b	871645	0.6778564428711426	0.6778580535486612	0.6778564428711426	0.6778548321775173	0.8378140546486338	0.7464663383415414	0.4343713125737485	1.0	1.0	0.74167774966751	0.6778580535486612	0.6778548321775173	0.379252414951701	0.624167516649667	0.8726244581439649	0.6778548321775173	0.6778548321775173	1.0	0.7299467513312167	0	0.42450438739031526	0.7880542389152217	0.6778564428711426	0.7464663383415414	0.46812329691757704	1.0	0.6778548321775173	1.0	0.5756763648545272	0.7298740518892216	0.7464638030429543	1.0	1.0	0.7298727012729873	0.7464625353746462	0.6778532214677854	1.0	1.0	0.6778596642100737	0.7767655808604785
C3/C1-C42.2-C3gl-C3gm-C1dl	870110	0.6780380490487737	0.6780396588102356	0.6780380490487737	0.6780364392712146	0.7231383058508245	0.5434936951891444	0.3864853378665533	1.0	1.0	0.7416790412335569	0.6780396588102356	0.6780364392712146	0.7897452563685908	0.5976300592485188	0.7579496820127195	0.6780364392712146	0.6780364392712146	0.885324013659522	0.7299481015569533	0.42450438739031526	0	0.7880552986175345	0.6780380490487737	0.6203313900582983	0.46830595082147536	1.0	0.6780364392712146	0.8853228669283268	1.0	1.0	0.6985760284794305	1.0	1.0	1.0	0.6985745213821792	0.6780348294775579	1.0	1.0	0.6780412685556005	0.6620901372958812
C16/C3-C16b	870119	0.7880542389152217	0.7880552986175345	0.7880542389152217	0.788053179202312	1.0	1.0	0.7880542389152217	0.2119457610847783	1.0	0.7880563583092507	0.7880552986175345	0.788053179202312	1.0	0.8777024459510809	1.0	0.788053179202312	0.788053179202312	1.0	0.7880552986175345	0.7880542389152217	0.7880552986175345	0	0.7880542389152217	1.0	0.7880552986175345	1.0	0.788053179202312	1.0	1.0	1.0	1.0	1.0	1.0	1.0	1.0	0.7880521194788052	1.0	1.0	0.7880563583092507	1.0
C3/C21-C3b	869099	0.24055518889622207	0.4235144121396965	0.34352312953740927	0.3085803712944306	1.0	1.0	0.6879062418751625	1.0	1.0	0.66490005299841	0.4255243618909527	0.20493192602110968	1.0	0.8777024459510809	1.0	0.1423128653070204	0.3215101773473398	1.0	0.486652833679158	0.6778564428711426	0.6780380490487737	0.7880542389152217	0	1.0	0.470123246918827	1.0	0.5546466802997955	1.0	1.0	1.0	1.0	1.0	1.0	1.0	1.0	0.3085769142308577	1.0	1.0	0.44845654630361087	1.0
C1-C1c-C1b-C72k-C42.2-C1br-C1cb	870137	1.0	1.0	1.0	1.0	0.6854994350169495	0.4839654810355689	0.4405639859003525	1.0	1.0	1.0	1.0	1.0	0.696097597560061	0.5935301617459563	0.7061717531298748	1.0	1.0	0.9217527386541471	1.0	0.7464663383415414	0.6203313900582983	1.0	1.0	0	0.7902662920112397	1.0	1.0	0.921751956201095	1.0	0.873602527949441	0.5562288754224916	1.0	1.0	1.0	0.556226656600151	1.0	1.0	1.0	1.0	0.5742027739167825
C3-C1-C6a-C3y	869147	0.470123246918827	0.5419637410877673	0.470123246918827	0.47012059758804825	0.8378148655540334	0.7902662920112397	0.47817304567385815	1.0	1.0	0.7416790412335569	0.630641080767577	0.47012059758804825	0.7902652433689158	0.6679683007924802	0.8726250949962001	0.47012059758804825	0.5120297594048119	1.0	0.7299481015569533	0.46812329691757704	0.46830595082147536	0.7880552986175345	0.470123246918827	0.7902662920112397	0	1.0	0.5546489070218595	1.0	1.0	1.0	0.7902641947161057	1.0	1.0	1.0	0.7902631460528092	0.4701179482307765	1.0	1.0	0.6653917112901049	0.7902662920112397
C10/C42f	869148	1.0	1.0	1.0	1.0	1.0	1.0	1.0	1.0	1.0	1.0	1.0	1.0	1.0	1.0	1.0	1.0	1.0	1.0	1.0	1.0	1.0	1.0	1.0	1.0	1.0	0	1.0	1.0	1.0	1.0	1.0	1.0	0.3901160988390116	1.0	1.0	1.0	1.0	1.0	1.0	1.0
C46/C3	871209	0.5546466802997955	0.5546489070218595	0.5546466802997955	0.5546444535554644	1.0	1.0	0.6879046814297786	1.0	1.0	0.7416764580885478	0.6306373872522549	0.5546444535554644	1.0	0.877701834472483	1.0	0.5546444535554644	0.5546444535554644	1.0	0.7299454010919781	0.6778548321775173	0.6780364392712146	0.788053179202312	0.5546466802997955	1.0	0.5546489070218595	1.0	0	1.0	1.0	1.0	1.0	1.0	1.0	1.0	1.0	0.5546422267888661	1.0	1.0	0.6653883652908678	1.0
C44/C47/C42.2	871724	1.0	1.0	1.0	1.0	0.8425839354016149	0.9236319092022699	1.0	1.0	1.0	1.0	1.0	1.0	1.0	1.0	0.855675051373202	1.0	1.0	0.8051558453246402	1.0	1.0	0.8853228669283268	1.0	1.0	0.921751956201095	1.0	1.0	1.0	0	1.0	1.0	1.0	1.0	1.0	1.0	1.0	1.0	1.0	1.0	1.0	0.8051548711282218
C41-C41b	871737	1.0	1.0	1.0	1.0	1.0	1.0	1.0	1.0	1.0	1.0	1.0	1.0	0.4562281565776513	1.0	1.0	1.0	1.0	1.0	1.0	0.5756763648545272	1.0	1.0	1.0	1.0	1.0	1.0	1.0	1.0	0	0.43037569624303756	1.0	1.0	1.0	0.32231338843305785	1.0	1.0	1.0	1.0	1.0	1.0
C41/C1b	871740	1.0	1.0	1.0	1.0	0.9259314813703726	0.8771224575508489	0.7451338229926551	1.0	1.0	1.0	1.0	1.0	0.5029474557881631	0.6701849472257916	0.9117926462206134	1.0	1.0	1.0	1.0	0.7298740518892216	1.0	1.0	1.0	0.873602527949441	1.0	1.0	1.0	1.0	0.43037569624303756	0	1.0	1.0	1.0	0.4303728481357593	1.0	1.0	1.0	1.0	1.0	0.875682486350273
C1/C7	871743	1.0	1.0	1.0	1.0	0.8378132437351253	0.6832063358732825	0.5669564956525652	1.0	1.0	1.0	1.0	1.0	0.7897431538526922	0.719924201136983	0.8726238212853614	1.0	1.0	1.0	1.0	0.7464638030429543	0.6985760284794305	1.0	1.0	0.5562288754224916	0.7902641947161057	1.0	1.0	1.0	1.0	1.0	0	1.0	1.0	1.0	0.4827725861370693	1.0	1.0	1.0	1.0	0.7767644647107058
C3xs-C1nw	871234	1.0	0.8141437171256575	0.8822517662235067	1.0	1.0	1.0	1.0	1.0	1.0	1.0	1.0	1.0	1.0	1.0	1.0	1.0	1.0	1.0	1.0	1.0	1.0	1.0	1.0	1.0	1.0	1.0	1.0	1.0	1.0	1.0	1.0	0	1.0	1.0	1.0	1.0	1.0	1.0	1.0	1.0
C10-C10a	871752	1.0	1.0	1.0	1.0	1.0	1.0	1.0	1.0	1.0	1.0	1.0	1.0	1.0	1.0	1.0	1.0	1.0	1.0	1.0	1.0	1.0	1.0	1.0	1.0	1.0	0.3901160988390116	1.0	1.0	1.0	1.0	1.0	1.0	0	1.0	1.0	1.0	1.0	1.0	1.0	1.0
C41	871765	1.0	1.0	1.0	1.0	1.0	1.0	1.0	1.0	1.0	1.0	1.0	1.0	0.5965940340596594	1.0	1.0	1.0	1.0	1.0	1.0	0.7298727012729873	1.0	1.0	1.0	1.0	1.0	1.0	1.0	1.0	0.32231338843305785	0.4303728481357593	1.0	1.0	1.0	0	1.0	1.0	1.0	1.0	1.0	1.0
C1	871766	1.0	1.0	1.0	1.0	0.8378124328135078	0.6832047519287211	0.5669543304566954	1.0	1.0	1.0	1.0	1.0	0.7897421025789743	0.7199228007719923	0.8726231844203894	1.0	1.0	1.0	1.0	0.7464625353746462	0.6985745213821792	1.0	1.0	0.556226656600151	0.7902631460528092	1.0	1.0	1.0	1.0	1.0	0.4827725861370693	1.0	1.0	1.0	0	1.0	1.0	1.0	1.0	0.7767633485497718
C3	871767	0.37682623173768265	0.5419568706469403	0.4694353056469435	0.30506347468262657	1.0	1.0	0.6879031209687904	1.0	1.0	0.7416751664966701	0.630635540466893	0.3400132999335003	1.0	0.8777012229877701	1.0	0.3087034564827176	0.5120224398878006	1.0	0.7299440508392374	0.6778532214677854	0.6780348294775579	0.7880521194788052	0.3085769142308577	1.0	0.4701179482307765	1.0	0.5546422267888661	1.0	1.0	1.0	1.0	1.0	1.0	1.0	1.0	0	1.0	1.0	0.6653866922661547	1.0
C50a	871779	1.0	1.0	1.0	1.0	1.0	1.0	1.0	1.0	1.0	1.0	1.0	1.0	1.0	1.0	1.0	1.0	1.0	1.0	1.0	1.0	1.0	1.0	1.0	1.0	1.0	1.0	1.0	1.0	1.0	1.0	1.0	1.0	1.0	1.0	1.0	1.0	0	1.0	1.0	1.0
C39	871782	1.0	1.0	1.0	1.0	1.0	1.0	1.0	1.0	1.0	1.0	1.0	1.0	0.934930650693493	1.0	1.0	1.0	1.0	1.0	1.0	1.0	1.0	1.0	1.0	1.0	1.0	1.0	1.0	1.0	1.0	1.0	1.0	1.0	1.0	1.0	1.0	1.0	1.0	0	1.0	1.0
C3-C3fc-C21-C3an-C3b-C3fd-C3bb-C3s	869786	0.4470465886023419	0.5494457693980711	0.5494435166944992	0.6653883652908678	1.0	1.0	0.6879093627191184	1.0	1.0	0.43690252389904405	0.11868084617038403	0.5494412639684008	1.0	0.8777036688899333	1.0	0.5494412639684008	0.5494412639684008	1.0	0.4455794047208348	0.6778596642100737	0.6780412685556005	0.7880563583092507	0.44845654630361087	1.0	0.6653917112901049	1.0	0.6653883652908678	1.0	1.0	1.0	1.0	1.0	1.0	1.0	1.0	0.6653866922661547	1.0	1.0	0	1.0
C42.2/C1/C1d-C1b-C1j-C3cg	869878	1.0	1.0	1.0	1.0	0.3444196674099777	0.5775226743197704	0.6524486887827804	1.0	1.0	1.0	1.0	1.0	0.696097597560061	0.6524486887827804	0.40414383424663014	1.0	1.0	0.7243196488122916	1.0	0.7767655808604785	0.6620901372958812	1.0	1.0	0.5742027739167825	0.7902662920112397	1.0	1.0	0.8051548711282218	1.0	0.875682486350273	0.7767644647107058	1.0	1.0	1.0	0.7767633485497718	1.0	1.0	1.0	1.0	0
