C3-C21-C3hj-C3an	871435	0.0	0.006499333115664435	0.002662404356267481	0.0015836278544482125	0.0030476582832765315	0.0016426154809511596	0.001153678137481913	0.003967060223121345	0.004794152480203959	0.00041978931899791424	0.00042183658511713316	0.0012228023762353556	0.005216296413737253	0.0037486856800582587	0.0073458106013659565	0.000420465900819836	0.002214540199010198	0.006776482246210238	0.00042168675664867026	0.0008315917042003137	0.0051515191314633205	0.008409913596666142	0.00924704804653167	0.00670044365286928	0.005315207626107309	0.010793508975562471	0.005894649289418316	0.012713341519042954	0.007848004204753714	0.004238066415512631	0.004240440751409718	0.006412181551649695	0.00970788146932916	0.004245874991341732	0.009284005476057252	0.00805516635140972	0.004241440751409719	0.012975657312963563	0.014899755417403118	0.00804712011419716
C3-C3xs-C3yu-C21-C3zt	871438	0.006499333115664435	0.0	0.003836932132250325	0.007243658534200147	0.008707654939254598	0.008015657087843648	0.007484814448495661	0.009627087397995336	0.010454149136182025	0.006079823973907745	0.006079783677937342	0.006881353631260622	0.010876293069715319	0.009408287693893182	0.013002214978858801	0.006080393909505666	0.00787467811832812	0.012436478902188304	0.00608179368216535	0.007271729373957813	0.007575569700788989	0.014069910252644207	0.014907044702509736	0.012360440308847347	0.010975204282085376	0.016453505631540535	0.011554645945396382	0.01837333817502102	0.013508000860731782	0.009897631461262397	0.009900437407387785	0.01207217820762776	0.015364285846822005	0.009900846424852545	0.01494400213203532	0.013715163007387784	0.009901437407387784	0.01863565396894163	0.020559752073381184	0.013706346632610217
C3-C3hj-C21-C3xs-C3yu	871440	0.002662404356267481	0.003836932132250325	0.0	0.003407021113536346	0.004871162475103842	0.004179257195921223	0.003648320891839075	0.005790419986328836	0.006617656672031269	0.00224289184165742	0.0022435411628994434	0.003045267445226432	0.007039800605564563	0.0055717952297424265	0.009166622244789022	0.0022437264978391663	0.004038041991317413	0.008599986438037546	0.0022451562615015495	0.0034352888942117367	0.0053602761398472715	0.010233417788493451	0.01107055223835898	0.00852394784469659	0.007138711817934619	0.01261701316738978	0.007718153481245626	0.014536845710870265	0.009671508396581025	0.006061165382296776	0.006063944943237028	0.008235685743477005	0.011528693112752224	0.006065838315395381	0.011107509667884563	0.009878670543237029	0.006064944943237029	0.014799161504790872	0.01672325960923043	0.009869999124972507
C3-C3ga	869982	0.0015836278544482125	0.007243658534200147	0.003407021113536346	0.0	0.0037894203228877113	0.0030990692554137833	0.0025684939257979147	0.004709393249625037	0.005535914519815139	0.001164311007419258	0.00116544919360064	0.001966717813226439	0.005958058453348433	0.00449180097836596	0.008089400814328568	0.0011637891671717692	0.0029576125765537918	0.007518244285821417	0.0011630851300069994	0.002355275901220041	0.005895590648165184	0.009151861980374092	0.009988938834643449	0.0074423864382567265	0.006056969665718488	0.01153527101517365	0.006636411329029495	0.013455103558654135	0.008589766244364895	0.004979142070372963	0.004982202791020898	0.007153943591260874	0.01045147168229177	0.004989726552034796	0.010025767515668433	0.008796928391020899	0.004983202791020898	0.013717419352574742	0.015641517457014295	0.008787365674062594
C1/C3/C1b	870531	0.0030476582832765315	0.008707654939254598	0.004871162475103842	0.0037894203228877113	0.0	0.004563125167443657	0.0040324489683485724	0.006174203556474352	0.001747106247739943	0.0026287739490050994	0.0026295055758424157	0.003430234487027782	0.0022463310771037494	0.002177044168404165	0.009553105431746825	0.0026282523704590946	0.0028188705749881892	0.00474737113969603	0.002626945331866813	0.00381938507244464	0.00553889814469553	0.005363531405734389	0.0062005918951611	0.0036538275321164743	0.00226812601822332	0.007747226554699699	0.0028472480309841364	0.009667059098180181	0.004801113966236239	0.002493669623617639	0.001193292217158284	0.003365389381761824	0.01191517629971003	0.006453431169453055	0.006237723055194481	0.005008883930546945	0.0011960244439356061	0.00992937489210079	0.011853472996540347	0.010252290569453055
C3-C3de-C3bb-C21ae-C3an-C3s-C21-C3dk	871064	0.0016426154809511596	0.008015657087843648	0.004179257195921223	0.0030990692554137833	0.004563125167443657	0.0	0.002193928043084394	0.004251767032863075	0.0063095118717913425	0.001937220583786338	0.0019378304228024363	0.002021854530220934	0.006731783431463909	0.0052645668112852855	0.008861307195623771	0.0019370715740915998	0.003730702681643872	0.008292215703720029	0.0019380073624912526	0.0018981414528841346	0.006667045364959738	0.009925272988253523	0.010762407438119053	0.008215803044456663	0.006830567017694692	0.012308868367149855	0.007410008681005699	0.014228700910630339	0.009363363596341098	0.005752108062711962	0.005755800142997101	0.007927540943237077	0.011223378063586975	0.005761632933330001	0.010799364867644635	0.009570525742997101	0.005756800142997101	0.014491016704550946	0.0164151148089905	0.008645836202169348
C3-C3fc-C21-C3an-C3b-C3bb-C3s	871067	0.001153678137481913	0.007484814448495661	0.003648320891839075	0.0025684939257979147	0.0040324489683485724	0.002193928043084394	0.0	0.004951106400608359	0.005778943165276001	0.0014062539457586774	0.001406756134330425	0.0017332841829433199	0.006201087098809294	0.004733954185416478	0.008330853092028903	0.001405684852802213	0.003200060593912387	0.007761425211426578	0.0014070656554722638	0.00036334758782353093	0.006136742476090407	0.009394704281738182	0.010231838731603712	0.007685234337941321	0.006299998311179351	0.011778299660634513	0.006879439974490357	0.013698132204114996	0.008832794889825756	0.005221556710947457	0.005225231436481759	0.007396972236721736	0.010692923959992107	0.0052311788297351326	0.010268796161129294	0.00903995703648176	0.005226231436481759	0.013960447998035605	0.01588454610247516	0.009031127485107445
C3-C21-C3xx-C3cl	871071	0.003967060223121345	0.009627087397995336	0.005790419986328836	0.004709393249625037	0.006174203556474352	0.004251767032863075	0.004951106400608359	0.0	0.007920697753401781	0.0035477985705729426	0.003548811569273072	0.004350099837039026	0.008342841686935073	0.006875919396826757	0.010473303535966403	0.003547277253728422	0.005341608167668927	0.009903027519408058	0.00354793835659434	0.0047384333644436005	0.00827949336980302	0.011536458869863962	0.01237359331972949	0.0098269889260671	0.008441752899305129	0.013920054248760291	0.009021194562616137	0.015839886792240777	0.010974549477951536	0.0073636455319368065	0.007366986024607539	0.009538726824847516	0.012835374403929609	0.007373629273672633	0.012410550749255076	0.01118171162460754	0.007367986024607539	0.016102202586161383	0.01802630069060094	0.011172889233616638
C1b/C1/C3-C1u	869025	0.004794152480203959	0.010454149136182025	0.006617656672031269	0.005535914519815139	0.001747106247739943	0.0063095118717913425	0.005778943165276001	0.007920697753401781	0.0	0.004375268145932527	0.004375999772769843	0.005176644584357571	0.003992671964527095	0.003923448496911801	0.011299399448692252	0.004374746567386523	0.004565364771915616	0.006493712027119375	0.004373439528794241	0.005565879269372067	0.007283581898212191	0.005661248013772961	0.006498222160290069	0.003951080479253317	0.002565493301827746	0.00804516869507857	0.0031450875193724825	0.009965001238559052	0.005098925945663393	0.004240059518537754	0.001491540382943411	0.003663181603099404	0.013661290910140997	0.008199545779884024	0.0065356651955733504	0.005306826070925815	0.0014931248660467902	0.010227317032479661	0.012151415136919216	0.011998405179884023
C3-C21-C3hj	870080	0.00041978931899791424	0.006079823973907745	0.00224289184165742	0.001164311007419258	0.0026287739490050994	0.001937220583786338	0.0014062539457586774	0.0035477985705729426	0.004375268145932527	0.0	2.2772722727727223e-06	0.0008037628168820707	0.004797412079465822	0.0033298013457868265	0.00692632488340166	8.547071207696267e-07	0.00179565346521867	0.006357597911938805	2.4461553844615537e-06	0.001193221948131339	0.004732229945715429	0.007991029262394709	0.008828163712260237	0.0062815593185978486	0.004896323291835877	0.01037462464129104	0.005475764955146883	0.012294457184771523	0.007429119870482282	0.003819098436216379	0.0038215564171382864	0.005993297217378263	0.009288395751364862	0.0038263658495850416	0.00886512114178582	0.007636282017138287	0.0038225564171382865	0.012556772978692132	0.014480871083131685	0.007627932178892111
C21/C3	870082	0.00042183658511713316	0.006079783677937342	0.0022435411628994434	0.00116544919360064	0.0026295055758424157	0.0019378304228024363	0.001406756134330425	0.003548811569273072	0.004375999772769843	2.2772722727727223e-06	0.0	0.0008031246772670609	0.004798143706303137	0.0033311249358388573	0.006925999815908409	1.896179198316921e-06	0.0017969938727096148	0.006358329538776122	3.5843415658434153e-06	0.001193713970357688	0.0047321896497450255	0.007991760889232025	0.008828895339097554	0.006282290945435164	0.004897054918673193	0.010375356268128357	0.0054764965819842	0.01229518881160884	0.007429851497319598	0.0038194820978502153	0.0038222880439756023	0.005994028844215579	0.009288070683871613	0.003826325553614639	0.008865852768623136	0.0076370136439756035	0.003823288043975603	0.012557504605529447	0.014481602709969003	0.007628257246385361
C3b-C3-C21-C3ag-C3bb	869067	0.0012228023762353556	0.006881353631260622	0.003045267445226432	0.001966717813226439	0.003430234487027782	0.002021854530220934	0.0017332841829433199	0.004350099837039026	0.005176644584357571	0.0008037628168820707	0.0008031246772670609	0.0	0.005598892751048032	0.004131873451940981	0.007726630051147115	0.0008030592449873676	0.002598074548718499	0.007159325023304153	0.0008048529611916426	0.0014796438174347695	0.005532631941366817	0.008792405700819754	0.009629540150685283	0.0070829357570228926	0.005697699730260922	0.011176001079716086	0.0062771413935719285	0.01309583362319657	0.008230496308907329	0.004620126909437944	0.004622932855563331	0.006794673655803307	0.010088700919110318	0.004626955788853344	0.009666497580210867	0.008437658455563333	0.004623932855563331	0.013358149417117177	0.01528224752155673	0.008428842080785764
C3/C41-C1-C41b	871645	0.005216296413737253	0.010876293069715319	0.007039800605564563	0.005958058453348433	0.0022463310771037494	0.006731783431463909	0.006201087098809294	0.008342841686935073	0.003992671964527095	0.004797412079465822	0.004798143706303137	0.005598892751048032	0.0	0.004345302198007776	0.011721763695767076	0.004796890500919817	0.00498750870544891	0.00691443111283551	0.004795583462327535	0.005988023202905361	0.007707556408715781	0.007606824397887349	0.00844391326114897	0.005897236025192042	0.004512987671854099	0.009990371391299324	0.005090874330520728	0.011910203934779807	0.0026318220382859727	0.004662181752961215	0.0034376446988402323	0.00237271000311358	0.014083834563730281	0.008622089433473305	0.004068216160900285	0.0040150454745250955	0.003440507526274745	0.012172519728700416	0.014096617833139972	0.012420948833473305
C3/C1-C42.2-C3gl-C3gm-C1dl	870110	0.0037486856800582587	0.009408287693893182	0.0055717952297424265	0.00449180097836596	0.002177044168404165	0.0052645668112852855	0.004733954185416478	0.006875919396826757	0.003923448496911801	0.0033298013457868265	0.0033311249358388573	0.004131873451940981	0.004345302198007776	0.0	0.01025434975451688	0.003329871730455536	0.0035203035045378132	0.00502982645894814	0.003329692640683726	0.004520870472629025	0.006239392967265667	0.006661716515001638	0.007498995950579769	0.004952079637038724	0.003258788811054606	0.009045918295044397	0.004424514004218588	0.01096575083852488	0.006976835763200478	0.0033673725589836037	0.003369579654998001	0.005541693905857729	0.012616420622480085	0.007154280850079969	0.00841351783026529	0.007184678705617753	0.003371699407097161	0.011228754557275556	0.013152852661715113	0.010954690829848061
C16/C3-C16b	870119	0.0073458106013659565	0.013002214978858801	0.009166622244789022	0.008089400814328568	0.009553105431746825	0.008861307195623771	0.008330853092028903	0.010473303535966403	0.011299399448692252	0.00692632488340166	0.006925999815908409	0.007726630051147115	0.011721763695767076	0.01025434975451688	0.0	0.006926610047476734	0.008720157850966036	0.013282195968023196	0.00692753596229377	0.008117688788945775	0.011650547429857014	0.014915160565154434	0.01575229501501996	0.013205690621357572	0.0118204545945956	0.017298755944050764	0.01239989625790661	0.019218588487531246	0.014353251173242008	0.010742881773772623	0.01074568771989801	0.012917428520137986	0.002362070867963204	0.010744365365523447	0.015789252444545546	0.01456041331989801	0.01074668771989801	0.019480904281451855	0.02140500238589141	0.01455110497750225
C3/C21-C3b	869099	0.000420465900819836	0.006080393909505666	0.0022437264978391663	0.0011637891671717692	0.0026282523704590946	0.0019370715740915998	0.001405684852802213	0.003547277253728422	0.004374746567386523	8.547071207696267e-07	1.896179198316921e-06	0.0008030592449873676	0.004796890500919817	0.003329871730455536	0.006926610047476734	0.0	0.0017956569816536697	0.006357076333392802	1.9243151369726054e-06	0.0011926326516807006	0.004732799881313351	0.007990507683848704	0.008827642133714233	0.006281037740051844	0.004895801713289872	0.010374103062745036	0.005475243376600879	0.012293935606225518	0.007428598291936279	0.0038185771193718584	0.0038210348385922816	0.005992775638832258	0.009288680915439936	0.003826935785182964	0.008864599563239815	0.007635760438592282	0.0038220348385922817	0.012556251400146125	0.014480349504585682	0.0076274108620475916
C3-C1-C6a-C3y	869147	0.002214540199010198	0.00787467811832812	0.004038041991317413	0.0029576125765537918	0.0028188705749881892	0.003730702681643872	0.003200060593912387	0.005341608167668927	0.004565364771915616	0.00179565346521867	0.0017969938727096148	0.002598074548718499	0.00498750870544891	0.0035203035045378132	0.008720157850966036	0.0017956569816536697	0.0	0.006548114054018676	0.0017954001330233954	0.002987046112669314	0.004925316610747003	0.008181221101765392	0.009018425156219357	0.0064716559445809375	0.005086419917818967	0.01056514078337091	0.0056658615811299735	0.012484973326851393	0.007619216496465371	0.004009550052955142	0.004011653043121375	0.006183813359458132	0.01108222871892924	0.005620746136162768	0.009055637283865691	0.007826798159218155	0.004013492075314937	0.012747289120772002	0.014671387225211557	0.009420918273615277
C46/C3	871209	0.006776482246210238	0.012436478902188304	0.008599986438037546	0.007518244285821417	0.00474737113969603	0.008292215703720029	0.007761425211426578	0.009903027519408058	0.006493712027119375	0.006357597911938805	0.006358329538776122	0.007159325023304153	0.00691443111283551	0.00502982645894814	0.013282195968023196	0.006357076333392802	0.006548114054018676	0.0	0.006355769294800519	0.0075484305470670246	0.009267988680971903	0.005868462930960215	0.006704592945331121	0.004980762765046642	0.0064305356226571735	0.008251685621663004	0.006994456339014452	0.010171518165143487	0.009545878245054824	0.0062231211237976205	0.0059394240807819215	0.008110055591950806	0.015644266835986402	0.010182521705729426	0.010981879516358362	0.009753040391710828	0.005941533369853013	0.010432724669993001	0.012356822774432556	0.013981381105729426
C3	871767	0.00042168675664867026	0.00608179368216535	0.0022451562615015495	0.0011630851300069994	0.002626945331866813	0.0019380073624912526	0.0014070656554722638	0.00354793835659434	0.004373439528794241	2.4461553844615537e-06	3.5843415658434153e-06	0.0008048529611916426	0.004795583462327535	0.003329692640683726	0.00692753596229377	1.9243151369726054e-06	0.0017954001330233954	0.006355769294800519	0.0	0.0011941102394281717	0.004733725796130387	0.007989573333449965	0.00882659259212315	0.006280092193012096	0.00489449467469759	0.010372796024152753	0.005473936338008597	0.012292628567633239	0.007427291253343997	0.003817887357324268	0.0038197277999999996	0.005991468600239976	0.009289606830256973	0.0038278617	0.008863292524647536	0.0076344534	0.0038207278	0.012554944361553846	0.014479042465993401	0.0076267211
C3-C3fc-C21-C3an-C3b-C3fd-C3bb-C3s	869786	0.0008315917042003137	0.007271729373957813	0.0034352888942117367	0.002355275901220041	0.00381938507244464	0.0018981414528841346	0.00036334758782353093	0.0047384333644436005	0.005565879269372067	0.001193221948131339	0.001193713970357688	0.0014796438174347695	0.005988023202905361	0.004520870472629025	0.008117688788945775	0.0011926326516807006	0.002987046112669314	0.0075484305470670246	0.0011941102394281717	0.0	0.005923538924691819	0.009181640385834248	0.010018774835699778	0.007472170442037389	0.006086934415275417	0.011565235764730581	0.006666376078586424	0.013485068308211065	0.008619730993921822	0.005008653007028667	0.005012167540577827	0.007183908340817803	0.010479759656908977	0.0050180145266520045	0.010055732265225362	0.008826893140577828	0.005013167540577827	0.013747384102131673	0.01567148220657123	0.00881794820436869
C3xs-C1nw	871234	0.0051515191314633205	0.007575569700788989	0.0053602761398472715	0.005895590648165184	0.00553889814469553	0.006667045364959738	0.006136742476090407	0.00827949336980302	0.007283581898212191	0.004732229945715429	0.0047321896497450255	0.005532631941366817	0.007707556408715781	0.006239392967265667	0.011650547429857014	0.004732799881313351	0.004925316610747003	0.009267988680971903	0.004733725796130387	0.005923538924691819	0.0	0.0109003037881586	0.011737429863927002	0.009190140452379335	0.007805255120408926	0.013284124699395229	0.008384856335854294	0.015203957242875713	0.010338489767634759	0.0067282505291170885	0.0067310564752424765	0.008902797275482453	0.014012194340215977	0.008547403114568544	0.011774621199890012	0.010545782075242477	0.006731579522937707	0.01546627303679632	0.01739037114123588	0.012356923848435158
C1d-C42.2-C1-C3cg-C1b-C115k	869474	0.008409913596666142	0.014069910252644207	0.010233417788493451	0.009151861980374092	0.005363531405734389	0.009925272988253523	0.009394704281738182	0.011536458869863962	0.005661248013772961	0.007991029262394709	0.007991760889232025	0.008792405700819754	0.007606824397887349	0.006661716515001638	0.014915160565154434	0.007990507683848704	0.008181221101765392	0.005868462930960215	0.007989573333449965	0.009181640385834248	0.0109003037881586	0.0	0.002791211006902909	0.0026122724374087777	0.005374568831860441	0.0067381610664500645	0.005937478473397982	0.008656741785477883	0.008489563602329301	0.007855523804712201	0.004883489502179346	0.00705573304016914	0.017276807475513398	0.011815062345256424	0.009926150098065509	0.008697310973417974	0.00488625377289813	0.008922742873810167	0.010846840978249724	0.015614108089353193
C42a/C1d/C42.2-C1mt-C1-C1b-C3cg-C1au	873137	0.00924704804653167	0.014907044702509736	0.01107055223835898	0.009988938834643449	0.0062005918951611	0.010762407438119053	0.010231838731603712	0.01237359331972949	0.006498222160290069	0.008828163712260237	0.008828895339097554	0.009629540150685283	0.00844391326114897	0.007498995950579769	0.01575229501501996	0.008827642133714233	0.009018425156219357	0.006704592945331121	0.00882659259212315	0.010018774835699778	0.011737429863927002	0.002791211006902909	0.0	0.00342820269398384	0.005992070938539506	0.006844840781536505	0.006555048329224512	0.008764017276449711	0.009106791314677324	0.008692670263569994	0.005500744380927629	0.007673012403135532	0.018113941925378928	0.01265219679512195	0.010543201748517986	0.009314362623870451	0.005503537863534587	0.009028640747299548	0.010952738851739103	0.01645118494362255
C42.2/C1/C1d-C1b-C1j-C3cg	869878	0.00670044365286928	0.012360440308847347	0.00852394784469659	0.0074423864382567265	0.0036538275321164743	0.008215803044456663	0.007685234337941321	0.0098269889260671	0.003951080479253317	0.0062815593185978486	0.006282290945435164	0.0070829357570228926	0.005897236025192042	0.004952079637038724	0.013205690621357572	0.006281037740051844	0.0064716559445809375	0.004980762765046642	0.006280092193012096	0.007472170442037389	0.009190140452379335	0.0026122724374087777	0.00342820269398384	0.0	0.0036435574748075574	0.006285085291142657	0.004206837205318404	0.008204732012417596	0.006759309618064579	0.00614592609924384	0.0031529320089673093	0.00532504021541378	0.015567337531716536	0.010105592401459562	0.008196048867974537	0.006967209743327001	0.003155489541707487	0.008469569327833961	0.010393667432273516	0.01390463254723583
C1/C83a-C1dl-C1b-C1ds-C42.2	871552	0.005315207626107309	0.010975204282085376	0.007138711817934619	0.006056969665718488	0.00226812601822332	0.006830567017694692	0.006299998311179351	0.008441752899305129	0.002565493301827746	0.004896323291835877	0.004897054918673193	0.005697699730260922	0.004512987671854099	0.003258788811054606	0.0118204545945956	0.004895801713289872	0.005086419917818967	0.0064305356226571735	0.00489449467469759	0.006086934415275417	0.007805255120408926	0.005374568831860441	0.005992070938539506	0.0036435574748075574	0.0	0.0070476614996501045	0.002147302063430971	0.008967494043130587	0.004685572555373389	0.004760570715188367	0.0010783965857842648	0.0032510444581881634	0.014182101504954563	0.008720356374697591	0.006122441966235059	0.004893602841587524	0.0010801535586923922	0.00923026809957244	0.011154366204011994	0.01251921577469759
C42.2-C120b-C120c-C120d-C42c-C42d	869064	0.010793508975562471	0.016453505631540535	0.01261701316738978	0.01153527101517365	0.007747226554699699	0.012308868367149855	0.011778299660634513	0.013920054248760291	0.00804516869507857	0.01037462464129104	0.010375356268128357	0.011176001079716086	0.009990371391299324	0.009045918295044397	0.017298755944050764	0.010374103062745036	0.01056514078337091	0.008251685621663004	0.010372796024152753	0.011565235764730581	0.013284124699395229	0.0067381610664500645	0.006844840781536505	0.006285085291142657	0.0070476614996501045	0.0	0.007610593334529641	0.007378543944288036	0.010162061848445467	0.010239257142220948	0.006555068224152754	0.00872825188010716	0.019660402854409727	0.014198657724152755	0.01159663294880029	0.010367793824152753	0.006558068224152755	0.007644294585706599	0.009568392690146156	0.017997517124152755
C1-C1c-C1b-C72k-C42.2-C1br-C1cb	870137	0.005894649289418316	0.011554645945396382	0.007718153481245626	0.006636411329029495	0.0028472480309841364	0.007410008681005699	0.006879439974490357	0.009021194562616137	0.0031450875193724825	0.005475764955146883	0.0054764965819842	0.0062771413935719285	0.005090874330520728	0.004424514004218588	0.01239989625790661	0.005475243376600879	0.0056658615811299735	0.006994456339014452	0.005473936338008597	0.006666376078586424	0.008384856335854294	0.005937478473397982	0.006555048329224512	0.004206837205318404	0.002147302063430971	0.007610593334529641	0.0	0.009530425878010125	0.005263017617664701	0.005339510122276931	0.0016562837154553633	0.0038292998495235483	0.014761543168265574	0.009299798038008598	0.006699756867574658	0.005470917742927122	0.0016595096476756971	0.009793211331033001	0.011717309435472556	0.013098657438008598
C44/C47/C42.2	871724	0.012713341519042954	0.01837333817502102	0.014536845710870265	0.013455103558654135	0.009667059098180181	0.014228700910630339	0.013698132204114996	0.015839886792240777	0.009965001238559052	0.012294457184771523	0.01229518881160884	0.01309583362319657	0.011910203934779807	0.01096575083852488	0.019218588487531246	0.012293935606225518	0.012484973326851393	0.010171518165143487	0.012292628567633239	0.013485068308211065	0.015203957242875713	0.008656741785477883	0.008764017276449711	0.008204732012417596	0.008967494043130587	0.007378543944288036	0.009530425878010125	0.0	0.012081894391925948	0.012159089685701428	0.008474900767633237	0.010648084423587641	0.02158023539789021	0.016118490267633238	0.013516465492280774	0.012287626367633237	0.008477900767633237	0.009564127129187082	0.011488225233626637	0.019917349667633238
C41/C1-C41b-C1b-C41g-C39	871072	0.007848004204753714	0.013508000860731782	0.009671508396581025	0.008589766244364895	0.004801113966236239	0.009363363596341098	0.008832794889825756	0.010974549477951536	0.005098925945663393	0.007429119870482282	0.007429851497319598	0.008230496308907329	0.0026318220382859727	0.006976835763200478	0.014353251173242008	0.007428598291936279	0.007619216496465371	0.009545878245054824	0.007427291253343997	0.008619730993921822	0.010338489767634759	0.008489563602329301	0.009106791314677324	0.006759309618064579	0.004685572555373389	0.010162061848445467	0.005263017617664701	0.012081894391925948	0.0	0.007293331897554347	0.0036098351718284512	0.0014368285513345514	0.016714898083600972	0.011253152953343998	0.0021030412503698186	0.0026099091698690395	0.003612547658082575	0.012344210185846558	0.014268308290286113	0.015052012353343996
C1/C7	871743	0.004238066415512631	0.009897631461262397	0.006061165382296776	0.004979142070372963	0.002493669623617639	0.005752108062711962	0.005221556710947457	0.0073636455319368065	0.004240059518537754	0.003819098436216379	0.0038194820978502153	0.004620126909437944	0.004662181752961215	0.0033673725589836037	0.010742881773772623	0.0038185771193718584	0.004009550052955142	0.0062231211237976205	0.003817887357324268	0.005008653007028667	0.0067282505291170885	0.007855523804712201	0.008692670263569994	0.00614592609924384	0.004760570715188367	0.010239257142220948	0.005339510122276931	0.012159089685701428	0.007293331897554347	0.0	0.003685154421517849	0.00585792971830817	0.013104528684131589	0.007642783553874613	0.008729753642715728	0.007500914518068193	0.0036882234146185383	0.012421405479622038	0.014345503584061595	0.011440677450424958
C1	871766	0.004240440751409718	0.009900437407387785	0.006063944943237028	0.004982202791020898	0.001193292217158284	0.005755800142997101	0.005225231436481759	0.007366986024607539	0.001491540382943411	0.0038215564171382864	0.0038222880439756023	0.004622932855563331	0.0034376446988402323	0.003369579654998001	0.01074568771989801	0.0038210348385922816	0.004011653043121375	0.0059394240807819215	0.0038197277999999996	0.005012167540577827	0.0067310564752424765	0.004883489502179346	0.005500744380927629	0.0031529320089673093	0.0010783965857842648	0.006555068224152754	0.0016562837154553633	0.008474900767633237	0.0036098351718284512	0.003685154421517849	0.0	0.0021763229420257977	0.013107334630256973	0.007645589500000001	0.005045564724647535	0.0038167256	4.9999999999999996e-06	0.008737216561553846	0.010661314665993401	0.011444448900000001
C41/C1b	871740	0.006412181551649695	0.01207217820762776	0.008235685743477005	0.007153943591260874	0.003365389381761824	0.007927540943237077	0.007396972236721736	0.009538726824847516	0.003663181603099404	0.005993297217378263	0.005994028844215579	0.006794673655803307	0.00237271000311358	0.005541693905857729	0.012917428520137986	0.005992775638832258	0.006183813359458132	0.008110055591950806	0.005991468600239976	0.007183908340817803	0.008902797275482453	0.00705573304016914	0.007673012403135532	0.00532504021541378	0.0032510444581881634	0.00872825188010716	0.0038292998495235483	0.010648084423587641	0.0014368285513345514	0.00585792971830817	0.0021763229420257977	0.0	0.015279075430496952	0.009817330300239976	0.0028726846383361664	0.0016438455136886312	0.0021784622280971904	0.010910400217508252	0.012834498321947805	0.013616189700239976
C16-C16b-C16d	871563	0.00970788146932916	0.015364285846822005	0.011528693112752224	0.01045147168229177	0.01191517629971003	0.011223378063586975	0.010692923959992107	0.012835374403929609	0.013661290910140997	0.009288395751364862	0.009288070683871613	0.010088700919110318	0.014083834563730281	0.012616420622480085	0.002362070867963204	0.009288680915439936	0.01108222871892924	0.015644266835986402	0.009289606830256973	0.010479759656908977	0.014012194340215977	0.017276807475513398	0.018113941925378928	0.015567337531716536	0.014182101504954563	0.019660402854409727	0.014761543168265574	0.02158023539789021	0.016714898083600972	0.013104528684131589	0.013107334630256973	0.015279075430496952	0.0	0.013103468530256974	0.018150899354904514	0.016922060230256976	0.013108334630256974	0.02184255119181082	0.023766649296250376	0.016912327930256973
C11	872084	0.004245874991341732	0.009900846424852545	0.006065838315395381	0.004989726552034796	0.006453431169453055	0.005761632933330001	0.0052311788297351326	0.007373629273672633	0.008199545779884024	0.0038263658495850416	0.003826325553614639	0.004626955788853344	0.008622089433473305	0.007154280850079969	0.010744365365523447	0.003826935785182964	0.005620746136162768	0.010182521705729426	0.0038278617	0.0050180145266520045	0.008547403114568544	0.011815062345256424	0.01265219679512195	0.010105592401459562	0.008720356374697591	0.014198657724152755	0.009299798038008598	0.016118490267633238	0.011253152953343998	0.007642783553874613	0.007645589500000001	0.009817330300239976	0.013103468530256974	0.0	0.012689154224647536	0.0114603151	0.0076465895	0.016380806061553843	0.018304904165993403	0.0114505828
C41-C41b	871737	0.009284005476057252	0.01494400213203532	0.011107509667884563	0.010025767515668433	0.006237723055194481	0.010799364867644635	0.010268796161129294	0.012410550749255076	0.0065356651955733504	0.00886512114178582	0.008865852768623136	0.009666497580210867	0.004068216160900285	0.00841351783026529	0.015789252444545546	0.008864599563239815	0.009055637283865691	0.010981879516358362	0.008863292524647536	0.010055732265225362	0.011774621199890012	0.009926150098065509	0.010543201748517986	0.008196048867974537	0.006122441966235059	0.01159663294880029	0.006699756867574658	0.013516465492280774	0.0021030412503698186	0.008729753642715728	0.005045564724647535	0.0028726846383361664	0.018150899354904514	0.012689154224647536	0.0	0.0012294838601739824	0.005048564724647535	0.01377878128620138	0.015702879390640936	0.016488013624647534
C41	871765	0.00805516635140972	0.013715163007387784	0.009878670543237029	0.008796928391020899	0.005008883930546945	0.009570525742997101	0.00903995703648176	0.01118171162460754	0.005306826070925815	0.007636282017138287	0.0076370136439756035	0.008437658455563333	0.0040150454745250955	0.007184678705617753	0.01456041331989801	0.007635760438592282	0.007826798159218155	0.009753040391710828	0.0076344534	0.008826893140577828	0.010545782075242477	0.008697310973417974	0.009314362623870451	0.006967209743327001	0.004893602841587524	0.010367793824152753	0.005470917742927122	0.012287626367633237	0.0026099091698690395	0.007500914518068193	0.0038167256	0.0016438455136886312	0.016922060230256976	0.0114603151	0.0012294838601739824	0.0	0.0038197256	0.012549942161553845	0.014474040265993401	0.015259174499999998
C39	871782	0.004241440751409719	0.009901437407387784	0.006064944943237029	0.004983202791020898	0.0011960244439356061	0.005756800142997101	0.005226231436481759	0.007367986024607539	0.0014931248660467902	0.0038225564171382865	0.003823288043975603	0.004623932855563331	0.003440507526274745	0.003371699407097161	0.01074668771989801	0.0038220348385922817	0.004013492075314937	0.005941533369853013	0.0038207278	0.005013167540577827	0.006731579522937707	0.00488625377289813	0.005503537863534587	0.003155489541707487	0.0010801535586923922	0.006558068224152755	0.0016595096476756971	0.008477900767633237	0.003612547658082575	0.0036882234146185383	4.9999999999999996e-06	0.0021784622280971904	0.013108334630256974	0.0076465895	0.005048564724647535	0.0038197256	0.0	0.008740216561553845	0.0106643146659934	0.011445448900000002
C10/C42f	869148	0.012975657312963563	0.01863565396894163	0.014799161504790872	0.013717419352574742	0.00992937489210079	0.014491016704550946	0.013960447998035605	0.016102202586161383	0.010227317032479661	0.012556772978692132	0.012557504605529447	0.013358149417117177	0.012172519728700416	0.011228754557275556	0.019480904281451855	0.012556251400146125	0.012747289120772002	0.010432724669993001	0.012554944361553846	0.013747384102131673	0.01546627303679632	0.008922742873810167	0.009028640747299548	0.008469569327833961	0.00923026809957244	0.007644294585706599	0.009793211331033001	0.009564127129187082	0.012344210185846558	0.012421405479622038	0.008737216561553846	0.010910400217508252	0.02184255119181082	0.016380806061553843	0.01377878128620138	0.012549942161553845	0.008740216561553845	0.0	0.0035390186610638934	0.020179665461553843
C10-C10a	871752	0.014899755417403118	0.020559752073381184	0.01672325960923043	0.015641517457014295	0.011853472996540347	0.0164151148089905	0.01588454610247516	0.01802630069060094	0.012151415136919216	0.014480871083131685	0.014481602709969003	0.01528224752155673	0.014096617833139972	0.013152852661715113	0.02140500238589141	0.014480349504585682	0.014671387225211557	0.012356822774432556	0.014479042465993401	0.01567148220657123	0.01739037114123588	0.010846840978249724	0.010952738851739103	0.010393667432273516	0.011154366204011994	0.009568392690146156	0.011717309435472556	0.011488225233626637	0.014268308290286113	0.014345503584061595	0.010661314665993401	0.012834498321947805	0.023766649296250376	0.018304904165993403	0.015702879390640936	0.014474040265993401	0.0106643146659934	0.0035390186610638934	0.0	0.022103763565993403
C50a	871779	0.00804712011419716	0.013706346632610217	0.009869999124972507	0.008787365674062594	0.010252290569453055	0.008645836202169348	0.009031127485107445	0.011172889233616638	0.011998405179884023	0.007627932178892111	0.007628257246385361	0.008428842080785764	0.012420948833473305	0.010954690829848061	0.01455110497750225	0.0076274108620475916	0.009420918273615277	0.013981381105729426	0.0076267211	0.00881794820436869	0.012356923848435158	0.015614108089353193	0.01645118494362255	0.01390463254723583	0.01251921577469759	0.017997517124152755	0.013098657438008598	0.019917349667633238	0.015052012353343996	0.011440677450424958	0.011444448900000001	0.013616189700239976	0.016912327930256973	0.0114505828	0.016488013624647534	0.015259174499999998	0.011445448900000002	0.020179665461553843	0.022103763565993403	0.0
