C3-C21-C3hj-C3an	871435	0.0	0.002917387775045389	0.000817701785663851	0.0007433253511856833	0.0028497608515696857	0.0015741142312780767	0.0009152825196360728	0.0009832859815436914	0.0046192099959834745	0.00010875053879224156	0.00011181017822921768	0.00043814871739652074	0.004335157523395321	0.0026353744492140538	0.007131608969056188	0.00010914484476256434	0.0010495839032092593	0.006759338837559317	0.00010938271235752849	0.0006793339483576663	0.004438206468467638	0.0098212317248839	0.010016537921715167	0.006773901166156769	0.004423545161248553	0.009972873654309138	0.004621247776344023	0.012609991860986975	0.007365596517211763	0.003926879765023159	0.003928825969266147	0.006269675102752798	0.008682212892937979	0.003936087443751251	0.008505477564976575	0.007743551569266147	0.003929825969266147	0.012781313132559816	0.014086764522570815	0.007735705691981604
C3-C3xs-C3yu-C21-C3zt	871438	0.002917387775045389	0.0	0.0020997169718484456	0.0034430136217786177	0.0055494392468741684	0.004490360532510307	0.0038317070194568707	0.0036832326670069963	0.0073188883912879595	0.002808690245405391	0.0028098453466657274	0.003136636739079236	0.007034835918699803	0.005334797196207974	0.009828903958386663	0.0028087526940995334	0.0037492993038888336	0.0094590172328638	0.0028093383960211935	0.003595568569729081	0.0053684808280042625	0.012520910120188383	0.012716216317019649	0.00947357956146125	0.007123223556553034	0.01267255204961362	0.007320926171648505	0.015309670256291458	0.010065274912516247	0.006626166894763901	0.006628504364570629	0.00896935349805728	0.011379507882268453	0.006632538694441669	0.01120515596028106	0.01044322996457063	0.0066295043645706285	0.0154809915278643	0.016786442917875295	0.010434935833120065
C3-C3hj-C21-C3xs-C3yu	871440	0.000817701785663851	0.0020997169718484456	0.0	0.0013434100159203752	0.003450043178754605	0.0023911720021294225	0.0017325260867966685	0.0015836290611487538	0.005219492323168394	0.0007090106539844887	0.0007112870272215606	0.001037870881896391	0.00493543985058024	0.0032354011280884103	0.007730745518978485	0.0007091566859619748	0.0016498342564630613	0.007359621164744236	0.0007097347901629512	0.0014963876370688793	0.004480352381918089	0.010421514052068818	0.010616820248900084	0.007374183493341686	0.0050238274884334706	0.010573155981494055	0.005221530103528942	0.01321027418817189	0.007965878844396682	0.004526978364383014	0.0045291082964510655	0.006869957429937717	0.009281349442860272	0.004534901098780367	0.009105759892161492	0.008343833896451065	0.004530108296451066	0.013381595459744735	0.014687046849755733	0.008335747302739178
C3-C3ga	869982	0.0007433253511856833	0.0034430136217786177	0.0013434100159203752	0.0	0.003374670674784291	0.0023163950956894344	0.0016577107504158204	0.0015085245722814642	0.00514411981919808	0.0006347077857987606	0.0006371888743925608	0.0009636413907644229	0.0048600673466099266	0.0031608904793759933	0.007656976067539067	0.0006346715261273872	0.0015749536049370152	0.007284248660773922	0.0006343407592040795	0.0014217050595672813	0.0049637129390760915	0.010346207521709061	0.01054150492205892	0.007298898371894869	0.004948454984463158	0.010497783477523745	0.005146157599558629	0.013134901684201582	0.007890506340426368	0.004451294620677932	0.0044537357924807515	0.006794584925967404	0.009207579991420857	0.004461536925757424	0.009030387388191181	0.008268461392480752	0.004454735792480752	0.013306222955774423	0.014611674345785421	0.008259730792310769
C1/C3/C1b	870531	0.0028497608515696857	0.0055494392468741684	0.003450043178754605	0.003374670674784291	0.0	0.004422421636431888	0.00376414915004999	0.0036151274391921615	0.0017704048404058774	0.0027412186711057783	0.0027431724313286368	0.00306912414825035	0.002207397425874825	0.0015419910036250108	0.009762528211147769	0.0027412522233494344	0.0025357499122745483	0.004958922831066132	0.0027406626823035392	0.003528146479924253	0.006056406810392023	0.006972788033512721	0.007168040651775417	0.003925051332383523	0.001574272610938938	0.007124548115676864	0.0017717542838787434	0.0097616663223547	0.004516829111139721	0.002477000238735814	0.0010794582390721854	0.0034209564427447993	0.01131313213502956	0.0065670890693661265	0.005657152026344301	0.004895226030633873	0.0010825426221955606	0.009932987593927543	0.011238438983938542	0.010365948469366126
C3-C3de-C3bb-C21ae-C3an-C3s-C21-C3dk	871064	0.0015741142312780767	0.004490360532510307	0.0023911720021294225	0.0023163950956894344	0.004422421636431888	0.0	0.0022908011552985426	0.002170694968104274	0.006191870780845677	0.0016827899850273267	0.001684038395276597	0.001745757406308956	0.005907818308257523	0.004208183224310276	0.008703695941451775	0.0016826966178789665	0.0026229529785864007	0.00833199962242152	0.0016832429605257897	0.0018271416553009277	0.006010167439526146	0.0113938925097461	0.011589198706577368	0.008346561951018969	0.005996205946110753	0.01154553443917134	0.006193908561206225	0.014182652645849177	0.008938257302073965	0.005498051179746595	0.005501486754128349	0.007842335887615001	0.010254299865333565	0.005508256799670132	0.010078138349838778	0.009316212354128349	0.005502486754128348	0.01435397391742202	0.015659425307433018	0.008581038148010795
C3-C3fc-C21-C3an-C3b-C3bb-C3s	871067	0.0009152825196360728	0.0038317070194568707	0.0017325260867966685	0.0016577107504158204	0.00376414915004999	0.0022908011552985426	0.0	0.001897958423195361	0.005533598294463779	0.0010239412767846432	0.0010255172129622712	0.0012092490375124974	0.005249545821875625	0.0035499773047829395	0.008045552156558687	0.0010237154492874088	0.001964384968421431	0.0076737271360396205	0.0010243682913817238	0.00046972534328735573	0.005352180649771377	0.010735620023364204	0.01093092622019547	0.007688289464637072	0.005337933459728857	0.010887261952789442	0.005535636074824327	0.013524380159467279	0.008279984815692067	0.004839916533809403	0.00484321426774645	0.007184063401233102	0.009596156080440477	0.004850113014777045	0.00941986586345688	0.00865793986774645	0.00484421426774645	0.013695701431040121	0.01500115282105112	0.008649222364787042
C3-C21-C3xx-C3cl	871071	0.0009832859815436914	0.0036832326670069963	0.0015836290611487538	0.0015085245722814642	0.0036151274391921615	0.002170694968104274	0.001897958423195361	0.0	0.005384576583605951	0.000874639221995601	0.0008774079196209394	0.0012038604359928015	0.005100524111017797	0.003401112690694482	0.007897351481493701	0.0008747425861542861	0.0018151758162555038	0.007524705425181794	0.0008746443209758049	0.0016620288429602934	0.005204088353030725	0.010586598312506376	0.010781904509337642	0.0075392769519396115	0.005188911748871028	0.010738240241931613	0.005386614363966499	0.013375358448609452	0.00813096310483424	0.0046920345949971656	0.004694192556888622	0.007035041690375274	0.009447955405375491	0.004701912339712058	0.009270844152599052	0.008508918156888623	0.004695192556888623	0.013546679720182293	0.014852131110193293	0.008500904913077385
C1b/C1/C3-C1u	869025	0.0046192099959834745	0.0073188883912879595	0.005219492323168394	0.00514411981919808	0.0017704048404058774	0.006191870780845677	0.005533598294463779	0.005384576583605951	0.0	0.004510667815519567	0.004512621575742425	0.00483855709590349	0.003977268215466628	0.0033119600014912794	0.011531717007631143	0.004510701367763223	0.004305199056688336	0.006728793620657934	0.004510111826717328	0.005297595624338043	0.007824638333036697	0.007134275504802803	0.007329504932341788	0.004086178465985044	0.0017357884517522433	0.00728608436745475	0.0019336792104046477	0.009923202574132588	0.004678319976533523	0.004246930974582541	0.0012414723388461154	0.003582113693110689	0.013082159778062194	0.008336116712398759	0.005818688278122188	0.005056762282411759	0.001243095076572343	0.010094523845705429	0.011399975235716429	0.012134976112398761
C3-C21-C3hj	870080	0.00010875053879224156	0.002808690245405391	0.0007090106539844887	0.0006347077857987606	0.0027412186711057783	0.0016827899850273267	0.0010239412767846432	0.000874639221995601	0.004510667815519567	0.0	3.1030307587117713e-06	0.0003295555471305739	0.004226615342931414	0.002526828669470002	0.007022933815186962	4.376972920584367e-07	0.0009410393232252561	0.00665079665709541	7.449510097980404e-07	0.0007879765087455888	0.004329587103440643	0.009712689544419992	0.00990799574125126	0.006665358985692861	0.004315002980784645	0.009864331473845231	0.004512705595880116	0.012501449680523068	0.007257054336747856	0.0038183191882385165	0.0038202837888022395	0.006161132922288891	0.008573537739068753	0.0038274110901219756	0.008396935384512668	0.007635009388802239	0.0038212837888022396	0.012672770952095909	0.013978222342106909	0.007627088126594681
C21/C3	870082	0.00011181017822921768	0.0028098453466657274	0.0007112870272215606	0.0006371888743925608	0.0027431724313286368	0.001684038395276597	0.0010255172129622712	0.0008774079196209394	0.004512621575742425	3.1030307587117713e-06	0.0	0.0003288971286192957	0.004228569103154271	0.0025290331795428905	0.007021794992366584	2.7227277272272772e-06	0.000943671297480483	0.006652750417318267	3.513648635136486e-06	0.000789416320593549	0.004328531863903609	0.00971464330464285	0.009909949501474119	0.006667312745915719	0.004316956741007503	0.009866285234068089	0.004514659356102973	0.012503403440745926	0.0072590080969707135	0.0038195304038196177	0.003822237549025097	0.006163086682511748	0.008572398916248376	0.0038263558505849415	0.008398889144735525	0.007636963149025097	0.0038232375490250977	0.012674724712318768	0.013980176102329767	0.007628226949415058
C3b-C3-C21-C3ag-C3bb	869067	0.00043814871739652074	0.003136636739079236	0.001037870881896391	0.0009636413907644229	0.00306912414825035	0.001745757406308956	0.0012092490375124974	0.0012038604359928015	0.00483855709590349	0.0003295555471305739	0.0003288971286192957	0.0	0.004554709782283544	0.0028552868627406804	0.007347446170955808	0.00032919805393568226	0.0012700544277295697	0.006978976763245787	0.00032996616500699863	0.0009159578173165049	0.004654113656370058	0.010040578824803914	0.010235885021635182	0.006993248266076784	0.004642892261168569	0.010192220754229153	0.004840594876264039	0.012829338960906992	0.007584943617131779	0.004145465923980683	0.004148173069186163	0.006489022202672814	0.008898050094837599	0.004152007029174165	0.008724824664896592	0.007962898669186163	0.004149173069186163	0.013000660232479833	0.014306111622490831	0.007953853631733652
C3/C41-C1-C41b	871645	0.004335157523395321	0.007034835918699803	0.00493543985058024	0.0048600673466099266	0.002207397425874825	0.005907818308257523	0.005249545821875625	0.005100524111017797	0.003977268215466628	0.004226615342931414	0.004228569103154271	0.004554709782283544	0.0	0.003027577506936568	0.011248113845180964	0.00422664889517507	0.004021146584100184	0.006443180582470671	0.004226059354129175	0.005013543151749889	0.007541992444425218	0.009177859716019626	0.009373161514610191	0.0061303165846930616	0.003780898208634162	0.009329577215216957	0.003977750829457769	0.011966695421894793	0.003030560422115007	0.003963086252145188	0.0032858500660667865	0.0026379971914318985	0.012798717769062754	0.00805267470339932	0.004170782948999771	0.004111818237392521	0.0032885593242151573	0.012138016693467635	0.013443468083478634	0.01185153410339932
C3/C1-C42.2-C3gl-C3gm-C1dl	870110	0.0026353744492140538	0.005334797196207974	0.0032354011280884103	0.0031608904793759933	0.0015419910036250108	0.004208183224310276	0.0035499773047829395	0.003401112690694482	0.0033119600014912794	0.002526828669470002	0.0025290331795428905	0.0028552868627406804	0.003027577506936568	0.0	0.00954848980608592	0.002527112971563688	0.0023215374307584006	0.004943335535676218	0.0025270404237205113	0.003313955643613864	0.005842010348552886	0.008004539698490604	0.008199865687405036	0.004956849176650138	0.002697155009675853	0.008156470912202129	0.0031235761552859563	0.010793589118879964	0.006058025744270697	0.0026191225461400375	0.002621056121321472	0.004962557993712561	0.011099093729967712	0.006352849544752099	0.007198360455936338	0.00643643446022591	0.002623648284456218	0.010965309830676716	0.012270761220687716	0.010152470240233906
C16/C3-C16b	870119	0.007131608969056188	0.009828903958386663	0.007730745518978485	0.007656976067539067	0.009762528211147769	0.008703695941451775	0.008045552156558687	0.007897351481493701	0.011531717007631143	0.007022933815186962	0.007021794992366584	0.007347446170955808	0.011248113845180964	0.00954848980608592	0.0	0.007022912680597761	0.00796316337916043	0.013672380826143207	0.007023300841781642	0.007809451039482333	0.011341468929025525	0.01673373873653157	0.01692904493336284	0.013686408177804438	0.011336052172896221	0.01688538066595681	0.011533754787991693	0.019522498872634644	0.014278103528859434	0.010838625835708337	0.010841332980913816	0.013182182114400467	0.0015506039238817903	0.010839292915706858	0.015417984576624246	0.014656058580913817	0.010842332980913815	0.019693820144207487	0.020999271534218485	0.014646630620045991
C3/C21-C3b	869099	0.00010914484476256434	0.0028087526940995334	0.0007091566859619748	0.0006346715261273872	0.0027412522233494344	0.0016826966178789665	0.0010237154492874088	0.0008747425861542861	0.004510701367763223	4.376972920584367e-07	2.7227277272272772e-06	0.00032919805393568226	0.00422664889517507	0.002527112971563688	0.007022912680597761	0.0	0.0009412400420355986	0.006650830209339065	8.483151684831514e-07	0.0007876942856391918	0.004329649552134786	0.009712723096663649	0.009908029293494915	0.006665392537936517	0.004315036533028301	0.009864365026088888	0.004512739148123771	0.012501483232766725	0.007257087888991512	0.003818282928567143	0.0038203173410458952	0.006161166474532546	0.008573516604479551	0.0038274735388161185	0.008396968936756325	0.007635042941045896	0.003821317341045896	0.012672804504339566	0.013978255894350564	0.007627051866923308
C3-C1-C6a-C3y	869147	0.0010495839032092593	0.0037492993038888336	0.0016498342564630613	0.0015749536049370152	0.0025357499122745483	0.0026229529785864007	0.001964384968421431	0.0018151758162555038	0.004305199056688336	0.0009410393232252561	0.000943671297480483	0.0012700544277295697	0.004021146584100184	0.0023215374307584006	0.00796316337916043	0.0009412400420355986	0.0	0.006445627808291172	0.0009410439829451165	0.0017283752263321005	0.004257140348893537	0.00950731317862255	0.00970263257017593	0.00645989022686163	0.004109534221953415	0.009659162625040994	0.004307236837048886	0.012296280831718829	0.007051585577916627	0.0036129410211259913	0.003614815029971009	0.005955964073484653	0.009513767303042221	0.0047678226078676405	0.00819176653570843	0.007429840539998001	0.003616414850024993	0.012467602103291672	0.01377305349330267	0.008567173860311906
C46/C3	871209	0.006759338837559317	0.0094590172328638	0.007359621164744236	0.007284248660773922	0.004958922831066132	0.00833199962242152	0.0076737271360396205	0.007524705425181794	0.006728793620657934	0.00665079665709541	0.006652750417318267	0.006978976763245787	0.006443180582470671	0.004943335535676218	0.013672380826143207	0.006650830209339065	0.006445627808291172	0.0	0.00665024066829317	0.0074377244659138845	0.009966259425387461	0.007492881191310018	0.007686825532883388	0.004764811127111743	0.006329240122051289	0.0076443911735141435	0.006540163089127592	0.01028150938019198	0.009473242335666845	0.006387816140525947	0.006037632471652834	0.00837732092120788	0.015222984750024997	0.010476941684361564	0.010613123383431657	0.00985119738772123	0.006039793155584442	0.010451669967833217	0.011757121357844215	0.014275801084361564
C3	871767	0.00010938271235752849	0.0028093383960211935	0.0007097347901629512	0.0006343407592040795	0.0027406626823035392	0.0016832429605257897	0.0010243682913817238	0.0008746443209758049	0.004510111826717328	7.449510097980404e-07	3.513648635136486e-06	0.00032996616500699863	0.004226059354129175	0.0025270404237205113	0.007023300841781642	8.483151684831514e-07	0.0009410439829451165	0.00665024066829317	0.0	0.0007884387111466561	0.004330037713318668	0.009712265502838864	0.009907554106707317	0.006664977761937613	0.004314446991982406	0.009863775485042992	0.004512149607077877	0.012500893691720829	0.007256498347945617	0.003817952161643836	0.0038197277999999996	0.006160576933486652	0.008573904765663434	0.0038278617	0.008396379395710429	0.0076344534	0.0038207278	0.012672214963293672	0.01397766635330467	0.0076267211
C3-C3fc-C21-C3an-C3b-C3fd-C3bb-C3s	869786	0.0006793339483576663	0.003595568569729081	0.0014963876370688793	0.0014217050595672813	0.003528146479924253	0.0018271416553009277	0.00046972534328735573	0.0016620288429602934	0.005297595624338043	0.0007879765087455888	0.000789416320593549	0.0009159578173165049	0.005013543151749889	0.003313955643613864	0.007809451039482333	0.0007876942856391918	0.0017283752263321005	0.0074377244659138845	0.0007884387111466561	0.0	0.005116018361884098	0.010499617353238466	0.010694923550069735	0.007452286794511336	0.00510193078960312	0.010651259282663705	0.00529963340469859	0.013288377489341544	0.008043982145566331	0.00460427830656036	0.004607211597620713	0.0069480607311073654	0.009360054963364124	0.00461401189770069	0.009183863193331143	0.008421937197620712	0.004608211597620713	0.013459698760914384	0.014765150150925383	0.008413404937608717
C3xs-C1nw	871234	0.004438206468467638	0.0053684808280042625	0.004480352381918089	0.0049637129390760915	0.006056406810392023	0.006010167439526146	0.005352180649771377	0.005204088353030725	0.007824638333036697	0.004329587103440643	0.004328531863903609	0.004654113656370058	0.007541992444425218	0.005842010348552886	0.011341468929025525	0.004329649552134786	0.004257140348893537	0.009966259425387461	0.004330037713318668	0.005116018361884098	0.0	0.013027264216155843	0.01322256521506628	0.009979436947014699	0.007629361512484459	0.013178954926068888	0.007827239874855748	0.015816073132746727	0.010571632402587428	0.007132200095820418	0.0071349072410258965	0.009475756374512548	0.012891534719758024	0.008142022401019897	0.011711558836736325	0.010949632841025896	0.007135641867563243	0.01598739440431957	0.017292845794330568	0.01195302418678132
C1d-C42.2-C1-C3cg-C1b-C115k	869474	0.0098212317248839	0.012520910120188383	0.010421514052068818	0.010346207521709061	0.006972788033512721	0.0113938925097461	0.010735620023364204	0.010586598312506376	0.007134275504802803	0.009712689544419992	0.00971464330464285	0.010040578824803914	0.009177859716019626	0.008004539698490604	0.01673373873653157	0.009712723096663649	0.00950731317862255	0.007492881191310018	0.009712265502838864	0.010499617353238466	0.013027264216155843	0.0	0.003228058702988804	0.0035713689370395697	0.0064391506873539535	0.005843347056273844	0.006648669539938178	0.008478347706694839	0.009581542440633924	0.009448728168399489	0.00614635161207517	0.008488104110763086	0.018284038321281185	0.013537995255617753	0.010721551188593276	0.009959625192882847	0.006149401792003198	0.008654647586824257	0.009960098976835257	0.017336920629228307
C42a/C1d/C42.2-C1mt-C1-C1b-C3cg-C1au	873137	0.010016537921715167	0.012716216317019649	0.010616820248900084	0.01054150492205892	0.007168040651775417	0.011589198706577368	0.01093092622019547	0.010781904509337642	0.007329504932341788	0.00990799574125126	0.009909949501474119	0.010235885021635182	0.009373161514610191	0.008199865687405036	0.01692904493336284	0.009908029293494915	0.00970263257017593	0.007686825532883388	0.009907554106707317	0.010694923550069735	0.01322256521506628	0.003228058702988804	0.0	0.003766841498198931	0.006600895090446862	0.006085342470858009	0.006810469511466513	0.00872176015446573	0.009743372815256444	0.00964403876347146	0.0063082119825969615	0.008649787352136538	0.018479344518112454	0.01373330145244902	0.010883419156076284	0.010121493160365855	0.006311221378838465	0.008895309134955006	0.010200760524966006	0.01753221802957817
C42.2/C1/C1d-C1b-C1j-C3cg	869878	0.006773901166156769	0.00947357956146125	0.007374183493341686	0.007298898371894869	0.003925051332383523	0.008346561951018969	0.007688289464637072	0.0075392769519396115	0.004086178465985044	0.006665358985692861	0.006667312745915719	0.006993248266076784	0.0061303165846930616	0.004956849176650138	0.013686408177804438	0.006665392537936517	0.00645989022686163	0.004764811127111743	0.006664977761937613	0.007452286794511336	0.009979436947014699	0.0035713689370395697	0.003766841498198931	0.0	0.0034730995771556266	0.005104680059478105	0.0036831111593854647	0.007741768843123439	0.006616685835263535	0.00640109104267708	0.0031809442328034395	0.005522515253549475	0.015236707762554055	0.010490664696890622	0.0077570541368522	0.006995128141141772	0.0031839560304439112	0.007915895582519825	0.009221346972530825	0.014289611479414117
C1/C83a-C1dl-C1b-C1ds-C42.2	871552	0.004423545161248553	0.007123223556553034	0.0050238274884334706	0.004948454984463158	0.001574272610938938	0.005996205946110753	0.005337933459728857	0.005188911748871028	0.0017357884517522433	0.004315002980784645	0.004316956741007503	0.004642892261168569	0.003780898208634162	0.002697155009675853	0.011336052172896221	0.004315036533028301	0.004109534221953415	0.006329240122051289	0.004314446991982406	0.00510193078960312	0.007629361512484459	0.0064391506873539535	0.006600895090446862	0.0034730995771556266	0.0	0.006339312573996305	0.0010002659046286114	0.008976430780674142	0.003934931507397781	0.00405040059661088	0.0004978478533839847	0.0028400385388296064	0.01288635175764584	0.008140308691982406	0.005075345195370532	0.0043134191996601024	0.0005003448042987103	0.009147911604381345	0.010453362994392344	0.011939168091982404
C42.2-C120b-C120c-C120d-C42c-C42d	869064	0.009972873654309138	0.01267255204961362	0.010573155981494055	0.010497783477523745	0.007124548115676864	0.01154553443917134	0.010887261952789442	0.010738240241931613	0.00728608436745475	0.009864331473845231	0.009866285234068089	0.010192220754229153	0.009329577215216957	0.008156470912202129	0.01688538066595681	0.009864365026088888	0.009659162625040994	0.0076443911735141435	0.009863775485042992	0.010651259282663705	0.013178954926068888	0.005843347056273844	0.006085342470858009	0.005104680059478105	0.006339312573996305	0.0	0.00654885142058233	0.007077885615398983	0.00948158780211787	0.009600511641207374	0.006046047685042991	0.008387985309680528	0.018435680250706424	0.01368963718504299	0.01062069928075342	0.00985877328504299	0.006049047685042991	0.007252544648336662	0.00855799603834766	0.017488496585042992
C1-C1c-C1b-C72k-C42.2-C1br-C1cb	870137	0.004621247776344023	0.007320926171648505	0.005221530103528942	0.005146157599558629	0.0017717542838787434	0.006193908561206225	0.005535636074824327	0.005386614363966499	0.0019336792104046477	0.004512705595880116	0.004514659356102973	0.004840594876264039	0.003977750829457769	0.0031235761552859563	0.011533754787991693	0.004512739148123771	0.004307236837048886	0.006540163089127592	0.004512149607077877	0.00529963340469859	0.007827239874855748	0.006648669539938178	0.006810469511466513	0.0036831111593854647	0.0010002659046286114	0.00654885142058233	0.0	0.009185969627260166	0.004130606730710787	0.004247817270091574	0.000693329934639608	0.003036940502969479	0.013084054372741311	0.008338011307077876	0.00527097423253938	0.004509048236828952	0.000697628744996501	0.009357439654206396	0.010662891044217394	0.012136870707077876
C44/C47/C42.2	871724	0.012609991860986975	0.015309670256291458	0.01321027418817189	0.013134901684201582	0.0097616663223547	0.014182652645849177	0.013524380159467279	0.013375358448609452	0.009923202574132588	0.012501449680523068	0.012503403440745926	0.012829338960906992	0.011966695421894793	0.010793589118879964	0.019522498872634644	0.012501483232766725	0.012296280831718829	0.01028150938019198	0.012500893691720829	0.013288377489341544	0.015816073132746727	0.008478347706694839	0.00872176015446573	0.007741768843123439	0.008976430780674142	0.007077885615398983	0.009185969627260166	0.0	0.012118706008795707	0.012237629847885212	0.008683165891720829	0.011025103516358364	0.021072798457384266	0.016326755391720828	0.013257817487431257	0.012495891491720828	0.008686165891720828	0.009889662855014499	0.011195114245025497	0.020125614791720828
C41/C1-C41b-C1b-C41g-C39	871072	0.007365596517211763	0.010065274912516247	0.007965878844396682	0.007890506340426368	0.004516829111139721	0.008938257302073965	0.008279984815692067	0.00813096310483424	0.004678319976533523	0.007257054336747856	0.0072590080969707135	0.007584943617131779	0.003030560422115007	0.006058025744270697	0.014278103528859434	0.007257087888991512	0.007051585577916627	0.009473242335666845	0.007256498347945617	0.008043982145566331	0.010571632402587428	0.009581542440633924	0.009743372815256444	0.006616685835263535	0.003934931507397781	0.00948158780211787	0.004130606730710787	0.012118706008795707	0.0	0.006992871612977339	0.003438689972118365	0.0010966145609395783	0.01582840311360905	0.011082360047945617	0.0013815463257014315	0.0014817802847845645	0.003441792341407578	0.012290027280368548	0.013595478670379548	0.014881219447945616
C1/C7	871743	0.003926879765023159	0.006626166894763901	0.004526978364383014	0.004451294620677932	0.002477000238735814	0.005498051179746595	0.004839916533809403	0.0046920345949971656	0.004246930974582541	0.0038183191882385165	0.0038195304038196177	0.004145465923980683	0.003963086252145188	0.0026191225461400375	0.010838625835708337	0.003818282928567143	0.0036129410211259913	0.006387816140525947	0.003817952161643836	0.00460427830656036	0.007132200095820418	0.009448728168399489	0.00964403876347146	0.00640109104267708	0.00405040059661088	0.009600511641207374	0.004247817270091574	0.012237629847885212	0.006992871612977339	0.0	0.0035553954630136984	0.005897313089651034	0.012388925420457953	0.00764288235479452	0.008133115551874811	0.007371189556164383	0.0035585324493150683	0.012408951119458052	0.013714402509469054	0.011440810247945205
C1	871766	0.003928825969266147	0.006628504364570629	0.0045291082964510655	0.0044537357924807515	0.0010794582390721854	0.005501486754128349	0.00484321426774645	0.004694192556888622	0.0012414723388461154	0.0038202837888022395	0.003822237549025097	0.004148173069186163	0.0032858500660667865	0.002621056121321472	0.010841332980913816	0.0038203173410458952	0.003614815029971009	0.006037632471652834	0.0038197277999999996	0.004607211597620713	0.0071349072410258965	0.00614635161207517	0.0063082119825969615	0.0031809442328034395	0.0004978478533839847	0.006046047685042991	0.000693329934639608	0.008683165891720829	0.003438689972118365	0.0035553954630136984	0.0	0.0023451655018498154	0.012391632565663434	0.007645589500000001	0.004578651595710429	0.0038167256	4.9999999999999996e-06	0.008854487163293671	0.01015993855330467	0.011444448900000001
C41/C1b	871740	0.006269675102752798	0.00896935349805728	0.006869957429937717	0.006794584925967404	0.0034209564427447993	0.007842335887615001	0.007184063401233102	0.007035041690375274	0.003582113693110689	0.006161132922288891	0.006163086682511748	0.006489022202672814	0.0026379971914318985	0.004962557993712561	0.013182182114400467	0.006161166474532546	0.005955964073484653	0.00837732092120788	0.006160576933486652	0.0069480607311073654	0.009475756374512548	0.008488104110763086	0.008649787352136538	0.005522515253549475	0.0028400385388296064	0.008387985309680528	0.003036940502969479	0.011025103516358364	0.0010966145609395783	0.005897313089651034	0.0023451655018498154	0.0	0.014732481699150084	0.009986438633486652	0.0022365745850114987	0.00147464858930107	0.002347393379062094	0.011196424787931206	0.012501876177942206	0.01378529803348665
C16-C16b-C16d	871563	0.008682212892937979	0.011379507882268453	0.009281349442860272	0.009207579991420857	0.01131313213502956	0.010254299865333565	0.009596156080440477	0.009447955405375491	0.013082159778062194	0.008573537739068753	0.008572398916248376	0.008898050094837599	0.012798717769062754	0.011099093729967712	0.0015506039238817903	0.008573516604479551	0.009513767303042221	0.015222984750024997	0.008573904765663434	0.009360054963364124	0.012891534719758024	0.018284038321281185	0.018479344518112454	0.015236707762554055	0.01288635175764584	0.018435680250706424	0.013084054372741311	0.021072798457384266	0.01582840311360905	0.012388925420457953	0.012391632565663434	0.014732481699150084	0.0	0.012387766465663435	0.016968284161373862	0.016206358165663435	0.012392632565663433	0.021244119728957105	0.022549571118968107	0.016196625865663436
C11	872084	0.003936087443751251	0.006632538694441669	0.004534901098780367	0.004461536925757424	0.0065670890693661265	0.005508256799670132	0.004850113014777045	0.004701912339712058	0.008336116712398759	0.0038274110901219756	0.0038263558505849415	0.004152007029174165	0.00805267470339932	0.006352849544752099	0.010839292915706858	0.0038274735388161185	0.0047678226078676405	0.010476941684361564	0.0038278617	0.00461401189770069	0.008142022401019897	0.013537995255617753	0.01373330145244902	0.010490664696890622	0.008140308691982406	0.01368963718504299	0.008338011307077876	0.016326755391720828	0.011082360047945617	0.00764288235479452	0.007645589500000001	0.009986438633486652	0.012387766465663435	0.0	0.01222224109571043	0.0114603151	0.0076465895	0.01649807666329367	0.017803528053304672	0.0114505828
C41-C41b	871737	0.008505477564976575	0.01120515596028106	0.009105759892161492	0.009030387388191181	0.005657152026344301	0.010078138349838778	0.00941986586345688	0.009270844152599052	0.005818688278122188	0.008396935384512668	0.008398889144735525	0.008724824664896592	0.004170782948999771	0.007198360455936338	0.015417984576624246	0.008396968936756325	0.00819176653570843	0.010613123383431657	0.008396379395710429	0.009183863193331143	0.011711558836736325	0.010721551188593276	0.010883419156076284	0.0077570541368522	0.005075345195370532	0.01062069928075342	0.00527097423253938	0.013257817487431257	0.0013815463257014315	0.008133115551874811	0.004578651595710429	0.0022365745850114987	0.016968284161373862	0.01222224109571043	0.0	0.0007623257557344266	0.00458165159571043	0.0134291387590041	0.014734590149015098	0.016021100495710427
C41	871765	0.007743551569266147	0.01044322996457063	0.008343833896451065	0.008268461392480752	0.004895226030633873	0.009316212354128349	0.00865793986774645	0.008508918156888623	0.005056762282411759	0.007635009388802239	0.007636963149025097	0.007962898669186163	0.004111818237392521	0.00643643446022591	0.014656058580913817	0.007635042941045896	0.007429840539998001	0.00985119738772123	0.0076344534	0.008421937197620712	0.010949632841025896	0.009959625192882847	0.010121493160365855	0.006995128141141772	0.0043134191996601024	0.00985877328504299	0.004509048236828952	0.012495891491720828	0.0014817802847845645	0.007371189556164383	0.0038167256	0.00147464858930107	0.016206358165663435	0.0114603151	0.0007623257557344266	0.0	0.0038197256	0.01266721276329367	0.01397266415330467	0.015259174499999998
C39	871782	0.003929825969266147	0.0066295043645706285	0.004530108296451066	0.004454735792480752	0.0010825426221955606	0.005502486754128348	0.00484421426774645	0.004695192556888623	0.001243095076572343	0.0038212837888022396	0.0038232375490250977	0.004149173069186163	0.0032885593242151573	0.002623648284456218	0.010842332980913815	0.003821317341045896	0.003616414850024993	0.006039793155584442	0.0038207278	0.004608211597620713	0.007135641867563243	0.006149401792003198	0.006311221378838465	0.0031839560304439112	0.0005003448042987103	0.006049047685042991	0.000697628744996501	0.008686165891720828	0.003441792341407578	0.0035585324493150683	4.9999999999999996e-06	0.002347393379062094	0.012392632565663433	0.0076465895	0.00458165159571043	0.0038197256	0.0	0.008857487163293671	0.01016293855330467	0.011445448900000002
C10/C42f	869148	0.012781313132559816	0.0154809915278643	0.013381595459744735	0.013306222955774423	0.009932987593927543	0.01435397391742202	0.013695701431040121	0.013546679720182293	0.010094523845705429	0.012672770952095909	0.012674724712318768	0.013000660232479833	0.012138016693467635	0.010965309830676716	0.019693820144207487	0.012672804504339566	0.012467602103291672	0.010451669967833217	0.012672214963293672	0.013459698760914384	0.01598739440431957	0.008654647586824257	0.008895309134955006	0.007915895582519825	0.009147911604381345	0.007252544648336662	0.009357439654206396	0.009889662855014499	0.012290027280368548	0.012408951119458052	0.008854487163293671	0.011196424787931206	0.021244119728957105	0.01649807666329367	0.0134291387590041	0.01266721276329367	0.008857487163293671	0.0	0.002619074620847915	0.02029693606329367
C10-C10a	871752	0.014086764522570815	0.016786442917875295	0.014687046849755733	0.014611674345785421	0.011238438983938542	0.015659425307433018	0.01500115282105112	0.014852131110193293	0.011399975235716429	0.013978222342106909	0.013980176102329767	0.014306111622490831	0.013443468083478634	0.012270761220687716	0.020999271534218485	0.013978255894350564	0.01377305349330267	0.011757121357844215	0.01397766635330467	0.014765150150925383	0.017292845794330568	0.009960098976835257	0.010200760524966006	0.009221346972530825	0.010453362994392344	0.00855799603834766	0.010662891044217394	0.011195114245025497	0.013595478670379548	0.013714402509469054	0.01015993855330467	0.012501876177942206	0.022549571118968107	0.017803528053304672	0.014734590149015098	0.01397266415330467	0.01016293855330467	0.002619074620847915	0.0	0.021602387453304672
C50a	871779	0.007735705691981604	0.010434935833120065	0.008335747302739178	0.008259730792310769	0.010365948469366126	0.008581038148010795	0.008649222364787042	0.008500904913077385	0.012134976112398761	0.007627088126594681	0.007628226949415058	0.007953853631733652	0.01185153410339932	0.010152470240233906	0.014646630620045991	0.007627051866923308	0.008567173860311906	0.014275801084361564	0.0076267211	0.008413404937608717	0.01195302418678132	0.017336920629228307	0.01753221802957817	0.014289611479414117	0.011939168091982404	0.017488496585042992	0.012136870707077876	0.020125614791720828	0.014881219447945616	0.011440810247945205	0.011444448900000001	0.01378529803348665	0.016196625865663436	0.0114505828	0.016021100495710427	0.015259174499999998	0.011445448900000002	0.02029693606329367	0.021602387453304672	0.0
