C3-C21-C3hj-C3an	871435	0	0.2367252654946901	0.09175270618234545	0.16634250486242708	1.0	1.0	0.7176956460870783	1.0	1.0	0.4965351039468816	0.3141705748827535	0.0745585088298234	1.0	0.9284314313713725	1.0	0.028409431811363774	0.45789813152802705	1.0	0.6816363672726545	0.6231694207644809	0.5665986680266395	0.8478722819157712	0.08523372149417759	1.0	0.24625884352891178	1.0	0.5803162952555712	1.0	1.0	1.0	1.0	1.0	1.0	1.0	1.0	0.11360886391136088	1.0	1.0	0.32008359832803346	1.0
C3-C3xs-C3yu-C21-C3zt	871438	0.2367252654946901	0	0.1604809879753006	0.2808007879881802	1.0	1.0	0.7176956460870783	1.0	1.0	0.5249442516724498	0.3372798816035519	0.24174516509669808	1.0	0.9284314313713725	1.0	0.23142537149257014	0.4525982110268346	1.0	0.6763364732705346	0.6231694207644809	0.5665986680266395	0.8478722819157712	0.23142152867706983	1.0	0.280807979800505	1.0	0.5803162952555712	1.0	1.0	1.0	1.0	0.8735518967215492	1.0	1.0	1.0	0.28079719202807973	1.0	1.0	0.34319313613727725	1.0
C3-C3hj-C21-C3xs-C3yu	871440	0.09175270618234545	0.1604809879753006	0	0.1769564608707826	1.0	1.0	0.7176970575735606	1.0	1.0	0.5249466268680596	0.33921312754053606	0.13790155246118846	1.0	0.9284317892052699	1.0	0.08776280592985175	0.45453090938181234	1.0	0.6782680432989175	0.6231713048608541	0.5666008349791255	0.8478730425391492	0.12950740985180295	1.0	0.24626261212163636	1.0	0.5803183936321273	1.0	1.0	1.0	1.0	0.9550308993820124	1.0	1.0	1.0	0.17695234571481427	1.0	1.0	0.345126371840704	1.0
C3-C3ga	869982	0.16634250486242708	0.2808007879881802	0.1769564608707826	0	1.0	1.0	0.7176942345864812	1.0	1.0	0.5672508187295318	0.3866553336166596	0.16634250486242708	1.0	0.928431073533897	1.0	0.16634250486242708	0.5019749802501975	1.0	0.7257141142882857	0.623167536649267	0.5665965010524842	0.8478715212847872	0.16633833661663383	1.0	0.24625507489850204	1.0	0.5803141968580314	1.0	1.0	1.0	1.0	1.0	1.0	1.0	1.0	0.16633416832915834	1.0	1.0	0.39256911146332807	1.0
C1d-C42.2-C1-C3cg-C1b-C115k	869474	1.0	1.0	1.0	1.0	0	0.8483953061642843	0.8749637510874674	1.0	1.0	1.0	1.0	1.0	0.8749643762468313	0.8749637510874674	0.4835806567737291	1.0	1.0	0.891054357825687	1.0	0.8962436314728984	0.8296951091467256	1.0	1.0	0.8502359905603776	0.8962436314728984	1.0	1.0	0.8910527236819079	1.0	0.9787205319867003	0.8962425939351516	1.0	1.0	1.0	0.8962420751584969	1.0	1.0	1.0	1.0	0.5521156759513417
C1/C83a-C1dl-C1b-C1ds-C42.2	871552	1.0	1.0	1.0	1.0	0.8483953061642843	0	0.48140296492587686	1.0	1.0	1.0	1.0	1.0	0.7791066268011959	0.6487387815304617	0.8304159354422596	1.0	1.0	0.9734309299174528	1.0	0.7685269441916742	0.5522611934701632	1.0	1.0	0.46286879959201427	0.8500844974650761	1.0	1.0	0.9734305313893722	1.0	0.9309313813723725	0.5504689906201876	1.0	1.0	1.0	0.550466742998855	1.0	1.0	1.0	1.0	0.6365809025729228
C1/C3/C1b	870531	0.7176956460870783	0.7176956460870783	0.7176970575735606	0.7176942345864812	0.8749637510874674	0.48140296492587686	0	1.0	1.0	0.7176984690459286	0.7176984690459286	0.7176956460870783	0.779105522361941	0.4496510069798604	0.8569842904712859	0.7176956460870783	0.7176942345864812	1.0	0.7257154856902862	0.4862228444288893	0.3246335073298534	0.8478722819157712	0.7176942345864812	0.4160175194744158	0.567780805479863	1.0	0.7176942345864812	1.0	1.0	0.803412948805768	0.47888781668274977	1.0	1.0	1.0	0.4788852111478885	0.7176928230717693	1.0	1.0	0.7176956460870783	0.650468738281543
C16-C16b-C16d	871563	1.0	1.0	1.0	1.0	1.0	1.0	1.0	0	1.0	1.0	1.0	1.0	1.0	1.0	1.0	1.0	1.0	1.0	1.0	1.0	1.0	0.15212847871521284	1.0	1.0	1.0	1.0	1.0	1.0	1.0	1.0	1.0	1.0	1.0	1.0	1.0	1.0	1.0	1.0	1.0	1.0
C11	872084	1.0	1.0	1.0	1.0	1.0	1.0	1.0	1.0	0	1.0	1.0	1.0	1.0	1.0	1.0	1.0	1.0	1.0	1.0	1.0	1.0	1.0	1.0	1.0	1.0	1.0	1.0	1.0	1.0	1.0	1.0	1.0	1.0	1.0	1.0	1.0	1.0	1.0	1.0	1.0
C3-C3de-C3bb-C21ae-C3an-C3s-C21-C3dk	871064	0.4965351039468816	0.5249442516724498	0.5249466268680596	0.5672508187295318	1.0	1.0	0.7176984690459286	1.0	1.0	0	0.4544718211271549	0.5281941541753747	1.0	0.928432147035589	1.0	0.5249442516724498	0.5249418764530887	1.0	0.6487405377838665	0.6231731889383871	0.5672529824105277	0.8478738031549211	0.5249418764530887	1.0	0.5672551460698876	1.0	0.5803204919877003	1.0	1.0	1.0	1.0	1.0	1.0	1.0	1.0	0.5672486550268995	1.0	1.0	0.4151275461736148	1.0
C3-C3fc-C21-C3an-C3b-C3bb-C3s	871067	0.3141705748827535	0.3372798816035519	0.33921312754053606	0.3866553336166596	1.0	1.0	0.7176984690459286	1.0	1.0	0.4544718211271549	0	0.34759957201283964	1.0	0.928432147035589	1.0	0.3339999800006	0.4319742006449839	1.0	0.6146215613531594	0.6231731889383871	0.5666030019099427	0.8478738031549211	0.2880277993050174	1.0	0.3866614668486603	1.0	0.5803204919877003	1.0	1.0	1.0	1.0	1.0	1.0	1.0	1.0	0.38665226695466093	1.0	1.0	0.09851704448866534	1.0
C3-C21-C3xx-C3cl	871071	0.0745585088298234	0.24174516509669808	0.13790155246118846	0.16634250486242708	1.0	1.0	0.7176956460870783	1.0	1.0	0.5281941541753747	0.34759957201283964	0	1.0	0.9284314313713725	1.0	0.05534889302213956	0.46291805622915655	1.0	0.6866562668746625	0.6231694207644809	0.5665986680266395	0.8478722819157712	0.09025364619530707	1.0	0.24625884352891178	1.0	0.5803162952555712	1.0	1.0	1.0	1.0	1.0	1.0	1.0	1.0	0.0896491035089649	1.0	1.0	0.3535129297414052	1.0
C41/C1-C41b-C1b-C41g-C39	871072	1.0	1.0	1.0	1.0	0.8749643762468313	0.7791066268011959	0.779105522361941	1.0	1.0	1.0	1.0	1.0	0	0.779105522361941	0.8633947811826586	1.0	1.0	1.0	1.0	0.4375868723938282	0.8185945351366216	1.0	1.0	0.779107731229407	0.8500844974650761	1.0	1.0	1.0	0.2750944981100378	0.34657306853862924	0.8185936281274374	1.0	1.0	0.35650965235521465	0.8185927211091834	1.0	1.0	0.9773903391449128	1.0	0.7791066268011959
C1b/C1/C3-C1u	869025	0.9284314313713725	0.9284314313713725	0.9284317892052699	0.928431073533897	0.8749637510874674	0.6487387815304617	0.4496510069798604	1.0	1.0	0.928432147035589	0.928432147035589	0.9284314313713725	0.779105522361941	0	0.8569842904712859	0.9284314313713725	0.928431073533897	1.0	0.9284314313713725	0.6969575760605985	0.6462370752584948	0.928431073533897	0.928431073533897	0.6549303520894373	0.7785155371115722	1.0	0.928431073533897	1.0	1.0	0.6139457908131378	0.717804232936506	1.0	1.0	1.0	0.7178028219717802	0.9284307156928431	1.0	1.0	0.9284314313713725	0.650468738281543
C42a/C1d/C42.2-C1mt-C1-C1b-C3cg-C1au	873137	1.0	1.0	1.0	1.0	0.4835806567737291	0.8304159354422596	0.8569842904712859	1.0	1.0	1.0	1.0	1.0	0.8633947811826586	0.8569842904712859	0	1.0	1.0	0.875464981400744	1.0	0.9028833990810322	0.8363349099527014	1.0	1.0	0.8322567097316107	0.9028833990810322	1.0	1.0	0.8754631134221644	1.0	0.9541011474713132	0.9028824279393015	1.0	1.0	1.0	0.9028819423611528	1.0	1.0	1.0	1.0	0.5229466968656097
C3-C21-C3hj	870080	0.028409431811363774	0.23142537149257014	0.08776280592985175	0.16634250486242708	1.0	1.0	0.7176956460870783	1.0	1.0	0.5249442516724498	0.3339999800006	0.05534889302213956	1.0	0.9284314313713725	1.0	0	0.4493182602260966	1.0	0.6730565388692226	0.6231694207644809	0.5665986680266395	0.8478722819157712	0.07665385019224712	1.0	0.24625884352891178	1.0	0.5803162952555712	1.0	1.0	1.0	1.0	1.0	1.0	1.0	1.0	0.0943990560094399	1.0	1.0	0.3399132017359653	1.0
C21/C3	870082	0.45789813152802705	0.4525982110268346	0.45453090938181234	0.5019749802501975	1.0	1.0	0.7176942345864812	1.0	1.0	0.5249418764530887	0.4319742006449839	0.46291805622915655	1.0	0.928431073533897	1.0	0.4493182602260966	0	1.0	0.6651950220746689	0.623167536649267	0.5665965010524842	0.8478715212847872	0.4012859871401286	1.0	0.501979960400792	1.0	0.5803141968580314	1.0	1.0	1.0	1.0	1.0	1.0	1.0	1.0	0.5019724901375493	1.0	1.0	0.4272585911211332	1.0
C42.2-C120b-C120c-C120d-C42c-C42d	869064	1.0	1.0	1.0	1.0	0.891054357825687	0.9734309299174528	1.0	1.0	1.0	1.0	1.0	1.0	1.0	1.0	0.875464981400744	1.0	1.0	0	1.0	1.0	0.9334519964401068	1.0	1.0	0.9752709891604335	1.0	1.0	1.0	0.855473613159671	1.0	1.0	1.0	1.0	1.0	1.0	1.0	1.0	1.0	1.0	1.0	0.6423425180118696
C3b-C3-C21-C3ag-C3bb	869067	0.6816363672726545	0.6763364732705346	0.6782680432989175	0.7257141142882857	1.0	1.0	0.7257154856902862	1.0	1.0	0.6487405377838665	0.6146215613531594	0.6866562668746625	1.0	0.9284314313713725	1.0	0.6730565388692226	0.6651950220746689	1.0	0	0.725716857078573	0.7257154856902862	0.8478722819157712	0.6365754513682295	1.0	0.725716857078573	1.0	0.7257141142882857	1.0	1.0	1.0	1.0	1.0	1.0	1.0	1.0	0.7257127428725713	1.0	1.0	0.5809583808323834	1.0
C3/C41-C1-C41b	871645	0.6231694207644809	0.6231694207644809	0.6231713048608541	0.623167536649267	0.8962436314728984	0.7685269441916742	0.4862228444288893	1.0	1.0	0.6231731889383871	0.6231731889383871	0.6231694207644809	0.4375868723938282	0.6969575760605985	0.9028833990810322	0.6231694207644809	0.623167536649267	1.0	0.725716857078573	0	0.3916952076198095	0.8478730425391492	0.623167536649267	0.7685281015164469	0.47325580232593023	1.0	0.623167536649267	1.0	0.6082978340433192	0.7004059918801624	0.7685246295074099	1.0	1.0	0.700404493932591	0.7685234721479178	0.6231656525152123	1.0	1.0	0.6231694207644809	0.7685269441916742
C3/C1-C42.2-C3gl-C3gm-C1dl	870110	0.5665986680266395	0.5665986680266395	0.5666008349791255	0.5665965010524842	0.8296951091467256	0.5522611934701632	0.3246335073298534	1.0	1.0	0.5672529824105277	0.5666030019099427	0.5665986680266395	0.8185945351366216	0.6462370752584948	0.8363349099527014	0.5665986680266395	0.5665965010524842	0.9334519964401068	0.7257154856902862	0.3916952076198095	0	0.8478722819157712	0.5665965010524842	0.5822125336239913	0.41668458288542787	1.0	0.5803162952555712	0.9334509982350265	1.0	1.0	0.6069358959615606	1.0	1.0	1.0	0.6069339306606933	0.5665943340566595	1.0	1.0	0.5665986680266395	0.6656683582910428
C16/C3-C16b	870119	0.8478722819157712	0.8478722819157712	0.8478730425391492	0.8478715212847872	1.0	1.0	0.8478722819157712	0.15212847871521284	1.0	0.8478738031549211	0.8478738031549211	0.8478722819157712	1.0	0.928431073533897	1.0	0.8478722819157712	0.8478715212847872	1.0	0.8478722819157712	0.8478730425391492	0.8478722819157712	0	0.8478715212847872	1.0	0.8478730425391492	1.0	0.8478715212847872	1.0	1.0	1.0	1.0	1.0	1.0	1.0	1.0	0.8478707606461968	1.0	1.0	0.8478722819157712	1.0
C3/C21-C3b	869099	0.08523372149417759	0.23142152867706983	0.12950740985180295	0.16633833661663383	1.0	1.0	0.7176942345864812	1.0	1.0	0.5249418764530887	0.2880277993050174	0.09025364619530707	1.0	0.928431073533897	1.0	0.07665385019224712	0.4012859871401286	1.0	0.6365754513682295	0.623167536649267	0.5665965010524842	0.8478715212847872	0	1.0	0.24625507489850204	1.0	0.5803141968580314	1.0	1.0	1.0	1.0	1.0	1.0	1.0	1.0	0.1293043534782326	1.0	1.0	0.28923066154007687	1.0
C1-C1c-C1b-C72k-C42.2-C1br-C1cb	870137	1.0	1.0	1.0	1.0	0.8502359905603776	0.46286879959201427	0.4160175194744158	1.0	1.0	1.0	1.0	1.0	0.779107731229407	0.6549303520894373	0.8322567097316107	1.0	1.0	0.9752709891604335	1.0	0.7685281015164469	0.5822125336239913	1.0	1.0	0	0.8500852470163545	1.0	1.0	0.9752706182345441	1.0	0.937121571960701	0.46579335516612086	1.0	1.0	1.0	0.24291514169716605	1.0	1.0	1.0	1.0	0.6446124385646502
C3-C1-C6a-C3y	869147	0.24625884352891178	0.280807979800505	0.24626261212163636	0.24625507489850204	0.8962436314728984	0.8500844974650761	0.567780805479863	1.0	1.0	0.5672551460698876	0.3866614668486603	0.24625884352891178	0.8500844974650761	0.7785155371115722	0.9028833990810322	0.24625884352891178	0.501979960400792	1.0	0.725716857078573	0.47325580232593023	0.41668458288542787	0.8478730425391492	0.24625507489850204	0.8500852470163545	0	1.0	0.5803183936321273	1.0	1.0	1.0	0.8500829983400332	1.0	1.0	1.0	0.8500822487662685	0.24625130623040653	1.0	1.0	0.3925751856203595	0.8500844974650761
C10/C42f	869148	1.0	1.0	1.0	1.0	1.0	1.0	1.0	1.0	1.0	1.0	1.0	1.0	1.0	1.0	1.0	1.0	1.0	1.0	1.0	1.0	1.0	1.0	1.0	1.0	1.0	0	1.0	1.0	1.0	1.0	1.0	1.0	0.3173568264317357	1.0	1.0	1.0	1.0	1.0	1.0	1.0
C46/C3	871209	0.5803162952555712	0.5803162952555712	0.5803183936321273	0.5803141968580314	1.0	1.0	0.7176942345864812	1.0	1.0	0.5803204919877003	0.5803204919877003	0.5803162952555712	1.0	0.928431073533897	1.0	0.5803162952555712	0.5803141968580314	1.0	0.7257141142882857	0.623167536649267	0.5803162952555712	0.8478715212847872	0.5803141968580314	1.0	0.5803183936321273	1.0	0	1.0	1.0	1.0	1.0	1.0	1.0	1.0	1.0	0.5803120984395078	1.0	1.0	0.5803162952555712	1.0
C44/C47/C42.2	871724	1.0	1.0	1.0	1.0	0.8910527236819079	0.9734305313893722	1.0	1.0	1.0	1.0	1.0	1.0	1.0	1.0	0.8754631134221644	1.0	1.0	0.855473613159671	1.0	1.0	0.9334509982350265	1.0	1.0	0.9752706182345441	1.0	1.0	1.0	0	1.0	1.0	1.0	1.0	1.0	1.0	1.0	1.0	1.0	1.0	1.0	0.8554728905421891
C41-C41b	871737	1.0	1.0	1.0	1.0	1.0	1.0	1.0	1.0	1.0	1.0	1.0	1.0	0.2750944981100378	1.0	1.0	1.0	1.0	1.0	1.0	0.6082978340433192	1.0	1.0	1.0	1.0	1.0	1.0	1.0	1.0	0	0.3860561394386056	1.0	1.0	1.0	0.1998440007799961	1.0	1.0	1.0	1.0	1.0	1.0
C41/C1b	871740	1.0	1.0	1.0	1.0	0.9787205319867003	0.9309313813723725	0.803412948805768	1.0	1.0	1.0	1.0	1.0	0.34657306853862924	0.6139457908131378	0.9541011474713132	1.0	1.0	1.0	1.0	0.7004059918801624	1.0	1.0	1.0	0.937121571960701	1.0	1.0	1.0	1.0	0.3860561394386056	0	1.0	1.0	1.0	0.3860530697346513	1.0	1.0	1.0	1.0	1.0	0.9182516349673007
C1/C7	871743	1.0	1.0	1.0	1.0	0.8962425939351516	0.5504689906201876	0.47888781668274977	1.0	1.0	1.0	1.0	1.0	0.8185936281274374	0.717804232936506	0.9028824279393015	1.0	1.0	1.0	1.0	0.7685246295074099	0.6069358959615606	1.0	1.0	0.46579335516612086	0.8500829983400332	1.0	1.0	1.0	1.0	1.0	0	1.0	1.0	1.0	0.46578267108664456	1.0	1.0	1.0	1.0	0.7322153556928861
C3xs-C1nw	871234	1.0	0.8735518967215492	0.9550308993820124	1.0	1.0	1.0	1.0	1.0	1.0	1.0	1.0	1.0	1.0	1.0	1.0	1.0	1.0	1.0	1.0	1.0	1.0	1.0	1.0	1.0	1.0	1.0	1.0	1.0	1.0	1.0	1.0	0	1.0	1.0	1.0	1.0	1.0	1.0	1.0	1.0
C10-C10a	871752	1.0	1.0	1.0	1.0	1.0	1.0	1.0	1.0	1.0	1.0	1.0	1.0	1.0	1.0	1.0	1.0	1.0	1.0	1.0	1.0	1.0	1.0	1.0	1.0	1.0	0.3173568264317357	1.0	1.0	1.0	1.0	1.0	1.0	0	1.0	1.0	1.0	1.0	1.0	1.0	1.0
C41	871765	1.0	1.0	1.0	1.0	1.0	1.0	1.0	1.0	1.0	1.0	1.0	1.0	0.35650965235521465	1.0	1.0	1.0	1.0	1.0	1.0	0.700404493932591	1.0	1.0	1.0	1.0	1.0	1.0	1.0	1.0	0.1998440007799961	0.3860530697346513	1.0	1.0	1.0	0	1.0	1.0	1.0	1.0	1.0	1.0
C1	871766	1.0	1.0	1.0	1.0	0.8962420751584969	0.550466742998855	0.4788852111478885	1.0	1.0	1.0	1.0	1.0	0.8185927211091834	0.7178028219717802	0.9028819423611528	1.0	1.0	1.0	1.0	0.7685234721479178	0.6069339306606933	1.0	1.0	0.24291514169716605	0.8500822487662685	1.0	1.0	1.0	1.0	1.0	0.46578267108664456	1.0	1.0	1.0	0	1.0	1.0	1.0	1.0	0.7322140167897482
C3	871767	0.11360886391136088	0.28079719202807973	0.17695234571481427	0.16633416832915834	1.0	1.0	0.7176928230717693	1.0	1.0	0.5672486550268995	0.38665226695466093	0.0896491035089649	1.0	0.9284307156928431	1.0	0.0943990560094399	0.5019724901375493	1.0	0.7257127428725713	0.6231656525152123	0.5665943340566595	0.8478707606461968	0.1293043534782326	1.0	0.24625130623040653	1.0	0.5803120984395078	1.0	1.0	1.0	1.0	1.0	1.0	1.0	1.0	0	1.0	1.0	0.3925660743392566	1.0
C50a	871779	1.0	1.0	1.0	1.0	1.0	1.0	1.0	1.0	1.0	1.0	1.0	1.0	1.0	1.0	1.0	1.0	1.0	1.0	1.0	1.0	1.0	1.0	1.0	1.0	1.0	1.0	1.0	1.0	1.0	1.0	1.0	1.0	1.0	1.0	1.0	1.0	0	1.0	1.0	1.0
C39	871782	1.0	1.0	1.0	1.0	1.0	1.0	1.0	1.0	1.0	1.0	1.0	1.0	0.9773903391449128	1.0	1.0	1.0	1.0	1.0	1.0	1.0	1.0	1.0	1.0	1.0	1.0	1.0	1.0	1.0	1.0	1.0	1.0	1.0	1.0	1.0	1.0	1.0	1.0	0	1.0	1.0
C3-C3fc-C21-C3an-C3b-C3fd-C3bb-C3s	869786	0.32008359832803346	0.34319313613727725	0.345126371840704	0.39256911146332807	1.0	1.0	0.7176956460870783	1.0	1.0	0.4151275461736148	0.09851704448866534	0.3535129297414052	1.0	0.9284314313713725	1.0	0.3399132017359653	0.4272585911211332	1.0	0.5809583808323834	0.6231694207644809	0.5665986680266395	0.8478722819157712	0.28923066154007687	1.0	0.3925751856203595	1.0	0.5803162952555712	1.0	1.0	1.0	1.0	1.0	1.0	1.0	1.0	0.3925660743392566	1.0	1.0	0	1.0
C42.2/C1/C1d-C1b-C1j-C3cg	869878	1.0	1.0	1.0	1.0	0.5521156759513417	0.6365809025729228	0.650468738281543	1.0	1.0	1.0	1.0	1.0	0.7791066268011959	0.650468738281543	0.5229466968656097	1.0	1.0	0.6423425180118696	1.0	0.7685269441916742	0.6656683582910428	1.0	1.0	0.6446124385646502	0.8500844974650761	1.0	1.0	0.8554728905421891	1.0	0.9182516349673007	0.7322153556928861	1.0	1.0	1.0	0.7322140167897482	1.0	1.0	1.0	1.0	0
