63
8064       0.0000000 0.0076649 0.0038170 0.0115293 0.0038334 0.0115485 0.0115041 0.0076482 0.0154754 0.0114906 0.0154227 0.0076866 0.0115579 0.0193805 0.0193093 0.0076508 0.0155139 0.0115158 0.0076482 0.0078705 0.0076760 0.0038170 0.0114906 0.0115411 0.0076571 0.0115325 0.0115411 0.0076808 0.0114906 0.0079305 0.0115158 0.0115041 0.0115041 0.0153972 0.0076759 0.0076482 0.0115740 0.0076508 0.0192528 0.0115411 0.0115041 0.0038170 0.0076482 0.0076482 0.0154344 0.0076649 0.0040169 0.0115293 0.0231166 0.0271109 0.0115252 0.0115041 0.0153847 0.0115411 0.0076697 0.0114906 0.0118517 0.0084299 0.0154313 0.0076482 0.0114947 0.0270450 0.0076482 
1          0.0076649 0.0000000 0.0038201 0.0038116 0.0038365 0.0115579 0.0115134 0.0076543 0.0076738 0.0114999 0.0154354 0.0076928 0.0038201 0.0193966 0.0193252 0.0076570 0.0076928 0.0038072 0.0076543 0.0078770 0.0076822 0.0038201 0.0114999 0.0038155 0.0076632 0.0115419 0.0038155 0.0076870 0.0114999 0.0079371 0.0115251 0.0115134 0.0115134 0.0154099 0.0076821 0.0076543 0.0038253 0.0076570 0.0271006 0.0038155 0.0115134 0.0115158 0.0076543 0.0076543 0.0076537 0.0000010 0.0040203 0.0038116 0.0231357 0.0350475 0.0115346 0.0115134 0.0153972 0.0038155 0.0076759 0.0114999 0.0118617 0.0084374 0.0076521 0.0076543 0.0115040 0.0270676 0.0076543 
2          0.0038170 0.0038201 0.0000000 0.0076632 0.0000010 0.0076760 0.0076466 0.0038127 0.0115716 0.0076377 0.0115325 0.0038309 0.0076822 0.0154579 0.0154013 0.0038141 0.0116003 0.0076543 0.0038127 0.0039229 0.0038256 0.0000010 0.0076377 0.0076710 0.0038162 0.0076654 0.0076710 0.0038281 0.0076377 0.0039524 0.0076543 0.0076466 0.0076466 0.0115134 0.0038256 0.0038127 0.0076928 0.0038141 0.0231402 0.0076710 0.0076466 0.0076482 0.0038127 0.0038127 0.0115411 0.0038201 0.0000010 0.0076632 0.0192064 0.0310334 0.0076606 0.0076466 0.0115041 0.0076710 0.0038225 0.0076377 0.0078770 0.0042012 0.0115387 0.0038127 0.0076403 0.0231121 0.0038127 
62851      0.0115293 0.0038116 0.0076632 0.0000000 0.0076961 0.0154538 0.0153941 0.0115134 0.0038285 0.0153759 0.0193485 0.0115716 0.0076632 0.0233417 0.0232555 0.0115175 0.0115716 0.0076355 0.0115134 0.0118492 0.0115555 0.0076632 0.0153759 0.0076521 0.0115270 0.0154323 0.0076521 0.0115627 0.0153759 0.0119401 0.0154099 0.0153941 0.0076606 0.0193165 0.0115554 0.0115134 0.0076738 0.0115175 0.0310595 0.0076521 0.0153941 0.0153972 0.0115134 0.0115134 0.0115126 0.0038116 0.0080648 0.0076444 0.0270676 0.0390540 0.0154226 0.0153941 0.0193006 0.0076521 0.0115459 0.0153759 0.0158609 0.0126949 0.0115103 0.0115134 0.0153815 0.0310219 0.0115134 
4          0.0038334 0.0038365 0.0000010 0.0076961 0.0000000 0.0077089 0.0076792 0.0038281 0.0116214 0.0076703 0.0115820 0.0038475 0.0077152 0.0155245 0.0154674 0.0038294 0.0116504 0.0076870 0.0038281 0.0039229 0.0038421 0.0000010 0.0076703 0.0077039 0.0038326 0.0076983 0.0077039 0.0038281 0.0076703 0.0039699 0.0076870 0.0076792 0.0076792 0.0115627 0.0038421 0.0038281 0.0077259 0.0038294 0.0232396 0.0077039 0.0076792 0.0076808 0.0038281 0.0038281 0.0115907 0.0038365 0.0000010 0.0076961 0.0192886 0.0311673 0.0076933 0.0076792 0.0115533 0.0077039 0.0038389 0.0076703 0.0078770 0.0042209 0.0115883 0.0038281 0.0076729 0.0232113 0.0038281 
5          0.0115485 0.0115579 0.0076760 0.0154538 0.0077089 0.0000000 0.0154196 0.0115325 0.0194473 0.0154013 0.0193805 0.0115909 0.0154922 0.0233804 0.0232939 0.0115366 0.0194959 0.0154354 0.0115325 0.0118695 0.0115748 0.0076760 0.0154013 0.0154696 0.0115461 0.0154579 0.0154696 0.0115820 0.0154013 0.0119606 0.0154354 0.0154196 0.0154196 0.0193485 0.0115747 0.0115325 0.0155139 0.0115366 0.0311103 0.0154696 0.0154196 0.0154227 0.0115325 0.0115325 0.0193955 0.0115579 0.0080790 0.0154538 0.0271120 0.0391176 0.0154481 0.0154196 0.0193325 0.0154696 0.0115651 0.0154013 0.0158879 0.0127181 0.0193916 0.0115325 0.0154069 0.0310726 0.0115325 
3332       0.0115041 0.0115134 0.0076466 0.0153941 0.0076792 0.0154196 0.0000000 0.0114882 0.0193717 0.0076361 0.0115301 0.0115461 0.0154323 0.0154547 0.0153982 0.0114923 0.0194200 0.0153759 0.0038119 0.0039220 0.0115301 0.0076466 0.0076361 0.0154099 0.0115017 0.0076638 0.0154099 0.0115373 0.0076361 0.0119130 0.0076527 0.0076450 0.0076450 0.0115110 0.0038248 0.0114882 0.0154538 0.0114923 0.0231358 0.0154099 0.0076450 0.0076466 0.0038119 0.0114882 0.0193204 0.0115134 0.0080464 0.0153941 0.0192026 0.0310276 0.0076590 0.0153602 0.0192578 0.0154099 0.0038217 0.0076361 0.0078754 0.0042002 0.0193165 0.0038119 0.0076387 0.0231076 0.0038119 
6276       0.0076482 0.0076543 0.0038127 0.0115134 0.0038281 0.0115325 0.0114882 0.0000000 0.0154538 0.0114747 0.0154013 0.0076760 0.0115419 0.0193533 0.0192823 0.0076403 0.0154922 0.0114999 0.0076377 0.0078594 0.0076654 0.0038127 0.0114747 0.0115251 0.0076466 0.0115166 0.0115251 0.0076703 0.0114747 0.0079192 0.0114999 0.0114882 0.0114882 0.0153759 0.0076654 0.0076377 0.0115579 0.0076403 0.0270399 0.0115251 0.0114882 0.0114906 0.0076377 0.0076377 0.0154130 0.0076543 0.0040111 0.0115134 0.0230843 0.0349689 0.0115093 0.0114882 0.0153633 0.0115251 0.0076591 0.0114747 0.0118349 0.0084171 0.0154099 0.0076377 0.0114788 0.0270071 0.0076377 
62855      0.0154754 0.0076738 0.0115716 0.0038285 0.0116214 0.0194473 0.0193717 0.0154538 0.0000000 0.0193485 0.0233747 0.0155325 0.0115716 0.0274166 0.0273146 0.0154594 0.0076787 0.0115293 0.0154538 0.0159074 0.0155107 0.0115716 0.0193485 0.0115547 0.0154722 0.0194200 0.0115547 0.0155204 0.0193485 0.0119401 0.0193916 0.0193717 0.0115674 0.0233361 0.0155106 0.0154538 0.0115877 0.0154594 0.0351783 0.0115547 0.0193717 0.0193756 0.0154538 0.0154538 0.0154528 0.0076738 0.0121823 0.0115429 0.0311430 0.0432526 0.0194078 0.0193717 0.0233166 0.0115547 0.0154977 0.0193485 0.0199629 0.0170514 0.0154497 0.0154538 0.0193556 0.0351356 0.0154538 
38281      0.0114906 0.0114999 0.0076377 0.0153759 0.0076703 0.0154013 0.0076361 0.0114747 0.0193485 0.0000000 0.0115166 0.0115325 0.0154139 0.0154363 0.0153799 0.0114788 0.0193966 0.0153577 0.0038075 0.0039174 0.0076654 0.0076377 0.0076272 0.0153916 0.0114882 0.0076549 0.0153916 0.0115237 0.0076272 0.0118985 0.0076438 0.0076361 0.0076361 0.0114975 0.0038203 0.0114747 0.0154354 0.0114788 0.0231079 0.0153916 0.0076361 0.0076377 0.0038075 0.0114747 0.0192972 0.0114999 0.0080365 0.0153759 0.0191797 0.0309896 0.0076500 0.0153421 0.0192348 0.0153916 0.0038172 0.0076272 0.0078659 0.0000010 0.0192934 0.0038075 0.0076299 0.0230798 0.0038075 
40206      0.0154227 0.0154354 0.0115325 0.0193485 0.0115820 0.0193805 0.0115301 0.0154013 0.0233747 0.0115166 0.0000000 0.0154795 0.0193966 0.0038228 0.0038100 0.0154069 0.0234331 0.0193252 0.0076654 0.0078888 0.0154579 0.0115325 0.0115166 0.0193683 0.0154196 0.0115587 0.0193683 0.0154674 0.0115166 0.0159741 0.0115419 0.0115301 0.0115301 0.0154323 0.0076933 0.0154013 0.0194238 0.0154069 0.0271398 0.0193683 0.0115301 0.0115325 0.0076654 0.0154013 0.0233123 0.0154354 0.0121390 0.0193485 0.0231692 0.0350983 0.0115514 0.0193055 0.0232362 0.0193683 0.0076870 0.0115166 0.0118794 0.0042180 0.0233077 0.0076654 0.0115207 0.0271068 0.0076654 
15         0.0076866 0.0076928 0.0038309 0.0115716 0.0038475 0.0115909 0.0115461 0.0076760 0.0155325 0.0115325 0.0154795 0.0000000 0.0116003 0.0194522 0.0193805 0.0076787 0.0155713 0.0115579 0.0076760 0.0079000 0.0077040 0.0038309 0.0115325 0.0115834 0.0076850 0.0115748 0.0115834 0.0077089 0.0115325 0.0079604 0.0115579 0.0115461 0.0115461 0.0154538 0.0077040 0.0076760 0.0116165 0.0076787 0.0271782 0.0115834 0.0115461 0.0115485 0.0076760 0.0076760 0.0154913 0.0076928 0.0040323 0.0115716 0.0232017 0.0351484 0.0115674 0.0115461 0.0154411 0.0115834 0.0076977 0.0115325 0.0118964 0.0042012 0.0154881 0.0076760 0.0115366 0.0271451 0.0076760 
37647      0.0115579 0.0038201 0.0076822 0.0076632 0.0077152 0.0154922 0.0154323 0.0115419 0.0115716 0.0154139 0.0193966 0.0116003 0.0000000 0.0234000 0.0233134 0.0115460 0.0038278 0.0038201 0.0115419 0.0118794 0.0115842 0.0076822 0.0154139 0.0076710 0.0115555 0.0154706 0.0076710 0.0115915 0.0154139 0.0119707 0.0154481 0.0154323 0.0154323 0.0193645 0.0115841 0.0115419 0.0076928 0.0115460 0.0311367 0.0076710 0.0154323 0.0154354 0.0115419 0.0115419 0.0115411 0.0038201 0.0080858 0.0076632 0.0271347 0.0391512 0.0154608 0.0154323 0.0193485 0.0076710 0.0115746 0.0154139 0.0159014 0.0127295 0.0115387 0.0115419 0.0154195 0.0310988 0.0115419 
40208      0.0193805 0.0193966 0.0154579 0.0233417 0.0155245 0.0233804 0.0154547 0.0193533 0.0274166 0.0154363 0.0038228 0.0194522 0.0234000 0.0000000 0.0076598 0.0193605 0.0274854 0.0233134 0.0115587 0.0118972 0.0194249 0.0154579 0.0154363 0.0233658 0.0193766 0.0154932 0.0233658 0.0194368 0.0154363 0.0200773 0.0154706 0.0154547 0.0154547 0.0193927 0.0116010 0.0193533 0.0234331 0.0193605 0.0311819 0.0233658 0.0154547 0.0154579 0.0115587 0.0193533 0.0273429 0.0193966 0.0162754 0.0233417 0.0271741 0.0392081 0.0154834 0.0232894 0.0272530 0.0233658 0.0115915 0.0154363 0.0159252 0.0084849 0.0273377 0.0115587 0.0154420 0.0311440 0.0115587 
40210      0.0193093 0.0193252 0.0154013 0.0232555 0.0154674 0.0232939 0.0153982 0.0192823 0.0273146 0.0153799 0.0038100 0.0193805 0.0233134 0.0076598 0.0000000 0.0192895 0.0273829 0.0232274 0.0115166 0.0118526 0.0193533 0.0154013 0.0153799 0.0232795 0.0193055 0.0154363 0.0232795 0.0193652 0.0153799 0.0200008 0.0154139 0.0153982 0.0153982 0.0193214 0.0115586 0.0192823 0.0233463 0.0192895 0.0310663 0.0232795 0.0153982 0.0154013 0.0115166 0.0192823 0.0272415 0.0193252 0.0162127 0.0232555 0.0270739 0.0390616 0.0154266 0.0232036 0.0271522 0.0232795 0.0115491 0.0153799 0.0158652 0.0084509 0.0272363 0.0115166 0.0153855 0.0310286 0.0115166 
20         0.0076508 0.0076570 0.0038141 0.0115175 0.0038294 0.0115366 0.0114923 0.0076403 0.0154594 0.0114788 0.0154069 0.0076787 0.0115460 0.0193605 0.0192895 0.0000000 0.0154979 0.0115040 0.0076403 0.0078622 0.0076681 0.0038141 0.0114788 0.0115292 0.0076492 0.0115207 0.0115292 0.0076729 0.0114788 0.0079221 0.0115040 0.0114923 0.0114923 0.0153815 0.0076681 0.0076403 0.0115620 0.0076430 0.0270502 0.0115292 0.0114923 0.0114947 0.0076403 0.0076403 0.0154186 0.0076570 0.0040125 0.0115175 0.0230930 0.0349827 0.0115134 0.0114923 0.0153689 0.0115292 0.0076618 0.0114788 0.0118393 0.0084204 0.0154155 0.0076403 0.0114829 0.0270174 0.0076403 
43670      0.0155139 0.0076928 0.0116003 0.0115716 0.0116504 0.0194959 0.0194200 0.0154922 0.0076787 0.0193966 0.0234331 0.0155713 0.0038278 0.0274854 0.0273829 0.0154979 0.0000000 0.0076928 0.0154922 0.0159481 0.0155494 0.0116003 0.0193966 0.0115834 0.0155107 0.0194684 0.0115834 0.0155591 0.0193966 0.0119707 0.0194400 0.0194200 0.0194200 0.0233943 0.0155493 0.0154922 0.0116165 0.0154979 0.0352661 0.0115834 0.0194200 0.0194238 0.0154922 0.0154922 0.0154913 0.0076928 0.0122142 0.0115716 0.0312206 0.0433609 0.0194562 0.0194200 0.0233747 0.0115834 0.0155364 0.0193966 0.0200141 0.0170981 0.0154881 0.0154922 0.0194038 0.0352233 0.0154922 
22174      0.0115158 0.0038072 0.0076543 0.0076355 0.0076870 0.0154354 0.0153759 0.0114999 0.0115293 0.0153577 0.0193252 0.0115579 0.0038201 0.0233134 0.0232274 0.0115040 0.0076928 0.0000000 0.0114999 0.0118349 0.0115419 0.0076543 0.0153577 0.0076432 0.0115134 0.0154139 0.0076432 0.0115491 0.0153577 0.0119255 0.0153916 0.0153759 0.0153759 0.0192934 0.0115418 0.0114999 0.0076649 0.0115040 0.0310214 0.0076432 0.0153759 0.0153790 0.0114999 0.0114999 0.0114991 0.0038072 0.0080549 0.0076355 0.0270348 0.0390052 0.0154043 0.0153759 0.0192775 0.0076432 0.0115323 0.0153577 0.0158415 0.0126784 0.0114967 0.0114999 0.0153632 0.0309838 0.0114999 
32         0.0076482 0.0076543 0.0038127 0.0115134 0.0038281 0.0115325 0.0038119 0.0076377 0.0154538 0.0038075 0.0076654 0.0076760 0.0115419 0.0115587 0.0115166 0.0076403 0.0154922 0.0114999 0.0000000 0.0000010 0.0076654 0.0038127 0.0038075 0.0115251 0.0076466 0.0038204 0.0115251 0.0076703 0.0038075 0.0079192 0.0038158 0.0038119 0.0038119 0.0076527 0.0000010 0.0076377 0.0115579 0.0076403 0.0192260 0.0115251 0.0038119 0.0038127 0.0000010 0.0076377 0.0154130 0.0076543 0.0040111 0.0115134 0.0153194 0.0270728 0.0038179 0.0114882 0.0153633 0.0115251 0.0000010 0.0038075 0.0039261 0.0000010 0.0154099 0.0000010 0.0038088 0.0192026 0.0000010 
41         0.0078705 0.0078770 0.0039229 0.0118492 0.0039229 0.0118695 0.0039220 0.0078594 0.0159074 0.0039174 0.0078888 0.0079000 0.0118794 0.0118972 0.0118526 0.0078622 0.0159481 0.0118349 0.0000010 0.0000000 0.0078888 0.0039229 0.0039174 0.0118617 0.0078688 0.0039320 0.0118617 0.0078594 0.0039174 0.0081570 0.0039261 0.0039220 0.0039220 0.0078754 0.0000010 0.0078594 0.0118964 0.0078622 0.0197874 0.0118617 0.0039220 0.0039229 0.0000010 0.0078594 0.0158642 0.0078770 0.0041339 0.0118492 0.0157650 0.0278674 0.0039294 0.0118225 0.0158116 0.0118617 0.0000010 0.0039174 0.0039261 0.0000010 0.0158609 0.0000010 0.0039187 0.0197626 0.0000010 
15529      0.0076760 0.0076822 0.0038256 0.0115555 0.0038421 0.0115748 0.0115301 0.0076654 0.0155107 0.0076654 0.0154579 0.0077040 0.0115842 0.0194249 0.0193533 0.0076681 0.0155494 0.0115419 0.0076654 0.0078888 0.0000000 0.0038256 0.0115166 0.0115673 0.0076744 0.0115587 0.0115673 0.0076983 0.0115166 0.0079490 0.0115419 0.0115301 0.0115301 0.0154323 0.0076933 0.0076654 0.0116003 0.0076681 0.0271398 0.0115673 0.0115301 0.0115325 0.0076654 0.0076654 0.0154696 0.0076822 0.0040264 0.0115555 0.0231692 0.0350983 0.0115514 0.0115301 0.0154196 0.0115673 0.0076870 0.0115166 0.0118794 0.0042012 0.0154665 0.0076654 0.0115207 0.0271068 0.0076654 
15019      0.0038170 0.0038201 0.0000010 0.0076632 0.0000010 0.0076760 0.0076466 0.0038127 0.0115716 0.0076377 0.0115325 0.0038309 0.0076822 0.0154579 0.0154013 0.0038141 0.0116003 0.0076543 0.0038127 0.0039229 0.0038256 0.0000000 0.0076377 0.0076710 0.0038162 0.0076654 0.0076710 0.0038281 0.0076377 0.0039524 0.0076543 0.0076466 0.0076466 0.0115134 0.0038256 0.0038127 0.0076928 0.0038141 0.0231402 0.0076710 0.0076466 0.0076482 0.0038127 0.0038127 0.0115411 0.0038201 0.0000010 0.0076632 0.0192064 0.0310334 0.0076606 0.0076466 0.0115041 0.0076710 0.0038225 0.0076377 0.0078770 0.0042012 0.0115387 0.0038127 0.0076403 0.0231121 0.0038127 
23471      0.0114906 0.0114999 0.0076377 0.0153759 0.0076703 0.0154013 0.0076361 0.0114747 0.0193485 0.0076272 0.0115166 0.0115325 0.0154139 0.0154363 0.0153799 0.0114788 0.0193966 0.0153577 0.0038075 0.0039174 0.0115166 0.0076377 0.0000000 0.0153916 0.0114882 0.0076549 0.0153916 0.0115237 0.0076272 0.0118985 0.0076438 0.0076361 0.0076361 0.0114975 0.0038203 0.0114747 0.0154354 0.0114788 0.0231079 0.0153916 0.0076361 0.0076377 0.0038075 0.0114747 0.0192972 0.0114999 0.0080365 0.0153759 0.0191797 0.0309896 0.0076500 0.0153421 0.0192348 0.0153916 0.0038172 0.0076272 0.0078659 0.0041948 0.0192934 0.0038075 0.0076299 0.0230798 0.0038075 
44722      0.0115411 0.0038155 0.0076710 0.0076521 0.0077039 0.0154696 0.0154099 0.0115251 0.0115547 0.0153916 0.0193683 0.0115834 0.0076710 0.0233658 0.0232795 0.0115292 0.0115834 0.0076432 0.0115251 0.0118617 0.0115673 0.0076710 0.0153916 0.0000000 0.0115387 0.0154481 0.0076599 0.0115746 0.0153916 0.0119527 0.0154256 0.0154099 0.0154099 0.0193363 0.0115672 0.0115251 0.0076816 0.0115292 0.0310915 0.0076599 0.0154099 0.0154130 0.0115251 0.0115251 0.0115243 0.0038155 0.0080735 0.0076521 0.0270954 0.0390945 0.0154384 0.0154099 0.0193204 0.0076599 0.0115577 0.0153916 0.0158776 0.0127091 0.0115220 0.0115251 0.0153972 0.0310538 0.0115251 
308        0.0076571 0.0076632 0.0038162 0.0115270 0.0038326 0.0115461 0.0115017 0.0076466 0.0154722 0.0114882 0.0154196 0.0076850 0.0115555 0.0193766 0.0193055 0.0076492 0.0155107 0.0115134 0.0076466 0.0078688 0.0076744 0.0038162 0.0114882 0.0115387 0.0000000 0.0115301 0.0115387 0.0076792 0.0114882 0.0079288 0.0115134 0.0115017 0.0115017 0.0076606 0.0076743 0.0076466 0.0115716 0.0076492 0.0270728 0.0115387 0.0115017 0.0115041 0.0076466 0.0076466 0.0154313 0.0076632 0.0040160 0.0115270 0.0231121 0.0350112 0.0115229 0.0115017 0.0153815 0.0115387 0.0076681 0.0114882 0.0118492 0.0084279 0.0154282 0.0076466 0.0114923 0.0270399 0.0076466 
59         0.0115325 0.0115419 0.0076654 0.0154323 0.0076983 0.0154579 0.0076638 0.0115166 0.0194200 0.0076549 0.0115587 0.0115748 0.0154706 0.0154932 0.0154363 0.0115207 0.0194684 0.0154139 0.0038204 0.0039320 0.0115587 0.0076654 0.0076549 0.0154481 0.0115301 0.0000000 0.0154481 0.0115659 0.0076549 0.0119435 0.0076716 0.0076638 0.0076638 0.0115395 0.0038343 0.0115166 0.0154922 0.0115207 0.0231930 0.0154481 0.0076638 0.0076654 0.0038204 0.0115166 0.0193683 0.0115419 0.0080673 0.0154323 0.0192499 0.0311046 0.0076779 0.0153982 0.0193055 0.0154481 0.0038312 0.0076549 0.0078954 0.0042116 0.0193645 0.0038204 0.0076576 0.0231647 0.0038204 
189        0.0115411 0.0038155 0.0076710 0.0076521 0.0077039 0.0154696 0.0154099 0.0115251 0.0115547 0.0153916 0.0193683 0.0115834 0.0076710 0.0233658 0.0232795 0.0115292 0.0115834 0.0076432 0.0115251 0.0118617 0.0115673 0.0076710 0.0153916 0.0076599 0.0115387 0.0154481 0.0000000 0.0115746 0.0153916 0.0119527 0.0076432 0.0154099 0.0154099 0.0193363 0.0115672 0.0115251 0.0076816 0.0115292 0.0310915 0.0000010 0.0154099 0.0154130 0.0115251 0.0115251 0.0038069 0.0038155 0.0080735 0.0076521 0.0270954 0.0390945 0.0154384 0.0154099 0.0193204 0.0076599 0.0115577 0.0153916 0.0158776 0.0127091 0.0115220 0.0115251 0.0153972 0.0310538 0.0115251 
832        0.0076808 0.0076870 0.0038281 0.0115627 0.0038281 0.0115820 0.0115373 0.0076703 0.0155204 0.0115237 0.0154674 0.0077089 0.0115915 0.0194368 0.0193652 0.0076729 0.0155591 0.0115491 0.0076703 0.0078594 0.0076983 0.0038281 0.0115237 0.0115746 0.0076792 0.0115659 0.0115746 0.0000000 0.0115237 0.0079542 0.0115491 0.0115373 0.0115373 0.0154418 0.0076982 0.0076703 0.0116076 0.0076729 0.0271561 0.0115746 0.0115373 0.0115397 0.0076703 0.0076703 0.0154792 0.0076870 0.0040291 0.0115627 0.0231832 0.0351190 0.0115586 0.0115373 0.0154291 0.0115746 0.0076919 0.0115237 0.0118349 0.0084567 0.0154761 0.0076703 0.0115279 0.0271231 0.0076703 
12353      0.0114906 0.0114999 0.0076377 0.0153759 0.0076703 0.0154013 0.0076361 0.0114747 0.0193485 0.0076272 0.0115166 0.0115325 0.0154139 0.0154363 0.0153799 0.0114788 0.0193966 0.0153577 0.0038075 0.0039174 0.0115166 0.0076377 0.0076272 0.0153916 0.0114882 0.0076549 0.0153916 0.0115237 0.0000000 0.0118985 0.0076438 0.0076361 0.0076361 0.0114975 0.0038203 0.0114747 0.0154354 0.0114788 0.0231079 0.0153916 0.0076361 0.0076377 0.0038075 0.0114747 0.0192972 0.0114999 0.0080365 0.0153759 0.0191797 0.0309896 0.0076500 0.0153421 0.0192348 0.0153916 0.0038172 0.0076272 0.0078659 0.0041948 0.0192934 0.0038075 0.0076299 0.0230798 0.0038075 
835        0.0079305 0.0079371 0.0039524 0.0119401 0.0039699 0.0119606 0.0119130 0.0079192 0.0119401 0.0118985 0.0159741 0.0079604 0.0119707 0.0200773 0.0200008 0.0079221 0.0119707 0.0119255 0.0079192 0.0081570 0.0079490 0.0039524 0.0118985 0.0119527 0.0079288 0.0119435 0.0119527 0.0079542 0.0118985 0.0000000 0.0119255 0.0119130 0.0119130 0.0159468 0.0079490 0.0079192 0.0119879 0.0079221 0.0280497 0.0119527 0.0119130 0.0119155 0.0079192 0.0079192 0.0159867 0.0079371 0.0041668 0.0119401 0.0239427 0.0362828 0.0119357 0.0119130 0.0159333 0.0119527 0.0079423 0.0118985 0.0122862 0.0087603 0.0159833 0.0079192 0.0119029 0.0280145 0.0079192 
4676       0.0115158 0.0115251 0.0076543 0.0154099 0.0076870 0.0154354 0.0076527 0.0114999 0.0193916 0.0076438 0.0115419 0.0115579 0.0154481 0.0154706 0.0154139 0.0115040 0.0194400 0.0153916 0.0038158 0.0039261 0.0115419 0.0076543 0.0076438 0.0154256 0.0115134 0.0076716 0.0076432 0.0115491 0.0076438 0.0119255 0.0000000 0.0076527 0.0076527 0.0115228 0.0038287 0.0114999 0.0154696 0.0115040 0.0231594 0.0076432 0.0076527 0.0076543 0.0038158 0.0114999 0.0114991 0.0115251 0.0080549 0.0154099 0.0192221 0.0310596 0.0076667 0.0153759 0.0192775 0.0154256 0.0038256 0.0076438 0.0078836 0.0042049 0.0193363 0.0038158 0.0076465 0.0231312 0.0038158 
8520       0.0115041 0.0115134 0.0076466 0.0153941 0.0076792 0.0154196 0.0076450 0.0114882 0.0193717 0.0076361 0.0115301 0.0115461 0.0154323 0.0154547 0.0153982 0.0114923 0.0194200 0.0153759 0.0038119 0.0039220 0.0115301 0.0076466 0.0076361 0.0154099 0.0115017 0.0076638 0.0154099 0.0115373 0.0076361 0.0119130 0.0076527 0.0000000 0.0076450 0.0115110 0.0038248 0.0114882 0.0154538 0.0114923 0.0231358 0.0154099 0.0076450 0.0076466 0.0038119 0.0114882 0.0193204 0.0115134 0.0080464 0.0153941 0.0192026 0.0310276 0.0076590 0.0153602 0.0192578 0.0154099 0.0038217 0.0076361 0.0078754 0.0042002 0.0193165 0.0038119 0.0076387 0.0231076 0.0038119 
1354       0.0115041 0.0115134 0.0076466 0.0076606 0.0076792 0.0154196 0.0076450 0.0114882 0.0115674 0.0076361 0.0115301 0.0115461 0.0154323 0.0154547 0.0153982 0.0114923 0.0194200 0.0153759 0.0038119 0.0039220 0.0115301 0.0076466 0.0076361 0.0154099 0.0115017 0.0076638 0.0154099 0.0115373 0.0076361 0.0119130 0.0076527 0.0076450 0.0000000 0.0115110 0.0038248 0.0114882 0.0154538 0.0114923 0.0231358 0.0154099 0.0076450 0.0076466 0.0038119 0.0114882 0.0193204 0.0115134 0.0080464 0.0153941 0.0192026 0.0310276 0.0076590 0.0153602 0.0192578 0.0154099 0.0038217 0.0076361 0.0078754 0.0042002 0.0193165 0.0038119 0.0076387 0.0231076 0.0038119 
20940      0.0153972 0.0154099 0.0115134 0.0193165 0.0115627 0.0193485 0.0115110 0.0153759 0.0233361 0.0114975 0.0154323 0.0154538 0.0193645 0.0193927 0.0193214 0.0153815 0.0233943 0.0192934 0.0076527 0.0078754 0.0154323 0.0115134 0.0114975 0.0193363 0.0076606 0.0115395 0.0193363 0.0154418 0.0114975 0.0159468 0.0115228 0.0115110 0.0115110 0.0000000 0.0076805 0.0153759 0.0193916 0.0153815 0.0270954 0.0193363 0.0115110 0.0115134 0.0076527 0.0153759 0.0232738 0.0154099 0.0121179 0.0193165 0.0231312 0.0350411 0.0115322 0.0192737 0.0231980 0.0193363 0.0076743 0.0114975 0.0039162 0.0084354 0.0232693 0.0076527 0.0115016 0.0270625 0.0076527 
80         0.0076759 0.0076821 0.0038256 0.0115554 0.0038421 0.0115747 0.0038248 0.0076654 0.0155106 0.0038203 0.0076933 0.0077040 0.0115841 0.0116010 0.0115586 0.0076681 0.0155493 0.0115418 0.0000010 0.0000010 0.0076933 0.0038256 0.0038203 0.0115672 0.0076743 0.0038343 0.0115672 0.0076982 0.0038203 0.0079490 0.0038287 0.0038248 0.0038248 0.0076805 0.0000000 0.0076654 0.0116002 0.0076681 0.0192964 0.0115672 0.0038248 0.0038256 0.0000010 0.0076654 0.0154695 0.0076821 0.0040264 0.0115554 0.0153752 0.0271727 0.0038318 0.0115300 0.0154195 0.0115672 0.0000010 0.0038203 0.0039408 0.0000010 0.0154663 0.0000010 0.0038217 0.0192728 0.0000010 
848        0.0076482 0.0076543 0.0038127 0.0115134 0.0038281 0.0115325 0.0114882 0.0076377 0.0154538 0.0114747 0.0154013 0.0076760 0.0115419 0.0193533 0.0192823 0.0076403 0.0154922 0.0114999 0.0076377 0.0078594 0.0076654 0.0038127 0.0114747 0.0115251 0.0076466 0.0115166 0.0115251 0.0076703 0.0114747 0.0079192 0.0114999 0.0114882 0.0114882 0.0153759 0.0076654 0.0000000 0.0115579 0.0076403 0.0270399 0.0115251 0.0114882 0.0114906 0.0076377 0.0076377 0.0154130 0.0076543 0.0040111 0.0115134 0.0230843 0.0349689 0.0115093 0.0114882 0.0153633 0.0115251 0.0076591 0.0114747 0.0118349 0.0084171 0.0154099 0.0076377 0.0114788 0.0270071 0.0076377 
82         0.0115740 0.0038253 0.0076928 0.0076738 0.0077259 0.0155139 0.0154538 0.0115579 0.0115877 0.0154354 0.0194238 0.0116165 0.0076928 0.0234331 0.0233463 0.0115620 0.0116165 0.0076649 0.0115579 0.0118964 0.0116003 0.0076928 0.0154354 0.0076816 0.0115716 0.0154922 0.0076816 0.0116076 0.0154354 0.0119879 0.0154696 0.0154538 0.0154538 0.0193916 0.0116002 0.0115579 0.0000000 0.0115620 0.0311809 0.0076816 0.0154538 0.0154569 0.0115579 0.0115579 0.0115571 0.0038253 0.0080976 0.0076738 0.0271730 0.0392074 0.0154824 0.0154538 0.0193756 0.0076816 0.0115907 0.0154354 0.0159242 0.0127490 0.0115547 0.0115579 0.0154410 0.0311430 0.0115579 
17875      0.0076508 0.0076570 0.0038141 0.0115175 0.0038294 0.0115366 0.0114923 0.0076403 0.0154594 0.0114788 0.0154069 0.0076787 0.0115460 0.0193605 0.0192895 0.0076430 0.0154979 0.0115040 0.0076403 0.0078622 0.0076681 0.0038141 0.0114788 0.0115292 0.0076492 0.0115207 0.0115292 0.0076729 0.0114788 0.0079221 0.0115040 0.0114923 0.0114923 0.0153815 0.0076681 0.0076403 0.0115620 0.0000000 0.0270502 0.0115292 0.0114923 0.0114947 0.0076403 0.0076403 0.0154186 0.0076570 0.0040125 0.0115175 0.0230930 0.0349827 0.0115134 0.0114923 0.0153689 0.0115292 0.0076618 0.0114788 0.0118393 0.0084204 0.0154155 0.0076403 0.0114829 0.0270174 0.0076403 
37587      0.0192528 0.0271006 0.0231402 0.0310595 0.0232396 0.0311103 0.0231358 0.0270399 0.0351783 0.0231079 0.0271398 0.0271782 0.0311367 0.0311819 0.0310663 0.0270502 0.0352661 0.0310214 0.0192260 0.0197874 0.0271398 0.0231402 0.0231079 0.0310915 0.0270728 0.0231930 0.0310915 0.0271561 0.0231079 0.0280497 0.0231594 0.0231358 0.0231358 0.0270954 0.0192964 0.0270399 0.0311809 0.0270502 0.0000000 0.0310915 0.0231358 0.0153563 0.0192260 0.0270399 0.0350835 0.0271006 0.0243617 0.0310595 0.0191905 0.0076445 0.0231787 0.0309895 0.0349687 0.0310915 0.0192804 0.0231079 0.0238381 0.0212030 0.0350771 0.0192260 0.0231166 0.0230930 0.0192260 
37845      0.0115411 0.0038155 0.0076710 0.0076521 0.0077039 0.0154696 0.0154099 0.0115251 0.0115547 0.0153916 0.0193683 0.0115834 0.0076710 0.0233658 0.0232795 0.0115292 0.0115834 0.0076432 0.0115251 0.0118617 0.0115673 0.0076710 0.0153916 0.0076599 0.0115387 0.0154481 0.0000010 0.0115746 0.0153916 0.0119527 0.0076432 0.0154099 0.0154099 0.0193363 0.0115672 0.0115251 0.0076816 0.0115292 0.0310915 0.0000000 0.0154099 0.0154130 0.0115251 0.0115251 0.0038069 0.0037783 0.0080735 0.0076521 0.0270954 0.0390945 0.0154384 0.0154099 0.0193204 0.0076599 0.0115577 0.0153916 0.0158776 0.0127091 0.0115220 0.0115251 0.0153972 0.0310538 0.0115251 
982        0.0115041 0.0115134 0.0076466 0.0153941 0.0076792 0.0154196 0.0076450 0.0114882 0.0193717 0.0076361 0.0115301 0.0115461 0.0154323 0.0154547 0.0153982 0.0114923 0.0194200 0.0153759 0.0038119 0.0039220 0.0115301 0.0076466 0.0076361 0.0154099 0.0115017 0.0076638 0.0154099 0.0115373 0.0076361 0.0119130 0.0076527 0.0076450 0.0076450 0.0115110 0.0038248 0.0114882 0.0154538 0.0114923 0.0231358 0.0154099 0.0000000 0.0076466 0.0038119 0.0114882 0.0193204 0.0115134 0.0080464 0.0153941 0.0192026 0.0310276 0.0076590 0.0153602 0.0192578 0.0154099 0.0038217 0.0076361 0.0078754 0.0042002 0.0193165 0.0038119 0.0076387 0.0231076 0.0038119 
21974      0.0038170 0.0115158 0.0076482 0.0153972 0.0076808 0.0154227 0.0076466 0.0114906 0.0193756 0.0076377 0.0115325 0.0115485 0.0154354 0.0154579 0.0154013 0.0114947 0.0194238 0.0153790 0.0038127 0.0039229 0.0115325 0.0076482 0.0076377 0.0154130 0.0115041 0.0076654 0.0154130 0.0115397 0.0076377 0.0119155 0.0076543 0.0076466 0.0076466 0.0115134 0.0038256 0.0114906 0.0154569 0.0114947 0.0153563 0.0154130 0.0076466 0.0000000 0.0038127 0.0114906 0.0193242 0.0115158 0.0080481 0.0153972 0.0192064 0.0231681 0.0076606 0.0153633 0.0192616 0.0154130 0.0038225 0.0076377 0.0078770 0.0042012 0.0193204 0.0038127 0.0076403 0.0231121 0.0038127 
2520       0.0076482 0.0076543 0.0038127 0.0115134 0.0038281 0.0115325 0.0038119 0.0076377 0.0154538 0.0038075 0.0076654 0.0076760 0.0115419 0.0115587 0.0115166 0.0076403 0.0154922 0.0114999 0.0000010 0.0000010 0.0076654 0.0038127 0.0038075 0.0115251 0.0076466 0.0038204 0.0115251 0.0076703 0.0038075 0.0079192 0.0038158 0.0038119 0.0038119 0.0076527 0.0000010 0.0076377 0.0115579 0.0076403 0.0192260 0.0115251 0.0038119 0.0038127 0.0000000 0.0076377 0.0154130 0.0076543 0.0040111 0.0115134 0.0153194 0.0270728 0.0038179 0.0114882 0.0153633 0.0115251 0.0000010 0.0038075 0.0039261 0.0000010 0.0154099 0.0000010 0.0038088 0.0192026 0.0000010 
857        0.0076482 0.0076543 0.0038127 0.0115134 0.0038281 0.0115325 0.0114882 0.0076377 0.0154538 0.0114747 0.0154013 0.0076760 0.0115419 0.0193533 0.0192823 0.0076403 0.0154922 0.0114999 0.0076377 0.0078594 0.0076654 0.0038127 0.0114747 0.0115251 0.0076466 0.0115166 0.0115251 0.0076703 0.0114747 0.0079192 0.0114999 0.0114882 0.0114882 0.0153759 0.0076654 0.0076377 0.0115579 0.0076403 0.0270399 0.0115251 0.0114882 0.0114906 0.0076377 0.0000000 0.0154130 0.0076543 0.0000010 0.0115134 0.0230843 0.0349689 0.0115093 0.0038119 0.0076466 0.0115251 0.0076591 0.0114747 0.0118349 0.0084171 0.0154099 0.0076377 0.0114788 0.0270071 0.0076377 
37846      0.0154344 0.0076537 0.0115411 0.0115126 0.0115907 0.0193955 0.0193204 0.0154130 0.0154528 0.0192972 0.0233123 0.0154913 0.0115411 0.0273429 0.0272415 0.0154186 0.0154913 0.0114991 0.0154130 0.0158642 0.0154696 0.0115411 0.0192972 0.0115243 0.0154313 0.0193683 0.0038069 0.0154792 0.0192972 0.0159867 0.0114991 0.0193204 0.0193204 0.0232738 0.0154695 0.0154130 0.0115571 0.0154186 0.0350835 0.0038069 0.0193204 0.0193242 0.0154130 0.0154130 0.0000000 0.0076537 0.0121485 0.0115126 0.0310596 0.0431353 0.0193562 0.0193204 0.0232544 0.0115243 0.0154567 0.0192972 0.0199084 0.0170017 0.0154089 0.0154130 0.0193043 0.0350411 0.0154130 
37847      0.0076649 0.0000010 0.0038201 0.0038116 0.0038365 0.0115579 0.0115134 0.0076543 0.0076738 0.0114999 0.0154354 0.0076928 0.0038201 0.0193966 0.0193252 0.0076570 0.0076928 0.0038072 0.0076543 0.0078770 0.0076822 0.0038201 0.0114999 0.0038155 0.0076632 0.0115419 0.0038155 0.0076870 0.0114999 0.0079371 0.0115251 0.0115134 0.0115134 0.0154099 0.0076821 0.0076543 0.0038253 0.0076570 0.0271006 0.0037783 0.0115134 0.0115158 0.0076543 0.0076543 0.0076537 0.0000000 0.0040203 0.0038116 0.0231357 0.0350475 0.0115346 0.0115134 0.0153972 0.0038155 0.0076759 0.0114999 0.0118617 0.0084374 0.0076521 0.0076543 0.0115040 0.0270676 0.0076543 
860        0.0040169 0.0040203 0.0000010 0.0080648 0.0000010 0.0080790 0.0080464 0.0040111 0.0121823 0.0080365 0.0121390 0.0040323 0.0080858 0.0162754 0.0162127 0.0040125 0.0122142 0.0080549 0.0040111 0.0041339 0.0040264 0.0000010 0.0080365 0.0080735 0.0040160 0.0080673 0.0080735 0.0040291 0.0080365 0.0041668 0.0080549 0.0080464 0.0080464 0.0121179 0.0040264 0.0040111 0.0080976 0.0040125 0.0243617 0.0080735 0.0080464 0.0080481 0.0040111 0.0000010 0.0121485 0.0040203 0.0000000 0.0080648 0.0202158 0.0326822 0.0080619 0.0040160 0.0080580 0.0080735 0.0040230 0.0080365 0.0083015 0.0044438 0.0121459 0.0040111 0.0080395 0.0243306 0.0040111 
37848      0.0115293 0.0038116 0.0076632 0.0076444 0.0076961 0.0154538 0.0153941 0.0115134 0.0115429 0.0153759 0.0193485 0.0115716 0.0076632 0.0233417 0.0232555 0.0115175 0.0115716 0.0076355 0.0115134 0.0118492 0.0115555 0.0076632 0.0153759 0.0076521 0.0115270 0.0154323 0.0076521 0.0115627 0.0153759 0.0119401 0.0154099 0.0153941 0.0153941 0.0193165 0.0115554 0.0115134 0.0076738 0.0115175 0.0310595 0.0076521 0.0153941 0.0153972 0.0115134 0.0115134 0.0115126 0.0038116 0.0080648 0.0000000 0.0270676 0.0390540 0.0154226 0.0153941 0.0193006 0.0076521 0.0115459 0.0153759 0.0158609 0.0126949 0.0115103 0.0115134 0.0153815 0.0310219 0.0115134 
1118       0.0231166 0.0231357 0.0192064 0.0270676 0.0192886 0.0271120 0.0192026 0.0230843 0.0311430 0.0191797 0.0231692 0.0232017 0.0271347 0.0271741 0.0270739 0.0230930 0.0312206 0.0270348 0.0153194 0.0157650 0.0231692 0.0192064 0.0191797 0.0270954 0.0231121 0.0192499 0.0270954 0.0231832 0.0191797 0.0239427 0.0192221 0.0192026 0.0192026 0.0231312 0.0153752 0.0230843 0.0271730 0.0230930 0.0191905 0.0270954 0.0192026 0.0192064 0.0153194 0.0230843 0.0310596 0.0231357 0.0202158 0.0270676 0.0000000 0.0270225 0.0192380 0.0270071 0.0309577 0.0270954 0.0153625 0.0191797 0.0197833 0.0168877 0.0310538 0.0153194 0.0114577 0.0037975 0.0153194 
45023      0.0271109 0.0350475 0.0310334 0.0390540 0.0311673 0.0391176 0.0310276 0.0349689 0.0432526 0.0309896 0.0350983 0.0351484 0.0391512 0.0392081 0.0390616 0.0349827 0.0433609 0.0390052 0.0270728 0.0278674 0.0350983 0.0310334 0.0309896 0.0390945 0.0350112 0.0311046 0.0390945 0.0351190 0.0309896 0.0362828 0.0310596 0.0310276 0.0310276 0.0350411 0.0271727 0.0349689 0.0392074 0.0349827 0.0076445 0.0390945 0.0310276 0.0231681 0.0270728 0.0349689 0.0431353 0.0350475 0.0326822 0.0390540 0.0270225 0.0000000 0.0310857 0.0389648 0.0429914 0.0390945 0.0271499 0.0309896 0.0319746 0.0212030 0.0431278 0.0270728 0.0310016 0.0309699 0.0270728 
62806      0.0115252 0.0115346 0.0076606 0.0154226 0.0076933 0.0154481 0.0076590 0.0115093 0.0194078 0.0076500 0.0115514 0.0115674 0.0154608 0.0154834 0.0154266 0.0115134 0.0194562 0.0154043 0.0038179 0.0039294 0.0115514 0.0076606 0.0076500 0.0154384 0.0115229 0.0076779 0.0154384 0.0115586 0.0076500 0.0119357 0.0076667 0.0076590 0.0076590 0.0115322 0.0038318 0.0115093 0.0154824 0.0115134 0.0231787 0.0154384 0.0076590 0.0076606 0.0038179 0.0115093 0.0193562 0.0115346 0.0080619 0.0154226 0.0192380 0.0310857 0.0000000 0.0153885 0.0192934 0.0154384 0.0038287 0.0076500 0.0078902 0.0042086 0.0193524 0.0038179 0.0076527 0.0231505 0.0038179 
1379       0.0115041 0.0115134 0.0076466 0.0153941 0.0076792 0.0154196 0.0153602 0.0114882 0.0193717 0.0153421 0.0193055 0.0115461 0.0154323 0.0232894 0.0232036 0.0114923 0.0194200 0.0153759 0.0114882 0.0118225 0.0115301 0.0076466 0.0153421 0.0154099 0.0115017 0.0153982 0.0154099 0.0115373 0.0153421 0.0119130 0.0153759 0.0153602 0.0153602 0.0192737 0.0115300 0.0114882 0.0154538 0.0114923 0.0309895 0.0154099 0.0153602 0.0153633 0.0114882 0.0038119 0.0193204 0.0115134 0.0040160 0.0153941 0.0270071 0.0389648 0.0153885 0.0000000 0.0038158 0.0154099 0.0115206 0.0153421 0.0158249 0.0126642 0.0193165 0.0114882 0.0153476 0.0309520 0.0114882 
1380       0.0153847 0.0153972 0.0115041 0.0193006 0.0115533 0.0193325 0.0192578 0.0153633 0.0233166 0.0192348 0.0232362 0.0154411 0.0193485 0.0272530 0.0271522 0.0153689 0.0233747 0.0192775 0.0153633 0.0158116 0.0154196 0.0115041 0.0192348 0.0193204 0.0153815 0.0193055 0.0193204 0.0154291 0.0192348 0.0159333 0.0192775 0.0192578 0.0192578 0.0231980 0.0154195 0.0153633 0.0193756 0.0153689 0.0349687 0.0193204 0.0192578 0.0192616 0.0153633 0.0076466 0.0232544 0.0153972 0.0080580 0.0193006 0.0309577 0.0429914 0.0192934 0.0038158 0.0000000 0.0193204 0.0154067 0.0192348 0.0198419 0.0169412 0.0232499 0.0153633 0.0192419 0.0349265 0.0153633 
106        0.0115411 0.0038155 0.0076710 0.0076521 0.0077039 0.0154696 0.0154099 0.0115251 0.0115547 0.0153916 0.0193683 0.0115834 0.0076710 0.0233658 0.0232795 0.0115292 0.0115834 0.0076432 0.0115251 0.0118617 0.0115673 0.0076710 0.0153916 0.0076599 0.0115387 0.0154481 0.0076599 0.0115746 0.0153916 0.0119527 0.0154256 0.0154099 0.0154099 0.0193363 0.0115672 0.0115251 0.0076816 0.0115292 0.0310915 0.0076599 0.0154099 0.0154130 0.0115251 0.0115251 0.0115243 0.0038155 0.0080735 0.0076521 0.0270954 0.0390945 0.0154384 0.0154099 0.0193204 0.0000000 0.0115577 0.0153916 0.0158776 0.0127091 0.0038061 0.0115251 0.0153972 0.0310538 0.0115251 
108        0.0076697 0.0076759 0.0038225 0.0115459 0.0038389 0.0115651 0.0038217 0.0076591 0.0154977 0.0038172 0.0076870 0.0076977 0.0115746 0.0115915 0.0115491 0.0076618 0.0155364 0.0115323 0.0000010 0.0000010 0.0076870 0.0038225 0.0038172 0.0115577 0.0076681 0.0038312 0.0115577 0.0076919 0.0038172 0.0079423 0.0038256 0.0038217 0.0038217 0.0076743 0.0000010 0.0076591 0.0115907 0.0076618 0.0192804 0.0115577 0.0038217 0.0038225 0.0000010 0.0076591 0.0154567 0.0076759 0.0040230 0.0115459 0.0153625 0.0271499 0.0038287 0.0115206 0.0154067 0.0115577 0.0000000 0.0038172 0.0039375 0.0000010 0.0154535 0.0000010 0.0038185 0.0192568 0.0000010 
2414       0.0114906 0.0114999 0.0076377 0.0153759 0.0076703 0.0154013 0.0076361 0.0114747 0.0193485 0.0076272 0.0115166 0.0115325 0.0154139 0.0154363 0.0153799 0.0114788 0.0193966 0.0153577 0.0038075 0.0039174 0.0115166 0.0076377 0.0076272 0.0153916 0.0114882 0.0076549 0.0153916 0.0115237 0.0076272 0.0118985 0.0076438 0.0076361 0.0076361 0.0114975 0.0038203 0.0114747 0.0154354 0.0114788 0.0231079 0.0153916 0.0076361 0.0076377 0.0038075 0.0114747 0.0192972 0.0114999 0.0080365 0.0153759 0.0191797 0.0309896 0.0076500 0.0153421 0.0192348 0.0153916 0.0038172 0.0000000 0.0078659 0.0041948 0.0192934 0.0038075 0.0076299 0.0230798 0.0038075 
38767      0.0118517 0.0118617 0.0078770 0.0158609 0.0078770 0.0158879 0.0078754 0.0118349 0.0199629 0.0078659 0.0118794 0.0118964 0.0159014 0.0159252 0.0158652 0.0118393 0.0200141 0.0158415 0.0039261 0.0039261 0.0118794 0.0078770 0.0078659 0.0158776 0.0118492 0.0078954 0.0158776 0.0118349 0.0078659 0.0122862 0.0078836 0.0078754 0.0078754 0.0039162 0.0039408 0.0118349 0.0159242 0.0118393 0.0238381 0.0158776 0.0078754 0.0078770 0.0039261 0.0118349 0.0199084 0.0118617 0.0083015 0.0158609 0.0197833 0.0319746 0.0078902 0.0158249 0.0198419 0.0158776 0.0039375 0.0078659 0.0000000 0.0043397 0.0199043 0.0039261 0.0078687 0.0238082 0.0039261 
71406      0.0084299 0.0084374 0.0042012 0.0126949 0.0042209 0.0127181 0.0042002 0.0084171 0.0170514 0.0000010 0.0042180 0.0042012 0.0127295 0.0084849 0.0084509 0.0084204 0.0170981 0.0126784 0.0000010 0.0000010 0.0042012 0.0042012 0.0041948 0.0127091 0.0084279 0.0042116 0.0127091 0.0084567 0.0041948 0.0087603 0.0042049 0.0042002 0.0042002 0.0084354 0.0000010 0.0084171 0.0127490 0.0084204 0.0212030 0.0127091 0.0042002 0.0042012 0.0000010 0.0084171 0.0170017 0.0084374 0.0044438 0.0126949 0.0168877 0.0212030 0.0042086 0.0126642 0.0169412 0.0127091 0.0000010 0.0041948 0.0043397 0.0000000 0.0169979 0.0000010 0.0041964 0.0168877 0.0000010 
93426      0.0154313 0.0076521 0.0115387 0.0115103 0.0115883 0.0193916 0.0193165 0.0154099 0.0154497 0.0192934 0.0233077 0.0154881 0.0115387 0.0273377 0.0272363 0.0154155 0.0154881 0.0114967 0.0154099 0.0158609 0.0154665 0.0115387 0.0192934 0.0115220 0.0154282 0.0193645 0.0115220 0.0154761 0.0192934 0.0159833 0.0193363 0.0193165 0.0193165 0.0232693 0.0154663 0.0154099 0.0115547 0.0154155 0.0350771 0.0115220 0.0193165 0.0193204 0.0154099 0.0154099 0.0154089 0.0076521 0.0121459 0.0115103 0.0310538 0.0431278 0.0193524 0.0193165 0.0232499 0.0038061 0.0154535 0.0192934 0.0199043 0.0169979 0.0000000 0.0154099 0.0193005 0.0350347 0.0154099 
71161      0.0076482 0.0076543 0.0038127 0.0115134 0.0038281 0.0115325 0.0038119 0.0076377 0.0154538 0.0038075 0.0076654 0.0076760 0.0115419 0.0115587 0.0115166 0.0076403 0.0154922 0.0114999 0.0000010 0.0000010 0.0076654 0.0038127 0.0038075 0.0115251 0.0076466 0.0038204 0.0115251 0.0076703 0.0038075 0.0079192 0.0038158 0.0038119 0.0038119 0.0076527 0.0000010 0.0076377 0.0115579 0.0076403 0.0192260 0.0115251 0.0038119 0.0038127 0.0000010 0.0076377 0.0154130 0.0076543 0.0040111 0.0115134 0.0153194 0.0270728 0.0038179 0.0114882 0.0153633 0.0115251 0.0000010 0.0038075 0.0039261 0.0000010 0.0154099 0.0000000 0.0038088 0.0192026 0.0000010 
2554       0.0114947 0.0115040 0.0076403 0.0153815 0.0076729 0.0154069 0.0076387 0.0114788 0.0193556 0.0076299 0.0115207 0.0115366 0.0154195 0.0154420 0.0153855 0.0114829 0.0194038 0.0153632 0.0038088 0.0039187 0.0115207 0.0076403 0.0076299 0.0153972 0.0114923 0.0076576 0.0153972 0.0115279 0.0076299 0.0119029 0.0076465 0.0076387 0.0076387 0.0115016 0.0038217 0.0114788 0.0154410 0.0114829 0.0231166 0.0153972 0.0076387 0.0076403 0.0038088 0.0114788 0.0193043 0.0115040 0.0080395 0.0153815 0.0114577 0.0310016 0.0076527 0.0153476 0.0192419 0.0153972 0.0038185 0.0076299 0.0078687 0.0041964 0.0193005 0.0038088 0.0000000 0.0153194 0.0038088 
2555       0.0270450 0.0270676 0.0231121 0.0310219 0.0232113 0.0310726 0.0231076 0.0270071 0.0351356 0.0230798 0.0271068 0.0271451 0.0310988 0.0311440 0.0310286 0.0270174 0.0352233 0.0309838 0.0192026 0.0197626 0.0271068 0.0231121 0.0230798 0.0310538 0.0270399 0.0231647 0.0310538 0.0271231 0.0230798 0.0280145 0.0231312 0.0231076 0.0231076 0.0270625 0.0192728 0.0270071 0.0311430 0.0270174 0.0230930 0.0310538 0.0231076 0.0231121 0.0192026 0.0270071 0.0350411 0.0270676 0.0243306 0.0310219 0.0037975 0.0309699 0.0231505 0.0309520 0.0349265 0.0310538 0.0192568 0.0230798 0.0238082 0.0168877 0.0350347 0.0192026 0.0153194 0.0000000 0.0192026 
