111
13824      0.0000000 0.0246255 0.0254942 0.0301594 0.0156090 0.0075721 0.0116785 0.0288157 0.0333652 0.0075721 0.0200256 0.0120441 0.0288157 0.0000010 0.0206962 0.0197998 0.0486192 0.0116785 0.0118287 0.0159975 0.0288157 0.0115329 0.0077746 0.0159659 0.0288157 0.0118048 0.0333652 0.0115329 0.0246366 0.0159659 0.0157954 0.0118048 0.0159659 0.0079845 0.0118287 0.0200256 0.0157954 0.0116785 0.0157954 0.0116785 0.0243670 0.0037289 0.0200256 0.0116785 0.0115329 0.0116785 0.0337207 0.0118287 0.0291268 0.0115329 0.0079680 0.0156090 0.0075721 0.0200256 0.0246255 0.0124045 0.0115329 0.0243670 0.0156090 0.0157954 0.0437108 0.0243670 0.0038904 0.0160139 0.0491560 0.0159975 0.0118287 0.0115329 0.0118287 0.0120441 0.0159659 0.0115329 0.0388801 0.0243670 0.0115329 0.0075721 0.0079047 0.0076743 0.0172267 0.0159659 0.0120441 0.0459846 0.0294351 0.0079447 0.0203417 0.0134317 0.0119239 0.0123404 0.0166967 0.0082927 0.0040786 0.0157954 0.0118048 0.0163360 0.0115329 0.0156090 0.0123404 0.0156090 0.0075721 0.0037289 0.0116225 0.0116225 0.0077746 0.0076309 0.0157954 0.0075721 0.0243670 0.0333652 0.0209432 0.0118287 0.0118048 
455684     0.0246255 0.0000000 0.0169059 0.0214284 0.0246255 0.0159659 0.0204736 0.0204736 0.0248998 0.0246255 0.0204736 0.0211765 0.0204736 0.0175557 0.0304030 0.0291184 0.0348749 0.0204736 0.0252164 0.0252164 0.0294351 0.0202399 0.0252164 0.0251679 0.0204736 0.0206962 0.0248998 0.0202399 0.0251788 0.0251679 0.0248998 0.0206962 0.0251679 0.0168726 0.0207370 0.0204736 0.0161581 0.0204736 0.0248998 0.0204736 0.0248998 0.0202399 0.0294351 0.0204736 0.0202399 0.0204736 0.0251788 0.0207370 0.0297574 0.0202399 0.0168373 0.0246255 0.0246255 0.0204736 0.0344348 0.0217875 0.0202399 0.0248998 0.0246255 0.0248998 0.0301342 0.0161581 0.0211765 0.0252487 0.0401551 0.0252164 0.0207370 0.0202399 0.0207370 0.0123404 0.0251679 0.0202399 0.0255013 0.0248998 0.0202399 0.0159659 0.0166967 0.0248998 0.0271794 0.0251679 0.0211765 0.0317037 0.0209375 0.0167840 0.0299028 0.0186640 0.0209566 0.0216714 0.0263647 0.0271288 0.0222769 0.0248998 0.0206962 0.0257294 0.0118048 0.0159659 0.0216714 0.0246255 0.0246255 0.0202399 0.0204047 0.0204047 0.0207370 0.0160943 0.0248998 0.0159659 0.0248998 0.0248998 0.0214284 0.0252164 0.0206962 
10757      0.0254942 0.0169059 0.0000000 0.0038904 0.0254942 0.0165117 0.0211914 0.0038904 0.0079047 0.0254942 0.0038904 0.0209432 0.0038904 0.0182179 0.0315319 0.0301594 0.0312440 0.0120441 0.0261243 0.0261243 0.0211914 0.0209432 0.0261243 0.0260726 0.0038904 0.0214284 0.0079047 0.0209432 0.0260832 0.0260726 0.0257861 0.0214284 0.0260726 0.0166833 0.0214720 0.0211914 0.0167161 0.0211914 0.0257861 0.0211914 0.0079047 0.0209432 0.0120441 0.0211914 0.0209432 0.0211914 0.0260832 0.0214720 0.0308411 0.0209432 0.0166483 0.0254942 0.0254942 0.0038904 0.0357035 0.0215422 0.0209432 0.0079047 0.0254942 0.0257861 0.0264269 0.0000010 0.0209432 0.0261594 0.0416827 0.0261243 0.0214720 0.0209432 0.0214720 0.0122019 0.0260726 0.0209432 0.0217305 0.0167161 0.0209432 0.0165117 0.0165117 0.0257861 0.0268714 0.0209432 0.0209432 0.0265169 0.0039940 0.0165962 0.0309977 0.0136214 0.0217119 0.0214284 0.0260726 0.0281856 0.0231318 0.0257861 0.0214284 0.0266724 0.0122019 0.0165117 0.0214284 0.0254942 0.0254942 0.0209432 0.0211198 0.0211198 0.0214720 0.0166491 0.0257861 0.0165117 0.0079047 0.0079047 0.0038904 0.0261243 0.0214284 
10759      0.0301594 0.0214284 0.0038904 0.0000000 0.0301594 0.0209432 0.0257861 0.0079047 0.0038904 0.0301594 0.0079047 0.0254942 0.0000010 0.0231318 0.0365063 0.0349313 0.0264269 0.0163104 0.0308925 0.0308925 0.0257861 0.0254942 0.0308925 0.0308327 0.0079047 0.0260726 0.0120441 0.0254942 0.0308411 0.0308327 0.0304971 0.0260726 0.0308327 0.0166833 0.0261243 0.0257861 0.0211914 0.0257861 0.0304971 0.0257861 0.0120441 0.0254942 0.0163104 0.0257861 0.0254942 0.0257861 0.0308411 0.0261243 0.0357129 0.0254942 0.0211198 0.0301594 0.0301594 0.0079047 0.0406761 0.0262115 0.0254942 0.0120441 0.0301594 0.0304971 0.0217305 0.0038904 0.0254942 0.0309376 0.0365864 0.0308925 0.0261243 0.0254942 0.0261243 0.0165117 0.0308327 0.0254942 0.0264269 0.0211914 0.0254942 0.0209432 0.0209432 0.0304971 0.0317653 0.0254942 0.0254942 0.0218025 0.0081067 0.0210522 0.0358951 0.0184358 0.0264393 0.0260726 0.0308327 0.0333702 0.0281856 0.0304971 0.0260726 0.0315319 0.0165117 0.0209432 0.0260726 0.0301594 0.0301594 0.0254942 0.0257117 0.0257117 0.0261243 0.0211198 0.0304971 0.0209432 0.0120441 0.0038904 0.0079047 0.0308925 0.0260726 
2057       0.0156090 0.0246255 0.0254942 0.0301594 0.0000000 0.0075367 0.0116785 0.0200256 0.0243670 0.0075367 0.0200256 0.0038904 0.0288157 0.0082927 0.0120892 0.0115329 0.0388801 0.0116785 0.0077746 0.0077746 0.0200256 0.0115329 0.0159975 0.0077585 0.0288157 0.0118048 0.0243670 0.0115329 0.0159852 0.0159659 0.0076743 0.0118048 0.0077585 0.0079845 0.0118287 0.0116785 0.0157954 0.0200256 0.0076743 0.0116785 0.0157954 0.0115329 0.0116785 0.0116785 0.0115329 0.0116785 0.0246366 0.0118287 0.0202552 0.0115329 0.0079680 0.0075721 0.0075721 0.0288157 0.0159659 0.0124045 0.0115329 0.0157954 0.0075721 0.0076743 0.0437108 0.0243670 0.0120441 0.0077802 0.0393008 0.0077746 0.0118287 0.0037111 0.0118287 0.0120441 0.0077585 0.0115329 0.0294902 0.0243670 0.0037289 0.0075721 0.0079047 0.0157954 0.0172267 0.0077585 0.0120441 0.0459846 0.0294351 0.0079447 0.0118636 0.0134317 0.0038521 0.0123404 0.0166967 0.0082927 0.0040786 0.0076743 0.0118048 0.0163360 0.0115329 0.0075721 0.0123404 0.0075721 0.0075721 0.0115329 0.0037570 0.0037567 0.0118287 0.0076309 0.0076371 0.0156090 0.0243670 0.0242460 0.0209432 0.0077746 0.0118048 
7179       0.0075721 0.0159659 0.0165117 0.0209432 0.0075367 0.0000000 0.0037826 0.0200256 0.0243670 0.0075367 0.0116785 0.0038904 0.0200256 0.0000010 0.0120892 0.0115329 0.0388801 0.0037826 0.0077746 0.0077746 0.0200256 0.0037289 0.0077746 0.0077585 0.0200256 0.0038242 0.0243670 0.0037289 0.0159852 0.0077585 0.0076743 0.0038242 0.0077585 0.0000010 0.0038324 0.0116785 0.0076743 0.0116785 0.0076743 0.0037826 0.0157954 0.0037289 0.0116785 0.0037826 0.0037289 0.0037826 0.0246366 0.0038324 0.0202552 0.0037289 0.0000010 0.0075721 0.0075721 0.0200256 0.0159659 0.0040145 0.0037289 0.0157954 0.0075721 0.0076743 0.0341368 0.0157954 0.0038904 0.0077802 0.0393008 0.0077746 0.0038324 0.0037111 0.0038324 0.0038904 0.0077585 0.0037289 0.0294902 0.0157954 0.0037289 0.0000010 0.0000010 0.0076743 0.0083802 0.0077585 0.0038904 0.0358950 0.0204736 0.0000010 0.0118636 0.0043376 0.0038521 0.0039940 0.0081067 0.0082927 0.0040786 0.0076743 0.0038242 0.0079529 0.0037289 0.0075721 0.0039940 0.0075721 0.0075721 0.0037289 0.0037570 0.0037567 0.0038324 0.0000010 0.0076371 0.0075721 0.0243670 0.0242460 0.0122019 0.0077746 0.0038242 
13837      0.0116785 0.0204736 0.0211914 0.0257861 0.0116785 0.0037826 0.0000000 0.0246366 0.0291268 0.0116785 0.0159852 0.0080151 0.0246366 0.0041423 0.0165367 0.0157954 0.0441875 0.0077787 0.0119809 0.0119809 0.0246366 0.0076743 0.0119809 0.0119564 0.0246366 0.0078649 0.0291268 0.0076743 0.0116785 0.0119564 0.0037289 0.0078649 0.0119564 0.0039889 0.0078813 0.0075721 0.0037289 0.0075721 0.0118263 0.0077787 0.0202552 0.0076743 0.0159852 0.0077787 0.0076743 0.0077787 0.0200256 0.0078813 0.0157954 0.0076743 0.0039802 0.0116785 0.0116785 0.0246366 0.0204736 0.0082647 0.0076743 0.0202552 0.0116785 0.0118263 0.0393008 0.0202552 0.0080151 0.0077802 0.0341368 0.0119809 0.0078813 0.0076743 0.0078813 0.0080151 0.0119564 0.0076743 0.0345067 0.0202552 0.0076743 0.0037826 0.0039487 0.0037289 0.0129159 0.0119564 0.0080151 0.0358950 0.0251788 0.0039687 0.0162399 0.0043376 0.0079346 0.0082218 0.0125043 0.0128156 0.0084131 0.0118263 0.0078649 0.0122466 0.0076743 0.0116785 0.0082218 0.0116785 0.0116785 0.0076743 0.0077339 0.0077332 0.0078813 0.0038114 0.0118263 0.0116785 0.0291268 0.0291268 0.0167161 0.0119809 0.0078649 
2582       0.0288157 0.0204736 0.0038904 0.0079047 0.0200256 0.0200256 0.0246366 0.0000000 0.0037289 0.0200256 0.0075721 0.0165117 0.0075721 0.0220210 0.0254520 0.0243670 0.0252273 0.0156090 0.0205136 0.0205136 0.0159852 0.0243670 0.0294902 0.0204736 0.0075721 0.0248998 0.0037289 0.0243670 0.0204887 0.0294351 0.0202552 0.0248998 0.0204736 0.0211623 0.0249474 0.0159852 0.0202552 0.0246366 0.0202552 0.0246366 0.0037289 0.0243670 0.0075721 0.0246366 0.0243670 0.0246366 0.0204887 0.0249474 0.0249108 0.0243670 0.0211198 0.0200256 0.0200256 0.0075721 0.0294351 0.0262115 0.0243670 0.0037289 0.0200256 0.0202552 0.0298134 0.0037289 0.0254942 0.0205372 0.0348836 0.0205136 0.0249474 0.0157954 0.0249474 0.0165117 0.0204736 0.0243670 0.0163883 0.0202552 0.0157954 0.0200256 0.0209432 0.0291268 0.0317653 0.0204736 0.0254942 0.0313515 0.0077585 0.0210522 0.0250268 0.0184358 0.0163430 0.0260726 0.0308327 0.0220210 0.0173515 0.0202552 0.0248998 0.0300772 0.0157954 0.0116785 0.0260726 0.0200256 0.0200256 0.0243670 0.0159211 0.0159211 0.0249474 0.0201871 0.0202552 0.0200256 0.0037289 0.0037289 0.0079047 0.0205136 0.0248998 
2587       0.0333652 0.0248998 0.0079047 0.0038904 0.0243670 0.0243670 0.0291268 0.0037289 0.0000000 0.0243670 0.0115329 0.0209432 0.0037289 0.0268198 0.0300772 0.0288157 0.0207520 0.0197998 0.0249474 0.0249474 0.0202552 0.0288157 0.0341368 0.0248998 0.0115329 0.0294351 0.0075721 0.0288157 0.0249108 0.0340745 0.0246366 0.0294351 0.0248998 0.0211623 0.0294902 0.0202552 0.0246366 0.0291268 0.0246366 0.0291268 0.0075721 0.0288157 0.0115329 0.0291268 0.0288157 0.0291268 0.0249108 0.0294902 0.0294434 0.0288157 0.0257117 0.0243670 0.0243670 0.0115329 0.0340745 0.0309977 0.0288157 0.0075721 0.0243670 0.0246366 0.0252273 0.0075721 0.0301594 0.0249789 0.0301425 0.0249474 0.0294902 0.0200256 0.0294902 0.0209432 0.0248998 0.0288157 0.0207520 0.0246366 0.0200256 0.0243670 0.0254942 0.0337207 0.0367763 0.0248998 0.0301594 0.0265169 0.0118048 0.0256276 0.0295859 0.0233913 0.0207285 0.0308327 0.0357035 0.0268198 0.0220210 0.0246366 0.0294351 0.0348104 0.0200256 0.0157954 0.0308327 0.0243670 0.0243670 0.0288157 0.0201871 0.0201871 0.0294902 0.0245659 0.0246366 0.0243670 0.0075721 0.0000010 0.0120441 0.0249474 0.0294351 
7196       0.0075721 0.0246255 0.0254942 0.0301594 0.0075367 0.0075367 0.0116785 0.0200256 0.0243670 0.0000000 0.0200256 0.0038904 0.0288157 0.0040786 0.0120892 0.0115329 0.0388801 0.0116785 0.0077746 0.0077746 0.0200256 0.0115329 0.0077746 0.0077585 0.0288157 0.0118048 0.0243670 0.0115329 0.0159852 0.0159659 0.0076743 0.0118048 0.0077585 0.0079845 0.0118287 0.0116785 0.0157954 0.0116785 0.0076743 0.0116785 0.0157954 0.0037289 0.0116785 0.0116785 0.0115329 0.0116785 0.0246366 0.0118287 0.0202552 0.0115329 0.0079680 0.0075721 0.0000010 0.0200256 0.0159659 0.0124045 0.0115329 0.0157954 0.0075721 0.0076743 0.0437108 0.0243670 0.0038904 0.0077802 0.0393008 0.0077746 0.0118287 0.0037111 0.0118287 0.0120441 0.0077585 0.0115329 0.0294902 0.0243670 0.0037289 0.0075721 0.0079047 0.0076743 0.0172267 0.0077585 0.0120441 0.0459846 0.0294351 0.0079447 0.0118636 0.0134317 0.0038521 0.0123404 0.0166967 0.0040786 0.0000010 0.0076743 0.0118048 0.0163360 0.0115329 0.0075721 0.0123404 0.0075721 0.0075721 0.0115329 0.0037570 0.0037567 0.0118287 0.0076309 0.0076371 0.0075721 0.0157954 0.0242460 0.0209432 0.0077746 0.0118048 
2594       0.0200256 0.0204736 0.0038904 0.0079047 0.0200256 0.0116785 0.0159852 0.0075721 0.0115329 0.0200256 0.0000000 0.0165117 0.0075721 0.0128156 0.0254520 0.0243670 0.0345067 0.0075721 0.0205136 0.0205136 0.0159852 0.0157954 0.0205136 0.0204736 0.0075721 0.0161581 0.0115329 0.0157954 0.0204887 0.0204736 0.0202552 0.0161581 0.0204736 0.0123283 0.0161905 0.0159852 0.0118263 0.0159852 0.0202552 0.0159852 0.0115329 0.0157954 0.0075721 0.0159852 0.0157954 0.0159852 0.0294434 0.0161905 0.0249108 0.0157954 0.0123021 0.0200256 0.0200256 0.0075721 0.0294351 0.0169951 0.0157954 0.0037289 0.0200256 0.0202552 0.0298134 0.0037289 0.0165117 0.0205372 0.0446750 0.0205136 0.0161905 0.0157954 0.0161905 0.0080151 0.0204736 0.0157954 0.0252273 0.0118263 0.0157954 0.0116785 0.0122019 0.0202552 0.0220978 0.0204736 0.0165117 0.0313515 0.0077585 0.0122646 0.0250268 0.0089479 0.0163430 0.0169059 0.0214284 0.0220210 0.0173515 0.0202552 0.0161581 0.0209375 0.0076743 0.0116785 0.0169059 0.0200256 0.0200256 0.0157954 0.0159211 0.0159211 0.0161905 0.0117702 0.0202552 0.0116785 0.0115329 0.0115329 0.0000010 0.0205136 0.0161581 
2595       0.0120441 0.0211765 0.0209432 0.0254942 0.0038904 0.0038904 0.0080151 0.0165117 0.0209432 0.0038904 0.0165117 0.0000000 0.0254942 0.0042724 0.0083178 0.0079047 0.0357709 0.0080151 0.0040029 0.0040029 0.0165117 0.0079047 0.0123664 0.0039940 0.0254942 0.0081067 0.0209432 0.0079047 0.0123627 0.0123404 0.0039487 0.0081067 0.0039940 0.0039295 0.0081242 0.0080151 0.0122019 0.0165117 0.0039487 0.0080151 0.0122019 0.0079047 0.0080151 0.0080151 0.0079047 0.0080151 0.0211914 0.0081242 0.0167161 0.0079047 0.0039210 0.0038904 0.0038904 0.0254942 0.0123404 0.0081485 0.0079047 0.0122019 0.0038904 0.0039487 0.0407508 0.0209432 0.0079047 0.0040055 0.0361745 0.0040029 0.0081242 0.0000010 0.0081242 0.0079047 0.0039940 0.0079047 0.0261243 0.0209432 0.0000010 0.0038904 0.0038904 0.0122019 0.0127433 0.0000010 0.0079047 0.0408945 0.0260726 0.0039099 0.0081485 0.0088135 0.0000010 0.0081067 0.0123404 0.0042724 0.0000010 0.0039487 0.0081067 0.0126489 0.0079047 0.0038904 0.0081067 0.0038904 0.0038904 0.0079047 0.0000010 0.0000010 0.0081242 0.0039209 0.0039487 0.0120441 0.0209432 0.0209432 0.0165117 0.0040029 0.0081067 
2597       0.0288157 0.0204736 0.0038904 0.0000010 0.0288157 0.0200256 0.0246366 0.0075721 0.0037289 0.0288157 0.0075721 0.0254942 0.0000000 0.0220210 0.0348104 0.0333652 0.0252273 0.0156090 0.0294902 0.0294902 0.0246366 0.0243670 0.0294902 0.0294351 0.0075721 0.0248998 0.0115329 0.0243670 0.0294434 0.0294351 0.0291268 0.0248998 0.0294351 0.0166833 0.0249474 0.0246366 0.0202552 0.0246366 0.0291268 0.0246366 0.0115329 0.0243670 0.0156090 0.0246366 0.0243670 0.0246366 0.0294434 0.0249474 0.0340828 0.0243670 0.0211198 0.0288157 0.0288157 0.0075721 0.0388110 0.0262115 0.0243670 0.0115329 0.0288157 0.0291268 0.0207520 0.0037289 0.0254942 0.0295305 0.0348836 0.0294902 0.0249474 0.0243670 0.0249474 0.0165117 0.0294351 0.0243670 0.0252273 0.0202552 0.0243670 0.0200256 0.0209432 0.0291268 0.0317653 0.0294351 0.0254942 0.0218025 0.0077585 0.0210522 0.0342497 0.0184358 0.0252313 0.0260726 0.0308327 0.0317413 0.0268198 0.0291268 0.0248998 0.0300772 0.0157954 0.0200256 0.0260726 0.0288157 0.0288157 0.0243670 0.0245659 0.0245659 0.0249474 0.0201871 0.0291268 0.0200256 0.0115329 0.0037289 0.0079047 0.0294902 0.0248998 
52781      0.0000010 0.0175557 0.0182179 0.0231318 0.0082927 0.0000010 0.0041423 0.0220210 0.0268198 0.0040786 0.0128156 0.0042724 0.0220210 0.0000000 0.0085137 0.0126439 0.0429601 0.0041423 0.0040786 0.0085329 0.0220210 0.0040786 0.0000010 0.0040786 0.0220210 0.0041911 0.0268198 0.0040786 0.0175753 0.0085137 0.0084131 0.0000010 0.0040786 0.0000010 0.0042010 0.0128156 0.0084131 0.0084131 0.0084131 0.0041423 0.0173515 0.0000010 0.0128156 0.0041423 0.0040786 0.0041423 0.0271390 0.0000010 0.0222914 0.0040786 0.0000010 0.0082927 0.0040786 0.0173515 0.0175557 0.0044213 0.0000010 0.0173515 0.0040786 0.0084131 0.0377002 0.0173515 0.0000010 0.0085404 0.0434719 0.0040786 0.0000010 0.0040786 0.0042010 0.0042724 0.0085137 0.0040786 0.0325466 0.0173515 0.0040786 0.0000010 0.0000010 0.0041423 0.0092631 0.0085137 0.0042724 0.0398417 0.0225534 0.0000010 0.0130383 0.0048164 0.0042255 0.0043964 0.0089339 0.0082927 0.0040786 0.0084131 0.0041911 0.0087454 0.0040786 0.0082927 0.0043964 0.0082927 0.0040786 0.0000010 0.0041122 0.0041121 0.0000010 0.0000010 0.0084131 0.0040786 0.0220210 0.0268198 0.0134480 0.0040786 0.0000010 
2183727    0.0206962 0.0304030 0.0315319 0.0365063 0.0120892 0.0120892 0.0165367 0.0254520 0.0300772 0.0120892 0.0254520 0.0083178 0.0348104 0.0085137 0.0000000 0.0163360 0.0456347 0.0165367 0.0124110 0.0124110 0.0254520 0.0163360 0.0212116 0.0038161 0.0348104 0.0077425 0.0300772 0.0163360 0.0211841 0.0211692 0.0122466 0.0167216 0.0123850 0.0127834 0.0167558 0.0165367 0.0209375 0.0254520 0.0122466 0.0165367 0.0209375 0.0163360 0.0165367 0.0165367 0.0163360 0.0165367 0.0304113 0.0167558 0.0257400 0.0163360 0.0127560 0.0120892 0.0120892 0.0348104 0.0211692 0.0176133 0.0163360 0.0209375 0.0120892 0.0122466 0.0507724 0.0300772 0.0170995 0.0038266 0.0461546 0.0124110 0.0167558 0.0079529 0.0167558 0.0170995 0.0123850 0.0163360 0.0356413 0.0300772 0.0079529 0.0120892 0.0126489 0.0209375 0.0228959 0.0123850 0.0170995 0.0535408 0.0355746 0.0127159 0.0168084 0.0191550 0.0082314 0.0123145 0.0221864 0.0085137 0.0041911 0.0122466 0.0167216 0.0216608 0.0163360 0.0120892 0.0175182 0.0120892 0.0120892 0.0163360 0.0080165 0.0080164 0.0167558 0.0121867 0.0122466 0.0206962 0.0300772 0.0300772 0.0266724 0.0124110 0.0077425 
2612       0.0197998 0.0291184 0.0301594 0.0349313 0.0115329 0.0115329 0.0157954 0.0243670 0.0288157 0.0115329 0.0243670 0.0079047 0.0333652 0.0126439 0.0163360 0.0000000 0.0437108 0.0157954 0.0118287 0.0118287 0.0243670 0.0156090 0.0202792 0.0118048 0.0333652 0.0159659 0.0288157 0.0156090 0.0202552 0.0202399 0.0116785 0.0159659 0.0118048 0.0121681 0.0159975 0.0157954 0.0200256 0.0243670 0.0116785 0.0157954 0.0200256 0.0156090 0.0157954 0.0157954 0.0156090 0.0157954 0.0291268 0.0159975 0.0246366 0.0156090 0.0121422 0.0037289 0.0115329 0.0333652 0.0038242 0.0167840 0.0156090 0.0200256 0.0115329 0.0116785 0.0486192 0.0288157 0.0163104 0.0118402 0.0441875 0.0118287 0.0159975 0.0075721 0.0159975 0.0163104 0.0118048 0.0156090 0.0341368 0.0288157 0.0075721 0.0115329 0.0120441 0.0200256 0.0218323 0.0118048 0.0163104 0.0511547 0.0340745 0.0121055 0.0160458 0.0181931 0.0078264 0.0166967 0.0211765 0.0126439 0.0082927 0.0116785 0.0159659 0.0206962 0.0156090 0.0115329 0.0166967 0.0115329 0.0115329 0.0156090 0.0076303 0.0076309 0.0159975 0.0116225 0.0116785 0.0197998 0.0288157 0.0288157 0.0254942 0.0118287 0.0159659 
2102       0.0486192 0.0348749 0.0312440 0.0264269 0.0388801 0.0388801 0.0441875 0.0252273 0.0207520 0.0388801 0.0345067 0.0357709 0.0252273 0.0429601 0.0456347 0.0437108 0.0000000 0.0441875 0.0397889 0.0397889 0.0159975 0.0437108 0.0497561 0.0397172 0.0345067 0.0446530 0.0298134 0.0437108 0.0294902 0.0496719 0.0393008 0.0446530 0.0397172 0.0361572 0.0397889 0.0345067 0.0393008 0.0441875 0.0393008 0.0441875 0.0298134 0.0437108 0.0345067 0.0441875 0.0437108 0.0441875 0.0294902 0.0447312 0.0341368 0.0437108 0.0411154 0.0388801 0.0388801 0.0345067 0.0496719 0.0471100 0.0437108 0.0298134 0.0388801 0.0393008 0.0037266 0.0298134 0.0458211 0.0398535 0.0255508 0.0397889 0.0447312 0.0341368 0.0447312 0.0357709 0.0397172 0.0437108 0.0075664 0.0202792 0.0341368 0.0388801 0.0407508 0.0491560 0.0537301 0.0397172 0.0458211 0.0038987 0.0352589 0.0409700 0.0448877 0.0346139 0.0353923 0.0468530 0.0521254 0.0429601 0.0377002 0.0393008 0.0446530 0.0507724 0.0341368 0.0294902 0.0468530 0.0388801 0.0388801 0.0437108 0.0344267 0.0344266 0.0447312 0.0392124 0.0393008 0.0388801 0.0298134 0.0207520 0.0361745 0.0397889 0.0446530 
2615       0.0116785 0.0204736 0.0120441 0.0163104 0.0116785 0.0037826 0.0077787 0.0156090 0.0197998 0.0116785 0.0075721 0.0080151 0.0156090 0.0041423 0.0165367 0.0157954 0.0441875 0.0000000 0.0119809 0.0119809 0.0246366 0.0076743 0.0119809 0.0119564 0.0156090 0.0078649 0.0197998 0.0076743 0.0204887 0.0119564 0.0118263 0.0078649 0.0119564 0.0039889 0.0078813 0.0159852 0.0118263 0.0159852 0.0118263 0.0077787 0.0115329 0.0076743 0.0075721 0.0077787 0.0076743 0.0077787 0.0294434 0.0078813 0.0249108 0.0076743 0.0039802 0.0116785 0.0116785 0.0156090 0.0204736 0.0082647 0.0076743 0.0115329 0.0116785 0.0118263 0.0393008 0.0115329 0.0080151 0.0119923 0.0446750 0.0119809 0.0078813 0.0076743 0.0078813 0.0080151 0.0119564 0.0076743 0.0345067 0.0202552 0.0076743 0.0037826 0.0039487 0.0118263 0.0129159 0.0119564 0.0080151 0.0413587 0.0159659 0.0039687 0.0162399 0.0089479 0.0079346 0.0082218 0.0125043 0.0128156 0.0084131 0.0118263 0.0078649 0.0122466 0.0076743 0.0116785 0.0082218 0.0116785 0.0116785 0.0076743 0.0077339 0.0077332 0.0078813 0.0038114 0.0118263 0.0116785 0.0197998 0.0197998 0.0079047 0.0119809 0.0078649 
26167      0.0118287 0.0252164 0.0261243 0.0308925 0.0077746 0.0077746 0.0119809 0.0205136 0.0249474 0.0077746 0.0205136 0.0040029 0.0294902 0.0040786 0.0124110 0.0118287 0.0397889 0.0119809 0.0000000 0.0079866 0.0205136 0.0118287 0.0164020 0.0079697 0.0294902 0.0121141 0.0249474 0.0118287 0.0163883 0.0163690 0.0078813 0.0121141 0.0079697 0.0082085 0.0121391 0.0119809 0.0161905 0.0205136 0.0078813 0.0119809 0.0161905 0.0118287 0.0119809 0.0119809 0.0118287 0.0119809 0.0252273 0.0121391 0.0207520 0.0118287 0.0081907 0.0077746 0.0077746 0.0294902 0.0163690 0.0127433 0.0118287 0.0161905 0.0077746 0.0078813 0.0447312 0.0249474 0.0123664 0.0079929 0.0402281 0.0079866 0.0121391 0.0038324 0.0121391 0.0123664 0.0079697 0.0118287 0.0301914 0.0249474 0.0038324 0.0077746 0.0081242 0.0161905 0.0176887 0.0079697 0.0123664 0.0471099 0.0301342 0.0081662 0.0121756 0.0138242 0.0039624 0.0126760 0.0171353 0.0040786 0.0000010 0.0078813 0.0121141 0.0167558 0.0118287 0.0077746 0.0126760 0.0077746 0.0038324 0.0077746 0.0038620 0.0038619 0.0037366 0.0078353 0.0078813 0.0159975 0.0249474 0.0249474 0.0214720 0.0037906 0.0121141 
16979      0.0159975 0.0252164 0.0261243 0.0308925 0.0077746 0.0077746 0.0119809 0.0205136 0.0249474 0.0077746 0.0205136 0.0040029 0.0294902 0.0085329 0.0124110 0.0118287 0.0397889 0.0119809 0.0079866 0.0000000 0.0205136 0.0118287 0.0164020 0.0079697 0.0294902 0.0121141 0.0249474 0.0118287 0.0163883 0.0163690 0.0078813 0.0121141 0.0079697 0.0082085 0.0121391 0.0119809 0.0161905 0.0205136 0.0078813 0.0119809 0.0161905 0.0118287 0.0119809 0.0119809 0.0118287 0.0119809 0.0252273 0.0121391 0.0207520 0.0077746 0.0081907 0.0077746 0.0077746 0.0294902 0.0163690 0.0127433 0.0118287 0.0161905 0.0077746 0.0078813 0.0447312 0.0249474 0.0123664 0.0079929 0.0402281 0.0079866 0.0121391 0.0038324 0.0121391 0.0123664 0.0079697 0.0118287 0.0301914 0.0249474 0.0038324 0.0077746 0.0081242 0.0161905 0.0176887 0.0079697 0.0123664 0.0471099 0.0301342 0.0081662 0.0121756 0.0138242 0.0039624 0.0126760 0.0171353 0.0085329 0.0042010 0.0078813 0.0121141 0.0167558 0.0118287 0.0077746 0.0126760 0.0077746 0.0077746 0.0118287 0.0038620 0.0038619 0.0121391 0.0078353 0.0078813 0.0159975 0.0249474 0.0249474 0.0214720 0.0079866 0.0121141 
2131       0.0288157 0.0294351 0.0211914 0.0257861 0.0200256 0.0200256 0.0246366 0.0159852 0.0202552 0.0200256 0.0159852 0.0165117 0.0246366 0.0220210 0.0254520 0.0243670 0.0159975 0.0246366 0.0205136 0.0205136 0.0000000 0.0243670 0.0294902 0.0204736 0.0246366 0.0248998 0.0202552 0.0243670 0.0116785 0.0294351 0.0202552 0.0248998 0.0204736 0.0211623 0.0205136 0.0159852 0.0202552 0.0246366 0.0202552 0.0246366 0.0202552 0.0243670 0.0159852 0.0246366 0.0243670 0.0246366 0.0200256 0.0249474 0.0157954 0.0243670 0.0211198 0.0200256 0.0200256 0.0246366 0.0294351 0.0262115 0.0243670 0.0118263 0.0200256 0.0202552 0.0202792 0.0202552 0.0254942 0.0205372 0.0341368 0.0205136 0.0249474 0.0157954 0.0249474 0.0165117 0.0204736 0.0243670 0.0077746 0.0037289 0.0157954 0.0200256 0.0209432 0.0291268 0.0317653 0.0204736 0.0254942 0.0212877 0.0251788 0.0210522 0.0250268 0.0136214 0.0163430 0.0260726 0.0308327 0.0220210 0.0173515 0.0202552 0.0248998 0.0300772 0.0157954 0.0116785 0.0260726 0.0200256 0.0200256 0.0243670 0.0159211 0.0159211 0.0249474 0.0201871 0.0202552 0.0200256 0.0202552 0.0202552 0.0167161 0.0205136 0.0248998 
16468      0.0115329 0.0202399 0.0209432 0.0254942 0.0115329 0.0037289 0.0076743 0.0243670 0.0288157 0.0115329 0.0157954 0.0079047 0.0243670 0.0040786 0.0163360 0.0156090 0.0437108 0.0076743 0.0118287 0.0118287 0.0243670 0.0000000 0.0118287 0.0118048 0.0243670 0.0077585 0.0288157 0.0075721 0.0202552 0.0118048 0.0116785 0.0077585 0.0118048 0.0039295 0.0077746 0.0157954 0.0116785 0.0157954 0.0116785 0.0076743 0.0200256 0.0075721 0.0157954 0.0076743 0.0075721 0.0076743 0.0291268 0.0077746 0.0246366 0.0075721 0.0039210 0.0115329 0.0115329 0.0243670 0.0202399 0.0081485 0.0075721 0.0200256 0.0115329 0.0116785 0.0388801 0.0200256 0.0079047 0.0118402 0.0441875 0.0118287 0.0077746 0.0075721 0.0077746 0.0079047 0.0118048 0.0075721 0.0341368 0.0200256 0.0075721 0.0037289 0.0038904 0.0116785 0.0127433 0.0118048 0.0000010 0.0408945 0.0248998 0.0039099 0.0160458 0.0088135 0.0078264 0.0081067 0.0123404 0.0126439 0.0082927 0.0116785 0.0077585 0.0120892 0.0075721 0.0115329 0.0081067 0.0037289 0.0115329 0.0075721 0.0076303 0.0076309 0.0077746 0.0037567 0.0116785 0.0115329 0.0288157 0.0288157 0.0165117 0.0118287 0.0077585 
132715     0.0077746 0.0252164 0.0261243 0.0308925 0.0159975 0.0077746 0.0119809 0.0294902 0.0341368 0.0077746 0.0205136 0.0123664 0.0294902 0.0000010 0.0212116 0.0202792 0.0497561 0.0119809 0.0164020 0.0164020 0.0294902 0.0118287 0.0000000 0.0163690 0.0294902 0.0121141 0.0341368 0.0118287 0.0252273 0.0163690 0.0161905 0.0121141 0.0163690 0.0082085 0.0121391 0.0205136 0.0161905 0.0119809 0.0161905 0.0119809 0.0249474 0.0038324 0.0205136 0.0119809 0.0118287 0.0119809 0.0345067 0.0121391 0.0298134 0.0118287 0.0081907 0.0159975 0.0077746 0.0205136 0.0252164 0.0127433 0.0077746 0.0249474 0.0118287 0.0161905 0.0447312 0.0249474 0.0040029 0.0164198 0.0503208 0.0075876 0.0037366 0.0118287 0.0121391 0.0123664 0.0163690 0.0118287 0.0397889 0.0249474 0.0118287 0.0077746 0.0081242 0.0078813 0.0176887 0.0163690 0.0123664 0.0471099 0.0301342 0.0081662 0.0208424 0.0138242 0.0122399 0.0126760 0.0171353 0.0082927 0.0040786 0.0161905 0.0121141 0.0167558 0.0118287 0.0159975 0.0126760 0.0159975 0.0159975 0.0118287 0.0119230 0.0119234 0.0121391 0.0078353 0.0161905 0.0077746 0.0249474 0.0341368 0.0214720 0.0164020 0.0121141 
7278       0.0159659 0.0251679 0.0260726 0.0308327 0.0077585 0.0077585 0.0119564 0.0204736 0.0248998 0.0077585 0.0204736 0.0039940 0.0294351 0.0040786 0.0038161 0.0118048 0.0397172 0.0119564 0.0079697 0.0079697 0.0204736 0.0118048 0.0163690 0.0000000 0.0294351 0.0120892 0.0248998 0.0118048 0.0163553 0.0163360 0.0078649 0.0120892 0.0079529 0.0081906 0.0121141 0.0119564 0.0161581 0.0204736 0.0078649 0.0119564 0.0161581 0.0118048 0.0119564 0.0119564 0.0118048 0.0119564 0.0251788 0.0121141 0.0207113 0.0118048 0.0081730 0.0077585 0.0077585 0.0294351 0.0163360 0.0127159 0.0118048 0.0161581 0.0077585 0.0078649 0.0446530 0.0248998 0.0123404 0.0079759 0.0401551 0.0079697 0.0121141 0.0038242 0.0121141 0.0123404 0.0079529 0.0118048 0.0301342 0.0248998 0.0038242 0.0077585 0.0081067 0.0161581 0.0176509 0.0079529 0.0123404 0.0470249 0.0300772 0.0081485 0.0121505 0.0137923 0.0039537 0.0126489 0.0170995 0.0040786 0.0000010 0.0078649 0.0120892 0.0167216 0.0118048 0.0077585 0.0126489 0.0077585 0.0077585 0.0118048 0.0038538 0.0038537 0.0121141 0.0078189 0.0078649 0.0159659 0.0248998 0.0248998 0.0214284 0.0079697 0.0037211 
21103      0.0288157 0.0204736 0.0038904 0.0079047 0.0288157 0.0200256 0.0246366 0.0075721 0.0115329 0.0288157 0.0075721 0.0254942 0.0075721 0.0220210 0.0348104 0.0333652 0.0345067 0.0156090 0.0294902 0.0294902 0.0246366 0.0243670 0.0294902 0.0294351 0.0000000 0.0248998 0.0115329 0.0243670 0.0294434 0.0294351 0.0291268 0.0248998 0.0294351 0.0211623 0.0249474 0.0246366 0.0202552 0.0246366 0.0291268 0.0246366 0.0115329 0.0243670 0.0156090 0.0246366 0.0243670 0.0246366 0.0294434 0.0249474 0.0340828 0.0243670 0.0211198 0.0288157 0.0288157 0.0075721 0.0388110 0.0262115 0.0243670 0.0115329 0.0288157 0.0291268 0.0298134 0.0037289 0.0254942 0.0295305 0.0446750 0.0294902 0.0249474 0.0243670 0.0249474 0.0165117 0.0294351 0.0243670 0.0252273 0.0202552 0.0243670 0.0200256 0.0209432 0.0291268 0.0268714 0.0294351 0.0254942 0.0313515 0.0077585 0.0210522 0.0342497 0.0136214 0.0252313 0.0260726 0.0308327 0.0317413 0.0268198 0.0291268 0.0248998 0.0300772 0.0157954 0.0200256 0.0260726 0.0288157 0.0288157 0.0243670 0.0245659 0.0201871 0.0249474 0.0159211 0.0291268 0.0200256 0.0115329 0.0115329 0.0079047 0.0294902 0.0248998 
25714      0.0118048 0.0206962 0.0214284 0.0260726 0.0118048 0.0038242 0.0078649 0.0248998 0.0294351 0.0118048 0.0161581 0.0081067 0.0248998 0.0041911 0.0077425 0.0159659 0.0446530 0.0078649 0.0121141 0.0121141 0.0248998 0.0077585 0.0121141 0.0120892 0.0248998 0.0000000 0.0294351 0.0077585 0.0207113 0.0120892 0.0119564 0.0079529 0.0120892 0.0040352 0.0079697 0.0161581 0.0119564 0.0161581 0.0119564 0.0078649 0.0204736 0.0077585 0.0161581 0.0078649 0.0077585 0.0078649 0.0297574 0.0079697 0.0251788 0.0077585 0.0040262 0.0118048 0.0118048 0.0248998 0.0206962 0.0083617 0.0077585 0.0204736 0.0118048 0.0119564 0.0397172 0.0204736 0.0081067 0.0037308 0.0451503 0.0121141 0.0079697 0.0077585 0.0079697 0.0081067 0.0120892 0.0077585 0.0348749 0.0204736 0.0077585 0.0038242 0.0039940 0.0119564 0.0130692 0.0120892 0.0081067 0.0418163 0.0254520 0.0040145 0.0164194 0.0090611 0.0080244 0.0038820 0.0126489 0.0129677 0.0085137 0.0119564 0.0079529 0.0123850 0.0077585 0.0118048 0.0083178 0.0118048 0.0118048 0.0077585 0.0078193 0.0078189 0.0079697 0.0038537 0.0119564 0.0118048 0.0294351 0.0294351 0.0169059 0.0121141 0.0079529 
1165429    0.0333652 0.0248998 0.0079047 0.0120441 0.0243670 0.0243670 0.0291268 0.0037289 0.0075721 0.0243670 0.0115329 0.0209432 0.0115329 0.0268198 0.0300772 0.0288157 0.0298134 0.0197998 0.0249474 0.0249474 0.0202552 0.0288157 0.0341368 0.0248998 0.0115329 0.0294351 0.0000000 0.0288157 0.0249108 0.0340745 0.0246366 0.0294351 0.0248998 0.0257624 0.0294902 0.0202552 0.0246366 0.0291268 0.0246366 0.0291268 0.0075721 0.0288157 0.0115329 0.0291268 0.0288157 0.0291268 0.0249108 0.0294902 0.0294434 0.0288157 0.0257117 0.0243670 0.0243670 0.0115329 0.0340745 0.0309977 0.0288157 0.0075721 0.0243670 0.0246366 0.0345067 0.0075721 0.0301594 0.0249789 0.0397303 0.0249474 0.0294902 0.0200256 0.0294902 0.0209432 0.0248998 0.0288157 0.0207520 0.0246366 0.0200256 0.0243670 0.0254942 0.0337207 0.0367763 0.0248998 0.0301594 0.0363014 0.0118048 0.0256276 0.0295859 0.0233913 0.0207285 0.0308327 0.0357035 0.0268198 0.0220210 0.0246366 0.0294351 0.0348104 0.0200256 0.0157954 0.0308327 0.0243670 0.0243670 0.0288157 0.0201871 0.0201871 0.0294902 0.0245659 0.0246366 0.0243670 0.0075721 0.0075721 0.0120441 0.0249474 0.0294351 
1660       0.0115329 0.0202399 0.0209432 0.0254942 0.0115329 0.0037289 0.0076743 0.0243670 0.0288157 0.0115329 0.0157954 0.0079047 0.0243670 0.0040786 0.0163360 0.0156090 0.0437108 0.0076743 0.0118287 0.0118287 0.0243670 0.0075721 0.0118287 0.0118048 0.0243670 0.0077585 0.0288157 0.0000000 0.0202552 0.0038242 0.0116785 0.0077585 0.0118048 0.0039295 0.0077746 0.0157954 0.0116785 0.0157954 0.0116785 0.0076743 0.0200256 0.0075721 0.0157954 0.0076743 0.0075721 0.0076743 0.0291268 0.0077746 0.0246366 0.0075721 0.0039210 0.0115329 0.0115329 0.0243670 0.0202399 0.0081485 0.0075721 0.0200256 0.0115329 0.0116785 0.0388801 0.0200256 0.0079047 0.0118402 0.0441875 0.0118287 0.0077746 0.0075721 0.0077746 0.0079047 0.0118048 0.0075721 0.0341368 0.0200256 0.0075721 0.0037289 0.0038904 0.0116785 0.0127433 0.0118048 0.0079047 0.0408945 0.0248998 0.0039099 0.0160458 0.0088135 0.0078264 0.0081067 0.0123404 0.0126439 0.0082927 0.0116785 0.0077585 0.0120892 0.0075721 0.0115329 0.0081067 0.0115329 0.0115329 0.0075721 0.0076303 0.0076309 0.0077746 0.0037567 0.0116785 0.0115329 0.0288157 0.0288157 0.0165117 0.0118287 0.0077585 
52863      0.0246366 0.0251788 0.0260832 0.0308411 0.0159852 0.0159852 0.0116785 0.0204887 0.0249108 0.0159852 0.0204887 0.0123627 0.0294434 0.0175753 0.0211841 0.0202552 0.0294902 0.0204887 0.0163883 0.0163883 0.0116785 0.0202552 0.0252273 0.0163553 0.0294434 0.0207113 0.0249108 0.0202552 0.0000000 0.0251788 0.0076743 0.0207113 0.0163553 0.0168921 0.0207520 0.0037826 0.0076743 0.0116785 0.0161774 0.0204887 0.0249108 0.0202552 0.0204887 0.0204887 0.0202552 0.0204887 0.0075721 0.0207520 0.0037289 0.0202552 0.0168567 0.0159852 0.0159852 0.0294434 0.0251788 0.0218021 0.0202552 0.0161774 0.0159852 0.0161774 0.0341368 0.0249108 0.0211914 0.0119923 0.0202792 0.0163883 0.0207520 0.0118263 0.0207520 0.0123627 0.0163553 0.0202552 0.0205136 0.0157954 0.0118263 0.0159852 0.0167161 0.0157954 0.0271896 0.0163553 0.0211914 0.0306505 0.0300855 0.0168035 0.0208163 0.0136214 0.0122365 0.0216861 0.0263752 0.0175753 0.0129908 0.0161774 0.0207113 0.0257400 0.0118263 0.0077787 0.0216861 0.0159852 0.0159852 0.0202552 0.0119203 0.0119207 0.0207520 0.0161136 0.0161774 0.0159852 0.0249108 0.0249108 0.0214433 0.0163883 0.0207113 
1668       0.0159659 0.0251679 0.0260726 0.0308327 0.0159659 0.0077585 0.0119564 0.0294351 0.0340745 0.0159659 0.0204736 0.0123404 0.0294351 0.0085137 0.0211692 0.0202399 0.0496719 0.0119564 0.0163690 0.0163690 0.0294351 0.0118048 0.0163690 0.0163360 0.0294351 0.0120892 0.0340745 0.0038242 0.0251788 0.0000000 0.0161581 0.0120892 0.0163360 0.0081906 0.0121141 0.0204736 0.0161581 0.0204736 0.0161581 0.0119564 0.0248998 0.0118048 0.0204736 0.0119564 0.0118048 0.0119564 0.0344433 0.0121141 0.0297574 0.0118048 0.0081730 0.0159659 0.0159659 0.0294351 0.0251679 0.0127159 0.0118048 0.0248998 0.0159659 0.0161581 0.0446530 0.0248998 0.0123404 0.0163867 0.0502350 0.0163690 0.0121141 0.0118048 0.0121141 0.0123404 0.0163360 0.0118048 0.0397172 0.0248998 0.0118048 0.0077585 0.0081067 0.0161581 0.0176509 0.0163360 0.0123404 0.0470249 0.0199871 0.0081485 0.0208022 0.0137923 0.0122144 0.0126489 0.0170995 0.0175557 0.0129677 0.0161581 0.0037211 0.0077425 0.0118048 0.0159659 0.0126489 0.0159659 0.0159659 0.0118048 0.0118986 0.0118992 0.0121141 0.0078189 0.0118048 0.0159659 0.0340745 0.0340745 0.0214284 0.0163690 0.0120892 
8839       0.0157954 0.0248998 0.0257861 0.0304971 0.0076743 0.0076743 0.0037289 0.0202552 0.0246366 0.0076743 0.0202552 0.0039487 0.0291268 0.0084131 0.0122466 0.0116785 0.0393008 0.0118263 0.0078813 0.0078813 0.0202552 0.0116785 0.0161905 0.0078649 0.0291268 0.0119564 0.0246366 0.0116785 0.0076743 0.0161581 0.0000000 0.0119564 0.0078649 0.0080971 0.0119809 0.0037289 0.0075721 0.0115329 0.0077787 0.0118263 0.0159852 0.0116785 0.0118263 0.0118263 0.0116785 0.0118263 0.0157954 0.0119809 0.0116785 0.0116785 0.0080799 0.0076743 0.0076743 0.0291268 0.0161581 0.0125698 0.0116785 0.0159852 0.0076743 0.0077787 0.0441875 0.0246366 0.0122019 0.0038347 0.0294902 0.0078813 0.0119809 0.0037826 0.0119809 0.0122019 0.0078649 0.0116785 0.0298134 0.0246366 0.0037826 0.0076743 0.0080151 0.0075721 0.0174464 0.0078649 0.0122019 0.0408945 0.0297574 0.0080560 0.0120165 0.0088135 0.0039093 0.0125043 0.0169059 0.0084131 0.0041423 0.0077787 0.0119564 0.0165367 0.0116785 0.0076743 0.0125043 0.0076743 0.0076743 0.0116785 0.0038115 0.0038114 0.0119809 0.0077332 0.0077787 0.0157954 0.0246366 0.0246366 0.0211914 0.0078813 0.0119564 
67219      0.0118048 0.0206962 0.0214284 0.0260726 0.0118048 0.0038242 0.0078649 0.0248998 0.0294351 0.0118048 0.0161581 0.0081067 0.0248998 0.0000010 0.0167216 0.0159659 0.0446530 0.0078649 0.0121141 0.0121141 0.0248998 0.0077585 0.0121141 0.0120892 0.0248998 0.0079529 0.0294351 0.0077585 0.0207113 0.0120892 0.0119564 0.0000000 0.0037211 0.0040352 0.0079697 0.0161581 0.0119564 0.0161581 0.0119564 0.0078649 0.0204736 0.0077585 0.0161581 0.0078649 0.0077585 0.0078649 0.0297574 0.0079697 0.0251788 0.0077585 0.0040262 0.0118048 0.0118048 0.0248998 0.0206962 0.0083617 0.0077585 0.0204736 0.0118048 0.0119564 0.0397172 0.0204736 0.0081067 0.0121249 0.0451503 0.0121141 0.0079697 0.0077585 0.0079697 0.0081067 0.0120892 0.0077585 0.0348749 0.0204736 0.0077585 0.0038242 0.0039940 0.0119564 0.0130692 0.0120892 0.0081067 0.0418163 0.0254520 0.0040145 0.0164194 0.0090611 0.0080244 0.0083178 0.0126489 0.0082927 0.0040786 0.0119564 0.0079529 0.0123850 0.0077585 0.0118048 0.0083178 0.0118048 0.0118048 0.0077585 0.0078193 0.0078189 0.0079697 0.0038537 0.0119564 0.0118048 0.0294351 0.0294351 0.0169059 0.0121141 0.0079529 
19097      0.0159659 0.0251679 0.0260726 0.0308327 0.0077585 0.0077585 0.0119564 0.0204736 0.0248998 0.0077585 0.0204736 0.0039940 0.0294351 0.0040786 0.0123850 0.0118048 0.0397172 0.0119564 0.0079697 0.0079697 0.0204736 0.0118048 0.0163690 0.0079529 0.0294351 0.0120892 0.0248998 0.0118048 0.0163553 0.0163360 0.0078649 0.0037211 0.0000000 0.0081906 0.0121141 0.0119564 0.0161581 0.0204736 0.0078649 0.0119564 0.0161581 0.0118048 0.0119564 0.0119564 0.0118048 0.0119564 0.0251788 0.0121141 0.0207113 0.0118048 0.0081730 0.0077585 0.0077585 0.0294351 0.0163360 0.0127159 0.0118048 0.0161581 0.0077585 0.0078649 0.0446530 0.0248998 0.0123404 0.0079759 0.0401551 0.0079697 0.0121141 0.0038242 0.0121141 0.0123404 0.0079529 0.0118048 0.0301342 0.0248998 0.0038242 0.0077585 0.0081067 0.0161581 0.0176509 0.0079529 0.0123404 0.0470249 0.0300772 0.0081485 0.0121505 0.0137923 0.0039537 0.0126489 0.0170995 0.0040786 0.0000010 0.0078649 0.0120892 0.0167216 0.0118048 0.0077585 0.0126489 0.0077585 0.0077585 0.0118048 0.0038538 0.0038537 0.0121141 0.0078189 0.0078649 0.0159659 0.0248998 0.0248998 0.0214284 0.0079697 0.0120892 
3377314    0.0079845 0.0168726 0.0166833 0.0166833 0.0079845 0.0000010 0.0039889 0.0211623 0.0211623 0.0079845 0.0123283 0.0039295 0.0166833 0.0000010 0.0127834 0.0121681 0.0361572 0.0039889 0.0082085 0.0082085 0.0211623 0.0039295 0.0082085 0.0081906 0.0211623 0.0040352 0.0257624 0.0039295 0.0168921 0.0081906 0.0080971 0.0040352 0.0081906 0.0000000 0.0040442 0.0123283 0.0080971 0.0123283 0.0080971 0.0039889 0.0166833 0.0039295 0.0123283 0.0039889 0.0039295 0.0039889 0.0260596 0.0040442 0.0214150 0.0039295 0.0000010 0.0079845 0.0079845 0.0211623 0.0168726 0.0040561 0.0039295 0.0166833 0.0079845 0.0080971 0.0312252 0.0166833 0.0039295 0.0082149 0.0365689 0.0082085 0.0040442 0.0039295 0.0040442 0.0039295 0.0081906 0.0039295 0.0312252 0.0166833 0.0039295 0.0000010 0.0000010 0.0080971 0.0084696 0.0039295 0.0039295 0.0313326 0.0216575 0.0000010 0.0125343 0.0043860 0.0040665 0.0040352 0.0081906 0.0087890 0.0043196 0.0080971 0.0040352 0.0084059 0.0039295 0.0079845 0.0040352 0.0079845 0.0079845 0.0039295 0.0039607 0.0039604 0.0040442 0.0000010 0.0080971 0.0079845 0.0257624 0.0211623 0.0123283 0.0082085 0.0040352 
10403      0.0118287 0.0207370 0.0214720 0.0261243 0.0118287 0.0038324 0.0078813 0.0249474 0.0294902 0.0118287 0.0161905 0.0081242 0.0249474 0.0042010 0.0167558 0.0159975 0.0397889 0.0078813 0.0121391 0.0121391 0.0205136 0.0077746 0.0121391 0.0121141 0.0249474 0.0079697 0.0294902 0.0077746 0.0207520 0.0121141 0.0119809 0.0079697 0.0121141 0.0040442 0.0000000 0.0161905 0.0119809 0.0161905 0.0119809 0.0078813 0.0205136 0.0077746 0.0161905 0.0078813 0.0077746 0.0078813 0.0298134 0.0079866 0.0252273 0.0077746 0.0040352 0.0118287 0.0118287 0.0249474 0.0207370 0.0083802 0.0077746 0.0205136 0.0118287 0.0119809 0.0349395 0.0205136 0.0081242 0.0121501 0.0452301 0.0121391 0.0079866 0.0077746 0.0079866 0.0081242 0.0121141 0.0077746 0.0301914 0.0161905 0.0077746 0.0038324 0.0040029 0.0119809 0.0130979 0.0121141 0.0081242 0.0367763 0.0255013 0.0040234 0.0164526 0.0043376 0.0080416 0.0083361 0.0126760 0.0129962 0.0085329 0.0119809 0.0079697 0.0124110 0.0077746 0.0118287 0.0083361 0.0118287 0.0118287 0.0077746 0.0078356 0.0078353 0.0079866 0.0038619 0.0119809 0.0118287 0.0294902 0.0294902 0.0169410 0.0121391 0.0079697 
