KL-CP-61	201509	0.0	0.011572710785175425	0.011630223347478708	0.007324468531527644	0.011282275566242958	0.008308301241834742	0.018407714575618885	0.01351622882723447	0.018557913798957094	0.014910294434004275	0.014330884239236705	0.01662312171345623	0.014471408939677547	0.012911809786655876	0.017708299720128957	0.014102385810798552	0.016252009622511044	0.012540469680799162	0.015688861169722235	0.011381957120105413	0.017113486235408808	0.014844629093325781	0.018697653276179744	0.02249079643598697	0.02057194356080206	0.011827944683467765	0.01652699249144979	0.022319394679799712	0.014157985113534218	0.021964070890187128	0.021783143796114925	0.022124486030962787	0.019980810394141027	0.02743996297583299	0.02235357636955783	0.022393191630375224	0.022271025444725267	0.025938549939823162	0.02527620229822958	0.01472752617282033	0.014463776411722164	0.01472886541755638	0.02265149709369172	0.01456419117031833	0.01259422368283759	0.012210578733173664	0.01955810182418817	0.011733024050377329	0.012054730028741913	0.013730387784410781	0.014812042545868768	0.0132403767749245	0.013664629843310232	0.013244699229287737	0.014943168470522373	0.017002191575714885	0.01357011462266762	0.014411325796272068
KL-CP-51	201510	0.011572710785175425	0.0	0.009715462395988049	0.01127636719528656	0.0086981391920002	0.007777601314952079	0.01753890300272245	0.012944071474879793	0.021197885525038394	0.01252439119868483	0.012979683299236653	0.01418010248687871	0.016653883558287272	0.011886846931272343	0.014963809130500935	0.016243539883395056	0.01834086294732111	0.011595002615105775	0.01419714991895497	0.01343336631779871	0.020084387716023812	0.016988348326700563	0.016254275351193673	0.02134421697003203	0.019081323187458657	0.01347657521049087	0.015378018559528877	0.020823574902573312	0.01629909191897601	0.020471287544143405	0.02029252342277152	0.020630095120045787	0.021802060876496866	0.025934614067861676	0.020861911098941765	0.020893023766799267	0.020770882692707403	0.02444253808995999	0.023785153137561313	0.013367913866484442	0.013104164105386276	0.013369253111220492	0.02116087672034831	0.01320457886398244	0.014876270976272272	0.014027487041394164	0.02108346369525091	0.014015066229609819	0.0140662403627314	0.012239694229009517	0.013452430239532878	0.011745414227445752	0.012173914627638832	0.01174973668180899	0.013451362368336859	0.015510408899908656	0.012075152075188873	0.01292044750017139
KL-CP-57	201516	0.011630223347478708	0.009715462395988049	0.0	0.009890195058959035	0.008347191828906173	0.007042564084694596	0.018447742767383517	0.014127233636644634	0.022066362033655834	0.013126675670116657	0.013681597411341603	0.014441128495950554	0.017987618446058198	0.012655291281939282	0.0157551744715244	0.017269807547685777	0.019675375348321054	0.01250375079715436	0.015106200429920719	0.01470560752771594	0.021110932047593876	0.018013934729388316	0.01675207503415348	0.022161167403842948	0.01989827362126957	0.014385807386700183	0.016286177252025195	0.021731297888617045	0.017325129911003552	0.021379233026082772	0.02120024640881525	0.02153825559815174	0.022709783862540595	0.026844892165118026	0.021769856580881132	0.021802224751989552	0.021680073334217113	0.025350538906249588	0.024693325839464077	0.014185488843074141	0.013921719259575076	0.01418684305514015	0.022068599706392047	0.014112791907065811	0.01571498461094621	0.01493671921760348	0.021990922170273087	0.014923388574188422	0.014973850040295451	0.013146917496036692	0.014269927869590663	0.012654646403655066	0.01308113789466601	0.01265823223335197	0.014359770022800061	0.016417987195054246	0.01291477554149352	0.013758194396239657
KL-CP-63	201522	0.007324468531527644	0.01127636719528656	0.009890195058959035	0.0	0.01010675880943995	0.005451229147403161	0.019087876326550256	0.013795746019127256	0.019204105504936658	0.012729082837068476	0.014527469252500386	0.014258671658983882	0.0149872609688389	0.013435408601063875	0.015469631677308263	0.014797352758979872	0.016550070903844975	0.01266053815152076	0.015746079147588035	0.011705719161039083	0.01815197082758691	0.015540953923450555	0.01633240460219652	0.02276792229285793	0.020505028510284552	0.012028947283883491	0.016926809632840698	0.022371545616281886	0.014852871168583897	0.022019258257851983	0.021840494136480093	0.022178327714828402	0.02042737993478013	0.027486027115934376	0.022409881812650342	0.02244342803598512	0.022321263738356783	0.025866908902035465	0.025333573567128925	0.014915965910921402	0.014652216149823236	0.014917305155657451	0.02270884743405689	0.014752897677079853	0.013184178714866802	0.012654825805238	0.019708548070244206	0.012322979082406541	0.012373018027011531	0.01378739817405764	0.01500048228396984	0.013295404646714894	0.013721618572686953	0.013299460332417676	0.015000000387605999	0.017058628044956777	0.013625142494458013	0.014468151445219513
KL-CP-65	201524	0.011282275566242958	0.0086981391920002	0.008347191828906173	0.01010675880943995	0.0	0.006839774815756631	0.0176151237687295	0.013266022017913158	0.021153851000939014	0.012170903883700745	0.013169966688357855	0.013826737670026335	0.017142665052051757	0.011963323256306396	0.014784306941001179	0.016685502719372646	0.01885745578322187	0.011594028387381081	0.014245576572005777	0.013885634151298917	0.020526627219280745	0.01742750658953852	0.015901198278616746	0.021534865108033985	0.019271637502189427	0.01367312321197061	0.015572593525179953	0.02101639830663902	0.016741610919354756	0.020662525004582717	0.020482875301885185	0.020823132045639993	0.02199214058746083	0.02613551373518167	0.02105306512347252	0.021090350181698567	0.020968215309468005	0.024636142203295658	0.02397599539709249	0.013559780200022267	0.013296030438924102	0.013561119444758317	0.02135112901725749	0.013396445197520264	0.01507281897775201	0.014224035042873904	0.021273154169867085	0.014211614231089556	0.014259223993294762	0.012429977618130719	0.013644296573070706	0.01194196222892549	0.012364390500681272	0.01194628468328873	0.013643938205169626	0.015703210256777032	0.01227170007666861	0.013111675184298864
KL-CP-73	201520	0.008308301241834742	0.007777601314952079	0.007042564084694596	0.005451229147403161	0.006839774815756631	0.0	0.015407414708820486	0.011088081824258944	0.019066430184925025	0.008787267408759583	0.01084819500533469	0.010440827926873437	0.015036561118696962	0.009753803826513969	0.01152824626263554	0.014358504394978027	0.01672418077759253	0.009463299633751412	0.01206671265892349	0.011754510987289916	0.018198835910129114	0.015103170476320083	0.012514973939049524	0.019212728676130067	0.01694983489355669	0.011345086916588908	0.013246530265626912	0.01869327677582313	0.014413574623973054	0.018339799250241443	0.018161035128869553	0.018498606826143824	0.0196705725825949	0.02380581745158699	0.018730422805039802	0.01876337647779944	0.0186412121801711	0.022311746362741372	0.021654114559518378	0.01123642557258248	0.010972675811484313	0.011237764817318528	0.01902938842644635	0.011073090570080477	0.01274478268237031	0.011895998747492201	0.018951975401348947	0.011883577935707854	0.011934752068829435	0.010108205935107554	0.011320941945630915	0.00961392593354379	0.010042426333736868	0.009618248387907025	0.011319874074434896	0.013378920606006692	0.00994366378128691	0.010788959206269428
KL-93	201752	0.018407714575618885	0.01753890300272245	0.018447742767383517	0.019087876326550256	0.0176151237687295	0.015407414708820486	0.0	0.015919512457094148	0.020050922116692176	0.019815169541857133	0.009168886598271685	0.021471348029202912	0.019751823605965772	0.012457928032318037	0.02254947075060063	0.015184716932138924	0.02134451249364845	0.01563337884038695	0.009158984091641762	0.016378555028350103	0.019953977430690353	0.015470784693449847	0.023545132774012472	0.01681055447705572	0.01537999723834445	0.009822283345778332	0.006888009699666757	0.015062916798761497	0.013815615551177732	0.01470325457336633	0.014517332284141655	0.014865237063805747	0.01602163241748943	0.020182312130369532	0.015090583530586385	0.01513540876962371	0.015013239466351419	0.0186808632658929	0.018010784412457487	0.009683538739250812	0.009425418410116891	0.009690312421962206	0.015380664070203182	0.009518627092933758	0.011242473262848062	0.010544314535912178	0.015302537914716294	0.010368625322376304	0.010411289527664232	0.00857163122136188	0.009770059778507222	0.008078165353470404	0.00850616169010625	0.008085672978668024	0.009750036419222655	0.011503279476823107	0.008412227999010305	0.009273274172440055
CR-59	201456	0.01351622882723447	0.012944071474879793	0.014127233636644634	0.013795746019127256	0.013266022017913158	0.011088081824258944	0.015919512457094148	0.0	0.017808158965736044	0.015495892314491186	0.011356458523986385	0.017152425567041153	0.01329238465912201	0.0100495333584003	0.018231096209822113	0.012232041422811162	0.015683424949199748	0.011008407619352355	0.012576848972113898	0.012271608449642289	0.016078664483663272	0.012972323995267428	0.01922794658656401	0.01960093442644602	0.017325020903757885	0.010971172426186435	0.013761478623612622	0.019086786261508462	0.012402135287556265	0.018872373466894285	0.018540388706205956	0.01903501338425378	0.018809672920144398	0.0243533192219464	0.019259591998454312	0.019306370266991148	0.019184185423700845	0.02285048795225119	0.022033393738496443	0.011745528864985297	0.011481779103887133	0.011746868109721347	0.019403598500739357	0.011582193862483294	0.011825096132469707	0.01017840069816226	0.01846792652240942	0.011028629005240084	0.011437083817296599	0.010619674040224921	0.011830045238033736	0.01013084732735816	0.010554255243616617	0.010135169781721399	0.01182935376807908	0.013889690141195687	0.010460585175101282	0.011301433712658349
KL-348	201652	0.018557913798957094	0.021197885525038394	0.022066362033655834	0.019204105504936658	0.021153851000939014	0.019066430184925025	0.020050922116692176	0.017808158965736044	0.0	0.023475647495492843	0.01574512775326949	0.025131299811352883	0.016733120181628022	0.01661146754204703	0.0262102503801923	0.013381582243361972	0.018531408272102184	0.018743750295786694	0.016977503902945765	0.016166445588558558	0.017974051250604067	0.013678636855488514	0.02720519137491447	0.024107523850365645	0.021844361407172164	0.012696691049283915	0.018165612451371042	0.023673520159378535	0.012927893261294763	0.023313444976695234	0.023125213751481483	0.02347671655312394	0.02091377057238399	0.02879542596647486	0.02370048256215506	0.023748477011519612	0.02362629216822931	0.02729238446921719	0.026618551351941293	0.015636745697041685	0.015528352539508732	0.015665004798817394	0.023987392648173872	0.015591498421140963	0.012733933129342123	0.011497332584958981	0.020057268945789013	0.01208468406247427	0.013340084469005831	0.015020380078329976	0.01588878819014929	0.014534900118157718	0.014955353082632938	0.014537609353221655	0.016224234480510285	0.01762568468781782	0.014864637965900838	0.015704393867714116
KL-PR-6	201543	0.014910294434004275	0.01252439119868483	0.013126675670116657	0.012729082837068476	0.012170903883700745	0.008787267408759583	0.019815169541857133	0.015495892314491186	0.023475647495492843	0.0	0.015254748607783808	0.009944435176288673	0.018982406926125496	0.014163062447677052	0.010421756691036413	0.018766432455018973	0.020658220458266777	0.013870324663922708	0.01647473959487271	0.015893747291018372	0.022607075148341146	0.019510613839574323	0.012432852264382717	0.02361928227857918	0.021356388496005806	0.01575164051903802	0.017653083868076028	0.023098640211120465	0.01882012822642217	0.022746352852690558	0.022567588731318672	0.02290516042859294	0.024077126185044016	0.028207698158957677	0.023136976407488914	0.023168089075346416	0.023045948001254552	0.026717603398507147	0.0260606681619675	0.015642979175031595	0.01537922941393343	0.015644318419767645	0.023435942028895464	0.015479644172529592	0.01715133628481942	0.01630255234994132	0.023358529003798062	0.01629013153815697	0.01634130567127855	0.014514759537556671	0.01572749554808003	0.014020479535992905	0.014448979936185985	0.014024801990356144	0.015726427676884012	0.01778547420845581	0.014350217383736024	0.015195512808718541
KL-PR-8	201554	0.014330884239236705	0.012979683299236653	0.013681597411341603	0.014527469252500386	0.013169966688357855	0.01084819500533469	0.009168886598271685	0.011356458523986385	0.01574512775326949	0.015254748607783808	0.0	0.016910562675719883	0.015192586404350077	0.007931214710758958	0.017989049816527304	0.011365191280847398	0.01685757408899276	0.011067738155310449	0.006759834454848448	0.011891472009130596	0.0161945377647537	0.010981478697312502	0.018985702600669525	0.012430146114454043	0.010161318995885217	0.0044139740531566616	0.005865413918318719	0.012056289964033974	0.008985799125645597	0.011696062414016805	0.01150796652718143	0.011859333990445508	0.013407001265445041	0.01717804340379644	0.012083099999476626	0.012131094448841183	0.01200890960555088	0.015675001906538765	0.01500129391701617	0.0038285220635166568	0.0035437301303456997	0.0037043905112089247	0.012370170428364025	0.0036561082761667773	0.0059932668230831465	0.006073436805519122	0.012742501910992927	0.004839137593290829	0.004737737532573958	0.002240199416283819	0.00378738254690285	0.002513314063227738	0.0022026418411315793	0.00247073909766674	0.004585746363243762	0.005853711268328647	0.002427815246964	0.0034467611133255117
Tri-4	201558	0.01662312171345623	0.01418010248687871	0.014441128495950554	0.014258671658983882	0.013826737670026335	0.010440827926873437	0.021471348029202912	0.017152425567041153	0.025131299811352883	0.009944435176288673	0.016910562675719883	0.0	0.020651365863480844	0.015819240935022832	0.012688561761615032	0.020422084770879013	0.022338671359875148	0.01552650315126849	0.01813073559889683	0.017549925778364152	0.02426272746420119	0.021166266155434363	0.005414458361010506	0.025274934594439222	0.023012040811865846	0.017407819006383805	0.01930873933620644	0.024754818698466248	0.02047578054228221	0.024402531340036344	0.024223767218664455	0.024561338915938723	0.025733304672389795	0.02986387664630346	0.0247931548948347	0.024824267562692202	0.02470212648860034	0.02837378188585293	0.02771684664931328	0.017298786914579138	0.017035017331080073	0.017300141126645147	0.02509212051624125	0.017135822659875375	0.018806988600679465	0.0179587308372871	0.025014707491143845	0.01794578385401701	0.017996957987138594	0.016170411853416708	0.01738314786394007	0.015676658023338688	0.016104632252046024	0.01568045430621618	0.017382606164229795	0.019441126524315847	0.01600639587108181	0.01685126427404671
KL-27	201670	0.014471408939677547	0.016653883558287272	0.017987618446058198	0.0149872609688389	0.017142665052051757	0.015036561118696962	0.019751823605965772	0.01329238465912201	0.016733120181628022	0.018982406926125496	0.015192586404350077	0.020651365863480844	0.0	0.014127985302022469	0.021716708134868992	0.00732011265697571	0.006060709751565848	0.015147839982490183	0.01641110405793888	0.008781470130016043	0.006900399079919254	0.00893827374591428	0.022711835780037014	0.023557120075145453	0.021294226292572077	0.012119798592819739	0.0175909216646423	0.02303647800768674	0.008877597747601568	0.022684190649256832	0.022505426527884943	0.022842998225159214	0.020300388902138502	0.028145615353078177	0.02307481420405519	0.023105926871912687	0.022983785797820823	0.026655441195073418	0.025998505958533764	0.015580816971597862	0.015317067210499701	0.015582156216333916	0.023373779825461738	0.015417481969095863	0.012158470379163918	0.00952210951524446	0.02009823577326808	0.011510471427549653	0.012770250362881845	0.014452597334122942	0.015665333344646305	0.013958317332559176	0.014386817732752256	0.013962639786922413	0.015664265473450283	0.017723312005022078	0.014288055180302297	0.015133350605284814
KL-257	201682	0.012911809786655876	0.011886846931272343	0.012655291281939282	0.013435408601063875	0.011963323256306396	0.009753803826513969	0.012457928032318037	0.0100495333584003	0.01661146754204703	0.014163062447677052	0.007931214710758958	0.015819240935022832	0.014127985302022469	0.0	0.01689736365642055	0.011688075878666567	0.015857271186867666	0.00946645765464522	0.009395547103138165	0.010769605942091979	0.015187934763902946	0.012608856550355632	0.017892720748531796	0.016719084657100473	0.01432926595424261	0.008692857593366375	0.010593030792484448	0.01623557262491624	0.011761345300750525	0.01587733333624537	0.015693399078702167	0.016038241051714724	0.017197317342623586	0.021354265137212836	0.016265120969338534	0.016307338315010505	0.016185169011738217	0.01985349984687082	0.01918687377523271	0.008582724061148198	0.008318974300050033	0.008583962111047864	0.016558118286676984	0.008419389058646198	0.009875158901327303	0.00940372531026987	0.016479421479473195	0.009231348612485323	0.00928115216379964	0.007454606030077757	0.008667240434196637	0.006961696610321259	0.007388826428707073	0.006966019064684496	0.0088262300554053	0.010725219094572414	0.007074040000243904	0.007917964843419157
KL-123	201779	0.017708299720128957	0.014963809130500935	0.0157551744715244	0.015469631677308263	0.014784306941001179	0.01152824626263554	0.02254947075060063	0.018231096209822113	0.0262102503801923	0.010421756691036413	0.017989049816527304	0.012688561761615032	0.021716708134868992	0.01689736365642055	0.0	0.021500733663762473	0.023392521667010273	0.016604625872666205	0.019209040803616205	0.01862804849976187	0.025341376357084642	0.022244915048317822	0.015176892659120613	0.026353583487322675	0.024090689704749303	0.01848594172778152	0.020387385076819524	0.02583294141986396	0.021554429435165667	0.025480654061434058	0.025301889940062168	0.02563946163733644	0.026811427393787512	0.030941999367701173	0.025871277616232417	0.025902390284089916	0.025780249209998052	0.029451904607250647	0.028794969370710997	0.01837728038377509	0.018113530622676927	0.01837861962851114	0.026170243237638967	0.01821394538127309	0.019885637493562917	0.019036853558684817	0.02609283021254156	0.019024432746900466	0.01907560688002205	0.017249060746300168	0.018461796756823527	0.016754780744736405	0.01718328114492948	0.01675910319909964	0.01846072888562751	0.020519775417199307	0.017084518592479524	0.01792981401746204
KL-41	201675	0.014102385810798552	0.016243539883395056	0.017269807547685777	0.014797352758979872	0.016685502719372646	0.014358504394978027	0.015184716932138924	0.012232041422811162	0.013381582243361972	0.018766432455018973	0.011365191280847398	0.020422084770879013	0.00732011265697571	0.011688075878666567	0.021500733663762473	0.0	0.008697942389912448	0.013120535494425854	0.010728505904546418	0.009541505049419008	0.0071674295785779975	0.003968555929105998	0.022495825955593563	0.019239788462211437	0.016956677443077092	0.008039046461031343	0.01343127230770954	0.018255277228608244	0.004098669083987554	0.017897056967928263	0.01771281954303768	0.018057868677422526	0.015241372630823837	0.02337306701488792	0.018284631155509573	0.01832638190766608	0.018204167638978	0.021872969405774316	0.02120633044470758	0.011420769472533794	0.01115688223012262	0.011422189169108764	0.018577324910859772	0.011258622317890078	0.00763133209343939	0.005362189319769712	0.015051389518279876	0.00687767204194758	0.008256416151713483	0.010292439001164073	0.011503485022764758	0.009799344048644833	0.010226908748507745	0.009801589496005266	0.011505292189535938	0.013562385808512744	0.010129081896387952	0.010973713906078236
KL-29	201671	0.016252009622511044	0.01834086294732111	0.019675375348321054	0.016550070903844975	0.01885745578322187	0.01672418077759253	0.02134451249364845	0.015683424949199748	0.018531408272102184	0.020658220458266777	0.01685757408899276	0.022338671359875148	0.006060709751565848	0.015857271186867666	0.023392521667010273	0.008697942389912448	0.0	0.015862716139732433	0.01774395999283248	0.005936352829273115	0.009124794025172276	0.010369885885871032	0.024252785723947765	0.024890721831847405	0.02262782804927403	0.013453400349521685	0.01892452342134425	0.024370079764388687	0.010383979098624159	0.024017792405958777	0.023839028284586894	0.024176599981861162	0.02163399065884045	0.029479137712225895	0.02440841596075714	0.02443952862861464	0.024317387554522778	0.027989042951775366	0.02733153126127096	0.016914418728299817	0.016650668967201653	0.016915757973035864	0.024707381582163686	0.016751083725797814	0.013492072135865868	0.01085571127194641	0.021431837529970025	0.012844073184251605	0.014103852119583796	0.01578619909082489	0.016998935101348252	0.015291919089261127	0.015720419489454206	0.015296241543624363	0.01699786723015223	0.01905691376172403	0.015621656937004246	0.016466952361986763
KL-59	201726	0.012540469680799162	0.011595002615105775	0.01250375079715436	0.01266053815152076	0.011594028387381081	0.009463299633751412	0.01563337884038695	0.011008407619352355	0.018743750295786694	0.013870324663922708	0.011067738155310449	0.01552650315126849	0.015147839982490183	0.00946645765464522	0.016604625872666205	0.013120535494425854	0.015862716139732433	0.0	0.012292088553086169	0.010802992738772933	0.01620020475139218	0.014453896066992227	0.01760072288402487	0.01924375053577297	0.016992150086372265	0.01112481039159497	0.013467780774829864	0.018949919863570856	0.014085692184597145	0.01859082819152702	0.018405721114917995	0.018752310414294482	0.019359068305426615	0.024068707890843328	0.018978230160340698	0.019021758935888075	0.018899574092597772	0.02256773522119946	0.021899209451778284	0.011455416055264211	0.011191666294166047	0.011456755300000262	0.01926963708900164	0.011292081052762208	0.012416900242994397	0.011573355409717571	0.018520948032587557	0.011555695496331942	0.011652898372910312	0.010328764224445548	0.011539932428312649	0.009836446592666675	0.010263155911519085	0.009840769047029912	0.011544103658717908	0.013597911088688425	0.010166184440409795	0.01100989310918735
KL-98	201757	0.015688861169722235	0.01419714991895497	0.015106200429920719	0.015746079147588035	0.014245576572005777	0.01206671265892349	0.009158984091641762	0.012576848972113898	0.016977503902945765	0.01647473959487271	0.006759834454848448	0.01813073559889683	0.01641110405793888	0.009395547103138165	0.019209040803616205	0.010728505904546418	0.01774395999283248	0.012292088553086169	0.0	0.012777415288051933	0.01680919121786932	0.010645537116749922	0.02020420857859862	0.014626853755760442	0.012343186441161093	0.006929602514798166	0.00883167124500193	0.011820011941755896	0.010217728285848344	0.011460383049033903	0.011274012148787314	0.011623208335501302	0.01277743879613048	0.01694191774885223	0.0118477335003198	0.011894968793896973	0.01177278395060667	0.015438876251594551	0.014766956852600911	0.006807841541505602	0.0065440143835747006	0.00680952387956774	0.012137682508268582	0.006644570598230982	0.00833993141742403	0.007475298945462846	0.012059370624534722	0.00746927183235547	0.007514097645047028	0.005680418751465968	0.006892010785826895	0.005193226131514434	0.005614890197498984	0.005197258822172189	0.0068921996643206895	0.008951694758420137	0.005522963979257555	0.006373047054979911
KL-025	201669	0.011381957120105413	0.01343336631779871	0.01470560752771594	0.011705719161039083	0.013885634151298917	0.011754510987289916	0.016378555028350103	0.012271608449642289	0.016166445588558558	0.015893747291018372	0.011891472009130596	0.017549925778364152	0.008781470130016043	0.010769605942091979	0.01862804849976187	0.009541505049419008	0.005936352829273115	0.010802992738772933	0.012777415288051933	0.0	0.010997712589776859	0.010873745880880399	0.019622750486648292	0.019924763954267517	0.01766187017169414	0.008952533579035677	0.013958565543764366	0.019404155847647292	0.010509404788076474	0.019051834528378893	0.018873070407007003	0.019210642104281278	0.017112555445116737	0.024518180611349735	0.019442458083177253	0.019473644761767002	0.01935148814765713	0.023023085074195482	0.022365578985463375	0.01194846085071993	0.011684711089621765	0.01194980009545598	0.019741423704583802	0.011785125848217927	0.009760631018489136	0.009337981610014038	0.016465922604761214	0.008899431386028875	0.009182141282044162	0.010820241213245006	0.012032977223768367	0.01032596121168124	0.010754461611874322	0.010330283666044479	0.012031909352572347	0.014090955884144146	0.01065569905942436	0.01150099448440688
KL-33	201672	0.017113486235408808	0.020084387716023812	0.021110932047593876	0.01815197082758691	0.020526627219280745	0.018198835910129114	0.019953977430690353	0.016078664483663272	0.017974051250604067	0.022607075148341146	0.0161945377647537	0.02426272746420119	0.006900399079919254	0.015187934763902946	0.025341376357084642	0.0071674295785779975	0.009124794025172276	0.01620020475139218	0.01680919121786932	0.010997712589776859	0.0	0.009086700248308162	0.026336212705808142	0.024488915143428953	0.022226245519500788	0.013053215665626743	0.018524494590549067	0.02345694492820383	0.008758316209769863	0.023098724667523853	0.022914487242633272	0.023259536377018115	0.020702725536939796	0.02857473471448351	0.02348629885510516	0.023528049607261667	0.023405835338573586	0.027074637105369906	0.02640799814430316	0.016513813601587896	0.016249996881335216	0.016515203405273106	0.023778995249475885	0.016351730968021044	0.012724212494853851	0.010455685134373886	0.0205020748717741	0.012071008049809887	0.013349488728247778	0.0153856612840036	0.016596509353959794	0.014892566331484357	0.015320131031347273	0.014894811778844792	0.016598514472375463	0.018655036838581895	0.015222304179227476	0.01606693618891776
KL-45	201676	0.014844629093325781	0.016988348326700563	0.018013934729388316	0.015540953923450555	0.01742750658953852	0.015103170476320083	0.015470784693449847	0.012972323995267428	0.013678636855488514	0.019510613839574323	0.010981478697312502	0.021166266155434363	0.00893827374591428	0.012608856550355632	0.022244915048317822	0.003968555929105998	0.010369885885871032	0.014453896066992227	0.010645537116749922	0.010873745880880399	0.009086700248308162	0.0	0.023240367814773618	0.018855831954001312	0.016572706048988098	0.007580365732465041	0.012897425344709704	0.018547821391895453	0.003362521813180002	0.0181883455069542	0.01800337111015844	0.018350049576715276	0.015791618030076063	0.023667416197870886	0.018575720022845323	0.01862046724291563	0.018498282399625334	0.022165736304014912	0.02149644690553953	0.011037219809562376	0.0107734030893097	0.011038609613247584	0.018867876477980532	0.010875137175995524	0.00725132219995089	0.004982691635302544	0.01560156409380712	0.006497559554906732	0.007873141205055872	0.009909698703535799	0.011119915561934274	0.009267470121473657	0.009844363835131598	0.009269715568834092	0.011121920680349943	0.013178790880911605	0.009597207969216776	0.010591402061044856
CR-26	201419	0.018697653276179744	0.016254275351193673	0.01675207503415348	0.01633240460219652	0.015901198278616746	0.012514973939049524	0.023545132774012472	0.01922794658656401	0.02720519137491447	0.012432852264382717	0.018985702600669525	0.005414458361010506	0.022711835780037014	0.017892720748531796	0.015176892659120613	0.022495825955593563	0.024252785723947765	0.01760072288402487	0.02020420857859862	0.019622750486648292	0.026336212705808142	0.023240367814773618	0.0	0.027349840842853426	0.02508694706028005	0.019482199083312265	0.021383642432350275	0.026829198775394705	0.02255068679069642	0.026476911416964802	0.026298147295592912	0.026635718992867184	0.02780768474931826	0.03193825672323192	0.02686753497176316	0.02689864763962066	0.026776506565528796	0.03044816196278139	0.029791226726241744	0.019373537739305835	0.019109787978207674	0.01937487698404189	0.02716650059316971	0.019210202736803836	0.02088189484909367	0.020033110914215564	0.02708898082082396	0.020020690102431214	0.020071864235552798	0.018245318101830915	0.019458054112354278	0.01775103810026715	0.018179538500460227	0.017755360554630388	0.019456986241158256	0.02151603277273005	0.018080775948010268	0.01892607137299279
Tri-59	201624	0.02249079643598697	0.02134421697003203	0.022161167403842948	0.02276792229285793	0.021534865108033985	0.019212728676130067	0.01681055447705572	0.01960093442644602	0.024107523850365645	0.02361928227857918	0.012430146114454043	0.025274934594439222	0.023557120075145453	0.016719084657100473	0.026353583487322675	0.019239788462211437	0.024890721831847405	0.01924375053577297	0.014626853755760442	0.019924763954267517	0.024488915143428953	0.018855831954001312	0.027349840842853426	0.0	0.00308294474465411	0.01285222054379201	0.013493059515739007	0.01974677872618861	0.0173496701300397	0.019506472176221316	0.019198517737316102	0.01966970446288011	0.02131953655234854	0.024988413876231037	0.019893519291142192	0.019941464921275784	0.01981928007798548	0.023125887017492623	0.02289829983812567	0.011951347062903905	0.01169606351830651	0.011968574902703446	0.02006084462212314	0.012101272517268304	0.01456188122990322	0.014048723528103168	0.020774993370712255	0.013655346982768981	0.01351632301452021	0.011164734970074123	0.012034494566733406	0.010674032162144324	0.011099757909513844	0.010682261253525584	0.012303332119195444	0.01434211907884901	0.011009021120845577	0.011870508599589245
Tri-29	201591	0.02057194356080206	0.019081323187458657	0.01989827362126957	0.020505028510284552	0.019271637502189427	0.01694983489355669	0.01537999723834445	0.017325020903757885	0.021844361407172164	0.021356388496005806	0.010161318995885217	0.023012040811865846	0.021294226292572077	0.01432926595424261	0.024090689704749303	0.016956677443077092	0.02262782804927403	0.016992150086372265	0.012343186441161093	0.01766187017169414	0.022226245519500788	0.016572706048988098	0.02508694706028005	0.00308294474465411	0.0	0.010589376344400783	0.012062028301745551	0.01747071722748777	0.015086727423687853	0.017243522863286054	0.016922447588748526	0.01740679443971476	0.019043347163847476	0.02272550385306569	0.017630560448745874	0.017678554898110432	0.01755637005482013	0.02086297699432727	0.02062224993070955	0.009744103411130548	0.009490578507970738	0.009754399890563013	0.017784724905613367	0.00983812067369434	0.012298920209183599	0.011785263228969436	0.018511872111451822	0.011392386681086069	0.011253361993800587	0.008901196469591031	0.009829187863824106	0.008410817846938323	0.00883621940903075	0.008419105713902537	0.010039928296307827	0.012085944466899388	0.008745831383281668	0.009607084637219501
CR-10	201414	0.011827944683467765	0.01347657521049087	0.014385807386700183	0.012028947283883491	0.01367312321197061	0.011345086916588908	0.009822283345778332	0.010971172426186435	0.012696691049283915	0.01575164051903802	0.0044139740531566616	0.017407819006383805	0.012119798592819739	0.008692857593366375	0.01848594172778152	0.008039046461031343	0.013453400349521685	0.01112481039159497	0.006929602514798166	0.008952533579035677	0.013053215665626743	0.007580365732465041	0.019482199083312265	0.01285222054379201	0.010589376344400783	0.0	0.006604349496882183	0.012447456471509319	0.005577894582783117	0.01208923621082934	0.011904998785938755	0.012250047920323602	0.010902101804200655	0.017565246257788995	0.012476810398410646	0.012518561150567157	0.012396346881879076	0.016065148648675392	0.01539930454113288	0.004573864135552189	0.004291368257835273	0.0044000187043884646	0.012769504153760847	0.004401788007850026	0.0031891974646786705	0.0035335961868390164	0.010240260350718382	0.002058793651774351	0.0021094532529992993	0.0033812475574762075	0.0044960783351794455	0.0028769291679362043	0.0033079802240995196	0.0028393346467003263	0.004957324825869098	0.006277975771122858	0.003126046104365912	0.004194131241407803
CR-18	201422	0.01652699249144979	0.015378018559528877	0.016286177252025195	0.016926809632840698	0.015572593525179953	0.013246530265626912	0.006888009699666757	0.013761478623612622	0.018165612451371042	0.017653083868076028	0.005865413918318719	0.01930873933620644	0.0175909216646423	0.010593030792484448	0.020387385076819524	0.01343127230770954	0.01892452342134425	0.013467780774829864	0.00883167124500193	0.013958565543764366	0.018524494590549067	0.012897425344709704	0.021383642432350275	0.013493059515739007	0.012062028301745551	0.006604349496882183	0.0	0.013902711121387109	0.010672927327421953	0.013544068480603046	0.013359831055712462	0.013704990497488908	0.015479949110248565	0.019022051563391366	0.013931642668184351	0.013975102608436114	0.013852917765145809	0.017520594645623437	0.017059792142564575	0.005640003848748999	0.005376469182476156	0.005642795508913915	0.014224336423534557	0.0054768241608787035	0.008057546882796238	0.008128318973931618	0.014818107656766293	0.007036496031811715	0.006850121888273148	0.004512827607547636	0.005738734914451561	0.0038981257335582117	0.0044615567365600605	0.0039035568492543373	0.006433486146658263	0.007525433189816619	0.003819171846194999	0.005242155394845877
CR-55	201444	0.022319394679799712	0.020823574902573312	0.021731297888617045	0.022371545616281886	0.02101639830663902	0.01869327677582313	0.015062916798761497	0.019086786261508462	0.023673520159378535	0.023098640211120465	0.012056289964033974	0.024754818698466248	0.02303647800768674	0.01623557262491624	0.02583294141986396	0.018255277228608244	0.024370079764388687	0.018949919863570856	0.011820011941755896	0.019404155847647292	0.02345694492820383	0.018547821391895453	0.026829198775394705	0.01974677872618861	0.01747071722748777	0.012447456471509319	0.013902711121387109	0.0	0.016906257374649757	0.0011458455848404022	0.001426405663167537	0.0010748739189528468	0.007144708147704394	0.006668877622377213	0.0016857311139730886	0.001451628898174938	0.0008937091039751838	0.005839388943641092	0.006802550862267824	0.011891331319855886	0.01162758758314709	0.011892666015747224	0.0030066364219583945	0.011727883640332264	0.01412017193384708	0.013669273487711292	0.006423043657019574	0.01322664535902202	0.013095433382832743	0.010762046661757344	0.011976085119485589	0.010271498489944497	0.010696218281857394	0.010276074868977603	0.011975197909138247	0.014034478606863002	0.010601236337687617	0.011443001346937551
CR-57	201454	0.014157985113534218	0.01629909191897601	0.017325129911003552	0.014852871168583897	0.016741610919354756	0.014413574623973054	0.013815615551177732	0.012402135287556265	0.012927893261294763	0.01882012822642217	0.008985799125645597	0.02047578054228221	0.008877597747601568	0.011761345300750525	0.021554429435165667	0.004098669083987554	0.010383979098624159	0.014085692184597145	0.010217728285848344	0.010509404788076474	0.008758316209769863	0.003362521813180002	0.02255068679069642	0.0173496701300397	0.015086727423687853	0.005577894582783117	0.010672927327421953	0.016906257374649757	0.0	0.01654803711396978	0.01636379968907919	0.016708848823464045	0.014152194267426855	0.022024047160929434	0.016935611301551086	0.016977362053707597	0.016855147785019516	0.020523949551815836	0.01985772602176631	0.009065906291345283	0.008780544685359753	0.00904197796852459	0.01722830505690129	0.008894954025072265	0.005371736310906903	0.003317288943852137	0.014134755921042588	0.004494170342968742	0.005873566862538808	0.007909616804301878	0.009122373173338534	0.007004883638460957	0.00784406673169734	0.0070071290858213925	0.009460375780873128	0.011184441357802381	0.0073346214862040765	0.00867018949622201
KL-89	201737	0.021964070890187128	0.020471287544143405	0.021379233026082772	0.022019258257851983	0.020662525004582717	0.018339799250241443	0.01470325457336633	0.018872373466894285	0.023313444976695234	0.022746352852690558	0.011696062414016805	0.024402531340036344	0.022684190649256832	0.01587733333624537	0.025480654061434058	0.017897056967928263	0.024017792405958777	0.01859082819152702	0.011460383049033903	0.019051834528378893	0.023098724667523853	0.0181883455069542	0.026476911416964802	0.019506472176221316	0.017243522863286054	0.01208923621082934	0.013544068480603046	0.0011458455848404022	0.01654803711396978	0.0	0.0005767429305700809	0.0006330671047812646	0.007107583015199043	0.007008071547832522	0.0013949111811568096	0.0016852891641348942	0.0008065602541178827	0.005742506818823606	0.006215449943924895	0.01153068471540388	0.011266940978695086	0.01153201941129522	0.002450478873018806	0.01136723703588026	0.013761951673167098	0.013311053227031312	0.005621405371979889	0.012868425098342042	0.012735516410380506	0.010401819111740174	0.011615464513991798	0.009913278229264518	0.01033622078755546	0.009917854608297624	0.011615014633860218	0.013674904706100537	0.010243016077007639	0.011083298658095637
KL-86	201745	0.021783143796114925	0.02029252342277152	0.02120024640881525	0.021840494136480093	0.020482875301885185	0.018161035128869553	0.014517332284141655	0.018540388706205956	0.023125213751481483	0.022567588731318672	0.01150796652718143	0.024223767218664455	0.022505426527884943	0.015693399078702167	0.025301889940062168	0.01771281954303768	0.023839028284586894	0.018405721114917995	0.011274012148787314	0.018873070407007003	0.022914487242633272	0.01800337111015844	0.026298147295592912	0.019198517737316102	0.016922447588748526	0.011904998785938755	0.013359831055712462	0.001426405663167537	0.01636379968907919	0.0005767429305700809	0.0	0.0007830325015668021	0.006605858031242143	0.007159159099820086	0.0015084700219686602	0.0018081430442182227	0.0011601275907133523	0.0062331545430708195	0.005833798304634648	0.011343668600884024	0.011080015994210924	0.011345000380489745	0.001914705339254599	0.011180238461552559	0.013577714248276513	0.013126815802140729	0.005640908605516118	0.012684187673451457	0.01255096030527895	0.010216376824470989	0.011428597236622616	0.009729040804373933	0.010151049976657082	0.009733617183407041	0.011428526772292067	0.013489115442882883	0.010058778652117054	0.010898491675515537
KL-90	201746	0.022124486030962787	0.020630095120045787	0.02153825559815174	0.022178327714828402	0.020823132045639993	0.018498606826143824	0.014865237063805747	0.01903501338425378	0.02347671655312394	0.02290516042859294	0.011859333990445508	0.024561338915938723	0.022842998225159214	0.016038241051714724	0.02563946163733644	0.018057868677422526	0.024176599981861162	0.018752310414294482	0.011623208335501302	0.019210642104281278	0.023259536377018115	0.018350049576715276	0.026635718992867184	0.01966970446288011	0.01740679443971476	0.012250047920323602	0.013704990497488908	0.0010748739189528468	0.016708848823464045	0.0006330671047812646	0.0007830325015668021	0.0	0.006895130431937278	0.006627917802324432	0.0016153067479842765	0.0013073014365706072	0.0008084265712331643	0.00600534983165461	0.00652965442093038	0.011693363391260952	0.01142961965455216	0.011694698087152292	0.0023139321404828514	0.011529915711737334	0.013922763382661364	0.013471864936525576	0.006115016222333399	0.013029236807836304	0.012897633666039625	0.01056509068816888	0.011778117190890653	0.010074089938758782	0.010499262308268932	0.010078666317791888	0.011777336798000899	0.013836757982964801	0.010403827786501903	0.011245741915382714
KL-91	201750	0.019980810394141027	0.021802060876496866	0.022709783862540595	0.02042737993478013	0.02199214058746083	0.0196705725825949	0.01602163241748943	0.018809672920144398	0.02091377057238399	0.024077126185044016	0.013407001265445041	0.025733304672389795	0.020300388902138502	0.017197317342623586	0.026811427393787512	0.015241372630823837	0.02163399065884045	0.019359068305426615	0.01277743879613048	0.017112555445116737	0.020702725536939796	0.015791618030076063	0.02780768474931826	0.02131953655234854	0.019043347163847476	0.010902101804200655	0.015479949110248565	0.007144708147704394	0.014152194267426855	0.007107583015199043	0.006605858031242143	0.006895130431937278	0.0	0.012376749960563992	0.007007491051338109	0.00626888068272535	0.00721729694310858	0.011155416379904012	0.010274173311911093	0.013464985555993979	0.013201266799582695	0.013466324800730027	0.00716864131494048	0.013301650553491976	0.011366251296619981	0.01091521038048839	0.004691975870302709	0.010472740770483411	0.011127814371888646	0.012335805955787985	0.013549616639802493	0.011849317813994106	0.01227070647879949	0.01185364026835734	0.0135497386616079	0.01560971310815902	0.012179055661737225	0.013018533014742161
