CR-14	201407	0	0.21668026825673	0.19399177027934902	0.5770041923723349	0.36749795615870623	0.24882293037368586	1.0	0.3883525460396366	0.588007021614151	0.18689576228592086	0.5638099886349267	0.5960844803586662	0.9418642362999319	0.24967143807255787	0.5675530559583732	0.9520083138733276	0.5751411264585626	0.22595891441046284	0.9366655679243038	0.7284013460286596	1.0	1.0	1.0	1.0	1.0	1.0	1.0	0.7151819698825983	1.0	0.19229178853006948	0.9310746081047379	0.2983293378152473	0.9346735492379706	0.8370594284423455	0.9448115762089394	0.9698708009710443	0.9713004898879389	0.7096549867183686	0.5689198393805114	0.6469175176773105	0.9652930856194689	0.5242364996469439	0.8890654788198957	0.3798314429628721	0.9447604812692548	0.9431095028344813	0.9373703215617204	0.9010624323805885	0.9735221549528053	0.7403346413382527	0.9702275728291421	0.933877935723794	0.960523544818657	0.9572496223246709	0.9423674190816517	0.9539936429551306	0.9460051225408835	1.0
CR-15	201408	0.21668026825673	0	0.3312589042040888	0.525402291844869	0.4783053793709204	0.37232374639228527	1.0	0.35021295600665314	0.5407137772482143	0.3354197047295005	0.5172662308501202	0.5487912359927296	0.9418642362999319	0.37005718561788375	0.5220537030579091	0.9520083138733275	0.6412027515047567	0.2786757451203327	0.9366655679243037	0.6825609598651926	1.0	1.0	1.0	1.0	1.0	1.0	1.0	0.6845885076700416	1.0	0.37005718561788387	0.9310746081047379	0.19421634564327037	0.9346735492379706	0.8370594284423454	0.9448115762089394	0.9698708009710445	0.9713004898879389	0.7346365788990495	0.607834710549427	0.6858323888462261	0.9652930856194687	0.6058990136087572	0.8890654788198957	0.3535097587959605	0.9447604812692547	0.9431095028344813	0.9373703215617203	0.9010624323805885	0.9735221549528055	0.7403346413382526	0.9702275728291423	0.9338779357237937	0.960523544818657	0.9572496223246711	0.9423674190816519	0.9539936429551304	0.9460051225408835	1.0
CR-8	201412	0.19399177027934902	0.3312589042040888	0	0.5770041923723349	0.4124514241905827	0.19919999634330357	1.0	0.39181791174991587	0.5835032705988997	0.01971427505016013	0.5596094601160513	0.5919442510957093	0.9418642362999319	0.2155501210121728	0.5629890109003451	0.9520083138733276	0.5733643790431969	0.3862859040549459	0.9366655679243037	0.740589424053084	1.0	1.0	1.0	1.0	1.0	1.0	1.0	0.7175650167686547	1.0	0.15704208413462042	0.9310746081047381	0.4413306513378966	0.9346735492379704	0.8818278847004607	0.9448115762089394	0.9698708009710443	0.9713004898879389	0.8464858885362248	0.7196840201866022	0.7976816984834012	0.9652930856194689	0.4966926399667859	0.8890654788198954	0.39653036557152477	0.9447604812692549	0.9431095028344811	0.9373703215617204	0.9010624323805885	0.9735221549528055	0.7403346413382528	0.9702275728291421	0.9338779357237937	0.9605235448186571	0.9572496223246709	0.9423674190816517	0.9539936429551304	0.9460051225408835	1.0
CR-9	201413	0.5770041923723349	0.525402291844869	0.5770041923723349	0	0.662311361516358	0.6041900724884196	1.0	0.5525881719609537	0.1587195964960459	0.577004192372335	0.17682904102565306	0.2193423381709794	0.9418642362999319	0.6041900724884196	0.20543912564534816	0.9520083138733276	0.5847224838684469	0.6041900724884195	0.9366655679243037	0.6503934420421289	1.0	1.0	1.0	1.0	1.0	1.0	1.0	0.6573005109835022	1.0	0.6041900724884197	0.9147304178439098	0.5437131899351699	0.9160027022391761	0.8818278847004607	0.9448115762089395	0.9698708009710444	0.9713004898879389	0.8464858885362248	0.7398157242866417	0.7976816984834013	0.9652930856194689	0.7398157242866417	0.8890654788198955	0.5267472875446119	0.9447604812692547	0.943109502834481	0.9373703215617206	0.9010624323805885	0.9735221549528053	0.7403346413382526	0.9702275728291421	0.933877935723794	0.9605235448186571	0.9572496223246711	0.9423674190816514	0.9539936429551304	0.9460051225408835	1.0
CR-10	201414	0.36749795615870623	0.4783053793709204	0.4124514241905827	0.662311361516358	0	0.3816123896178093	1.0	0.5422791209885062	0.6787969245358305	0.4123250548416355	0.6610492445087233	0.6933840354883813	0.9418642362999319	0.39512232173435874	0.6613170171552446	0.9520083138733276	0.5733643790431966	0.46664015059790626	0.9366655679243037	0.7854320786759214	1.0	1.0	1.0	1.0	1.0	1.0	1.0	0.8190048011613268	1.0	0.37815208786482274	0.9310746081047379	0.5673534422235922	0.9346735492379703	0.8878151945585414	0.9448115762089394	0.9698708009710445	0.9713004898879389	0.8086492023729759	0.6666487944175963	0.7483887508336938	0.9652930856194689	0.5561744416534633	0.8890654788198955	0.5562179879931728	0.9447604812692547	0.9431095028344813	0.9373703215617206	0.9010624323805885	0.9735221549528055	0.7403346413382527	0.9702275728291421	0.9338779357237937	0.9605235448186571	0.9572496223246709	0.9423674190816517	0.9539936429551306	0.9460051225408835	1.0
CR-17	201418	0.24882293037368586	0.37232374639228527	0.19919999634330357	0.6041900724884196	0.3816123896178093	0	1.0	0.3398299585976311	0.5835032705988997	0.18141231645040667	0.5502318297451625	0.582506321468902	0.9418642362999319	0.09140858440841547	0.5539748970686089	0.9520083138733275	0.5733643790431968	0.33047279439816724	0.9366655679243037	0.7192094320647702	1.0	1.0	1.0	1.0	1.0	1.0	1.0	0.7016038109928342	1.0	0.1004833093845813	0.9310746081047379	0.4560522220113293	0.9346735492379704	0.8818278847004609	0.9448115762089395	0.9698708009710445	0.9713004898879389	0.8464858885362245	0.719684020186602	0.7976816984834013	0.9652930856194689	0.47056652788992326	0.8890654788198957	0.4026787903688589	0.9447604812692549	0.9431095028344811	0.9373703215617205	0.9010624323805885	0.9735221549528053	0.7403346413382528	0.9702275728291421	0.9338779357237937	0.960523544818657	0.9572496223246709	0.9423674190816517	0.9539936429551304	0.9460051225408838	1.0
CR-26	201419	1.0	1.0	1.0	1.0	1.0	1.0	0	1.0	1.0	1.0	1.0	1.0	1.0	1.0	1.0	1.0	1.0	1.0	1.0	1.0	0.9683216946496399	0.9442463627737651	0.9711376461321289	0.9442463627737651	0.9547737931824657	0.9632858814599625	1.0	1.0	0.5310451106046721	1.0	1.0	1.0	1.0	0.9442463627737652	0.9442463627737651	0.9442463627737652	0.9442463627737651	0.9496725026560476	0.9598026544609919	0.9742209536463216	0.9442463627737651	1.0	1.0	1.0	1.0	1.0	1.0	1.0	0.963824376721692	0.9564187343231275	1.0	1.0	1.0	1.0	1.0	1.0	1.0	1.0
CR-18	201422	0.3883525460396366	0.35021295600665314	0.39181791174991587	0.5525881719609537	0.5422791209885062	0.3398299585976311	1.0	0	0.5332671250636002	0.3910883205055206	0.5100498325291466	0.5416069995927725	0.9418642362999319	0.33982995859763104	0.5146351882081965	0.9520083138733276	0.6613656258974322	0.362295614327805	0.9366655679243038	0.6527489775448188	1.0	1.0	1.0	1.0	1.0	1.0	1.0	0.6735899422758119	1.0	0.33982995859763104	0.9310746081047379	0.42193556517454633	0.9346735492379706	0.8818278847004607	0.9448115762089393	0.9698708009710444	0.9713004898879389	0.8464858885362248	0.7196840201866022	0.7976816984834012	0.9652930856194689	0.6613656258974322	0.8890654788198955	0.37857527646347383	0.9447604812692548	0.9431095028344811	0.9373703215617203	0.9010624323805885	0.9735221549528055	0.7403346413382526	0.9702275728291421	0.9338779357237937	0.960523544818657	0.9572496223246709	0.9423674190816517	0.9539936429551306	0.9460051225408833	1.0
CR-20	201424	0.588007021614151	0.5407137772482143	0.5835032705988997	0.1587195964960459	0.6787969245358305	0.5835032705988997	1.0	0.5332671250636002	0	0.5835032705988997	0.07049894660036682	0.08187973968742387	0.9418642362999319	0.5835032705988997	0.08554282799552146	0.9520083138733276	0.5988085201582866	0.5986439026247847	0.9366655679243038	0.6453731572866579	1.0	1.0	1.0	1.0	1.0	1.0	1.0	0.6368638798303973	1.0	0.5835032705988996	0.91473041784391	0.5604458275558482	0.9160027022391763	0.881827884700461	0.9448115762089394	0.9698708009710443	0.9713004898879389	0.8464858885362245	0.7574839926723992	0.797681698483401	0.9652930856194689	0.7574839926723991	0.8890654788198955	0.5377592444182997	0.9447604812692545	0.9431095028344811	0.9373703215617203	0.9010624323805884	0.973522154952805	0.757483992672399	0.9702275728291421	0.9338779357237937	0.960523544818657	0.9572496223246711	0.9423674190816519	0.9539936429551304	0.9460051225408835	1.0
CR-23	201427	0.18689576228592086	0.3354197047295005	0.01971427505016013	0.577004192372335	0.4123250548416355	0.18141231645040667	1.0	0.3910883205055206	0.5835032705988997	0	0.5575951566607357	0.5898696483844755	0.9418642362999319	0.20385689805077414	0.5613382239841822	0.9520083138733276	0.5733643790431967	0.3820190158845916	0.9366655679243037	0.7291178222080066	1.0	1.0	1.0	1.0	1.0	1.0	1.0	0.7089671379084075	1.0	0.1453637901711405	0.9310746081047381	0.4407624601039154	0.9346735492379704	0.8818278847004608	0.9448115762089393	0.9698708009710444	0.9713004898879389	0.8464858885362248	0.7196840201866022	0.7976816984834012	0.9652930856194689	0.49227532104467375	0.8890654788198954	0.38833971277123785	0.9447604812692548	0.9431095028344811	0.9373703215617204	0.9010624323805885	0.9735221549528053	0.7403346413382528	0.9702275728291421	0.933877935723794	0.9605235448186571	0.9572496223246708	0.9423674190816517	0.9539936429551304	0.9460051225408835	1.0
CR-43	201432	0.5638099886349267	0.5172662308501202	0.5596094601160513	0.17682904102565306	0.6610492445087233	0.5502318297451625	1.0	0.5100498325291466	0.07049894660036682	0.5575951566607357	0	0.08770898108691777	0.9418642362999319	0.5535828943620893	0.08369663192045043	0.9520083138733276	0.5941862696858772	0.5744468696455604	0.9366655679243038	0.6361123498985697	1.0	1.0	1.0	1.0	1.0	1.0	1.0	0.6125203377761361	1.0	0.5565200245872772	0.91473041784391	0.5453721744266702	0.9160027022391763	0.8818278847004609	0.9448115762089394	0.9698708009710443	0.9713004898879389	0.8464858885362244	0.7424103395432211	0.7976816984834013	0.9652930856194689	0.7424103395432212	0.8890654788198955	0.5111345143079808	0.9447604812692547	0.9431095028344813	0.9373703215617204	0.9010624323805885	0.9735221549528053	0.7424103395432213	0.9702275728291421	0.9338779357237937	0.960523544818657	0.9572496223246711	0.9423674190816517	0.9539936429551304	0.9460051225408835	1.0
CR-36	201439	0.5960844803586662	0.5487912359927296	0.5919442510957093	0.2193423381709794	0.6933840354883813	0.582506321468902	1.0	0.5416069995927725	0.08187973968742387	0.5898696483844755	0.08770898108691777	0	0.9418642362999319	0.5858573860858289	0.12332645632533686	0.9520083138733275	0.6341294489039254	0.6067213613693	0.9366655679243037	0.638018984873626	1.0	1.0	1.0	1.0	1.0	1.0	1.0	0.6069148917532028	1.0	0.5887945163110172	0.91473041784391	0.5667461119139142	0.9160027022391761	0.8818278847004609	0.9448115762089394	0.9698708009710445	0.9713004898879389	0.8464858885362248	0.7637842770304655	0.7976816984834011	0.9652930856194689	0.7637842770304655	0.8890654788198955	0.5434090060317206	0.9447604812692549	0.9431095028344811	0.9373703215617205	0.9010624323805884	0.9735221549528053	0.7637842770304653	0.9702275728291423	0.933877935723794	0.960523544818657	0.9572496223246709	0.9423674190816519	0.9539936429551304	0.9460051225408835	1.0
CR-41	201441	0.9418642362999319	0.9418642362999319	0.9418642362999319	0.9418642362999319	0.9418642362999319	0.9418642362999319	1.0	0.9418642362999319	0.9418642362999319	0.9418642362999319	0.9418642362999319	0.9418642362999319	0	0.9418642362999319	0.9418642362999319	0.2246427719864346	0.9418642362999319	0.9418642362999321	0.9418642362999319	0.9418642362999319	1.0	1.0	1.0	1.0	1.0	1.0	1.0	0.9418642362999319	1.0	0.9418642362999319	0.9418642362999319	0.9418642362999319	0.9418642362999319	0.9418642362999319	0.9448115762089393	0.9698708009710445	0.9713004898879388	0.9418642362999319	0.9418642362999321	0.9418642362999319	0.9652930856194689	0.9418642362999319	0.9418642362999319	0.9418642362999319	0.1421606217573409	0.10579953553950239	0.16471118394770698	0.4812588390253364	0.8639014347293196	0.8119402878292221	0.35365128200369444	0.18929961478617743	0.2849202679612023	0.19078828447805882	0.3169228968129832	0.2764811604810602	0.2956910981921675	1.0
CR-45	201442	0.24967143807255787	0.37005718561788375	0.2155501210121728	0.6041900724884196	0.39512232173435874	0.09140858440841547	1.0	0.33982995859763104	0.5835032705988997	0.20385689805077414	0.5535828943620893	0.5858573860858289	0.9418642362999319	0	0.5573259616855359	0.9520083138733276	0.573364379043197	0.33047279439816735	0.9366655679243034	0.6896415285454123	1.0	1.0	1.0	1.0	1.0	1.0	1.0	0.7049548756097612	1.0	0.11572521015502309	0.9310746081047377	0.4560522220113294	0.9346735492379706	0.8818278847004607	0.9448115762089395	0.9698708009710445	0.9713004898879389	0.8464858885362246	0.7196840201866022	0.7976816984834011	0.9652930856194689	0.5130427646356552	0.8890654788198955	0.40267879036885895	0.9447604812692549	0.9431095028344811	0.9373703215617205	0.9010624323805885	0.9735221549528053	0.7403346413382526	0.9702275728291421	0.933877935723794	0.9605235448186571	0.9572496223246709	0.9423674190816517	0.9539936429551306	0.9460051225408835	1.0
CR-54	201443	0.5675530559583732	0.5220537030579091	0.5629890109003451	0.20543912564534816	0.6613170171552446	0.5539748970686089	1.0	0.5146351882081965	0.08554282799552146	0.5613382239841822	0.08369663192045043	0.12332645632533686	0.9418642362999319	0.5573259616855359	0	0.9520083138733276	0.5882883653792965	0.578189936969007	0.9366655679243037	0.6412416755799686	1.0	1.0	1.0	1.0	1.0	1.0	1.0	0.6182115082703461	1.0	0.5602630919107241	0.9310746081047381	0.5466843519575335	0.9346735492379704	0.8818278847004608	0.9448115762089394	0.9698708009710443	0.9713004898879388	0.8464858885362246	0.7437225170740848	0.7976816984834013	0.9652930856194689	0.7437225170740845	0.8890654788198957	0.5148775816314276	0.9447604812692548	0.9431095028344811	0.9373703215617204	0.9010624323805885	0.9735221549528053	0.7437225170740848	0.9702275728291421	0.933877935723794	0.960523544818657	0.9572496223246711	0.9423674190816517	0.9539936429551306	0.9460051225408835	1.0
CR-55	201444	0.9520083138733276	0.9520083138733275	0.9520083138733276	0.9520083138733276	0.9520083138733276	0.9520083138733275	1.0	0.9520083138733276	0.9520083138733276	0.9520083138733276	0.9520083138733276	0.9520083138733275	0.2246427719864346	0.9520083138733276	0.9520083138733276	0	0.9520083138733276	0.9520083138733276	0.9520083138733276	0.9520083138733276	1.0	1.0	1.0	1.0	1.0	1.0	1.0	0.9520083138733276	1.0	0.9520083138733276	0.9520083138733275	0.9520083138733276	0.9520083138733275	0.9520083138733276	0.9520083138733276	0.9698708009710443	0.9713004898879389	0.9520083138733276	0.9520083138733275	0.9520083138733276	0.9652930856194689	0.9520083138733275	0.9520083138733276	0.9520083138733276	0.14557865344346216	0.15720911595705758	0.1280046783906945	0.46674125245729964	0.8639014347293196	0.8220843654026178	0.35176743816152867	0.13711350415246173	0.22998513946897198	0.150621733425871	0.3053115901815666	0.29337374077188916	0.36640700780040186	1.0
CR-50	201450	0.5751411264585626	0.6412027515047567	0.5733643790431969	0.5847224838684469	0.5733643790431966	0.5733643790431968	1.0	0.6613656258974322	0.5988085201582866	0.5733643790431967	0.5941862696858772	0.6341294489039254	0.9418642362999319	0.573364379043197	0.5882883653792965	0.9520083138733276	0	0.6528602409058187	0.9366655679243037	0.8409595575053985	1.0	1.0	1.0	1.0	1.0	1.0	1.0	0.8863020763960372	1.0	0.5733643790431968	0.9310746081047381	0.7032802724320466	0.9346735492379704	0.9063588963071592	0.9448115762089394	0.9698708009710443	0.9713004898879389	0.8464858885362248	0.7196840201866022	0.7976816984834011	0.9652930856194687	0.5733643790431967	0.8890654788198954	0.6864326159953974	0.9447604812692549	0.9431095028344815	0.9373703215617205	0.9010624323805885	0.9735221549528053	0.7403346413382526	0.9702275728291421	0.9338779357237937	0.960523544818657	0.9572496223246709	0.9423674190816517	0.9539936429551306	0.9460051225408835	1.0
CR-57	201454	0.22595891441046284	0.2786757451203327	0.3862859040549459	0.6041900724884195	0.46664015059790626	0.33047279439816724	1.0	0.362295614327805	0.5986439026247847	0.3820190158845916	0.5744468696455604	0.6067213613693	0.9418642362999321	0.33047279439816735	0.578189936969007	0.9520083138733276	0.6528602409058187	0	0.9366655679243037	0.7368907271167109	1.0	1.0	1.0	1.0	1.0	1.0	1.0	0.7290672459009435	1.0	0.33047279439816746	0.9310746081047381	0.3245233208731461	0.9346735492379705	0.8370594284423454	0.9448115762089394	0.9698708009710441	0.9713004898879389	0.6803250333681037	0.47316292609833555	0.5704449929202142	0.9652930856194689	0.5599655153515409	0.8890654788198955	0.420006769561807	0.9447604812692549	0.9431095028344813	0.9373703215617205	0.9010624323805885	0.9735221549528053	0.7403346413382526	0.9702275728291423	0.9338779357237939	0.9605235448186571	0.9572496223246711	0.9423674190816519	0.9539936429551306	0.9460051225408835	1.0
CR-59	201456	0.9366655679243038	0.9366655679243037	0.9366655679243037	0.9366655679243037	0.9366655679243037	0.9366655679243037	1.0	0.9366655679243038	0.9366655679243038	0.9366655679243037	0.9366655679243038	0.9366655679243037	0.9418642362999319	0.9366655679243034	0.9366655679243037	0.9520083138733276	0.9366655679243037	0.9366655679243037	0	0.9366655679243037	0.8295406252070823	0.8363718223816482	0.8824427247409659	0.7652792075683472	0.826502398202646	0.8674076902759829	0.9193292946458772	0.9077617196525658	0.9193292946458772	0.9366655679243034	0.9366655679243037	0.9366655679243034	0.9366655679243034	0.8439470591812134	0.8298443710634956	0.7502277939609537	0.8852019595517558	0.8463926924230696	0.8581539177854043	0.8845067781423526	0.7334745471269416	0.9366655679243037	0.8365282000946291	0.9366655679243037	0.9447604812692549	0.9431095028344811	0.9373703215617204	0.9366655679243037	0.8878180046497378	0.8551324856018898	0.9702275728291423	0.9366655679243034	0.960523544818657	0.9572496223246708	0.9423674190816519	0.9539936429551304	0.9460051225408835	0.933301853112494
KL-CP-44	201503	0.7284013460286596	0.6825609598651926	0.740589424053084	0.6503934420421289	0.7854320786759214	0.7192094320647702	1.0	0.6527489775448188	0.6453731572866579	0.7291178222080066	0.6361123498985697	0.638018984873626	0.9418642362999319	0.6896415285454123	0.6412416755799686	0.9520083138733276	0.8409595575053985	0.7368907271167109	0.9366655679243037	0	1.0	1.0	1.0	1.0	1.0	1.0	1.0	0.6754018498497522	1.0	0.726861572630073	0.9310746081047379	0.7082293895015372	0.9346735492379706	0.9063588963071592	0.9448115762089394	0.9698708009710443	0.9713004898879389	0.8464858885362248	0.8409595575053985	0.8409595575053987	0.9652930856194689	0.8409595575053985	0.8890654788198954	0.6705300150653659	0.9447604812692549	0.9431095028344811	0.9373703215617206	0.9010624323805885	0.9735221549528053	0.8409595575053987	0.9702275728291421	0.9338779357237937	0.960523544818657	0.9572496223246709	0.9423674190816519	0.9539936429551306	0.9460051225408835	1.0
KL-CP-61	201509	1.0	1.0	1.0	1.0	1.0	1.0	0.9683216946496399	1.0	1.0	1.0	1.0	1.0	1.0	1.0	1.0	1.0	1.0	1.0	0.8295406252070823	1.0	0	0.6633760780836108	0.7632736654241925	0.5683016143953366	0.48291672442400424	0.695393879704006	0.9139983869780336	0.9710961517282621	0.9150779736621276	1.0	1.0	1.0	1.0	0.8756031859065495	0.890726010625179	0.8595635118561364	0.890726010625179	0.890726010625179	0.890726010625179	0.9220621638643702	0.8435195033855787	1.0	0.9224043159755393	1.0	1.0	1.0	1.0	1.0	0.8826175443465724	0.890726010625179	1.0	1.0	1.0	1.0	1.0	1.0	1.0	0.9333018531124939
KL-CP-51	201510	1.0	1.0	1.0	1.0	1.0	1.0	0.9442463627737651	1.0	1.0	1.0	1.0	1.0	1.0	1.0	1.0	1.0	1.0	1.0	0.8363718223816482	1.0	0.6633760780836108	0	0.7495925789866128	0.5866971794906339	0.6091683812950572	0.6801006811447667	0.8763343018504203	0.9710961517282621	0.9150779736621278	1.0	1.0	1.0	1.0	0.8341198775883469	0.8438809140672083	0.8292332588280474	0.8479877032639095	0.8667150303918184	0.8812910043220923	0.9220621638643702	0.810732275040652	1.0	0.917042527735771	1.0	1.0	1.0	1.0	1.0	0.8781202264186244	0.8748856520007142	1.0	1.0	1.0	1.0	1.0	1.0	1.0	0.933301853112494
KL-CP-57	201516	1.0	1.0	1.0	1.0	1.0	1.0	0.9711376461321289	1.0	1.0	1.0	1.0	1.0	1.0	1.0	1.0	1.0	1.0	1.0	0.8824427247409659	1.0	0.7632736654241925	0.7495925789866128	0	0.7941493228805191	0.7703637885763523	0.7070724315911361	0.9282299784421737	0.971096151728262	0.9282299784421736	1.0	1.0	1.0	1.0	0.8975348398079941	0.9253503924309214	0.8941878936618786	0.9253503924309211	0.9253503924309212	0.9253503924309213	0.9284336999451138	0.878143885191321	1.0	0.9542127462987923	1.0	1.0	1.0	1.0	1.0	0.9026761205767163	0.9253503924309214	1.0	1.0	1.0	1.0	1.0	1.0	1.0	0.9333018531124941
KL-CP-73	201520	1.0	1.0	1.0	1.0	1.0	1.0	0.9442463627737651	1.0	1.0	1.0	1.0	1.0	1.0	1.0	1.0	1.0	1.0	1.0	0.7652792075683472	1.0	0.5683016143953366	0.5866971794906339	0.7941493228805191	0	0.4603291053294138	0.7110634695235382	0.8182380591878168	0.9710961517282624	0.9150779736621276	1.0	1.0	1.0	1.0	0.8225652381117545	0.8103714303298601	0.7868651213381885	0.8448466451919551	0.8593996271548136	0.8812910043220924	0.9220621638643701	0.7396396602273505	1.0	0.8998626321703254	1.0	1.0	1.0	1.0	1.0	0.8781202264186242	0.8748856520007139	1.0	1.0	1.0	1.0	1.0	1.0	1.0	0.933301853112494
KL-CP-63	201522	1.0	1.0	1.0	1.0	1.0	1.0	0.9547737931824657	1.0	1.0	1.0	1.0	1.0	1.0	1.0	1.0	1.0	1.0	1.0	0.826502398202646	1.0	0.48291672442400424	0.6091683812950572	0.7703637885763523	0.4603291053294138	0	0.696042745390055	0.8946556311079817	0.971096151728262	0.9150779736621276	1.0	1.0	1.0	1.0	0.8620552844393756	0.8619468967392347	0.830784397970192	0.8686752628462826	0.8645009176812317	0.8812910043220922	0.9220621638643701	0.8147403894996346	1.0	0.9071731035567691	1.0	1.0	1.0	1.0	1.0	0.8781202264186243	0.8748856520007139	1.0	1.0	1.0	1.0	1.0	1.0	1.0	0.933301853112494
KL-CP-65	201524	1.0	1.0	1.0	1.0	1.0	1.0	0.9632858814599625	1.0	1.0	1.0	1.0	1.0	1.0	1.0	1.0	1.0	1.0	1.0	0.8674076902759829	1.0	0.695393879704006	0.6801006811447667	0.7070724315911361	0.7110634695235382	0.696042745390055	0	0.8867100864964713	0.9710961517282624	0.9150779736621276	1.0	1.0	1.0	1.0	0.8682378786371453	0.9113642770900682	0.8802017783210252	0.9113642770900681	0.911364277090068	0.9113642770900682	0.9222993492764268	0.8488469240204723	1.0	0.9327675498001099	1.0	1.0	1.0	1.0	1.0	0.8892285004975927	0.9113642770900682	1.0	1.0	1.0	1.0	1.0	1.0	1.0	0.933301853112494
KL-PR-6	201543	1.0	1.0	1.0	1.0	1.0	1.0	1.0	1.0	1.0	1.0	1.0	1.0	1.0	1.0	1.0	1.0	1.0	1.0	0.9193292946458772	1.0	0.9139983869780336	0.8763343018504203	0.9282299784421737	0.8182380591878168	0.8946556311079817	0.8867100864964713	0	0.971096151728262	0.9150779736621276	1.0	1.0	1.0	1.0	0.972184447377073	1.0	0.968837501230957	1.0	1.0	1.0	1.0	0.9527934927603999	1.0	1.0	1.0	1.0	1.0	1.0	1.0	0.9773257281457952	1.0	1.0	1.0	1.0	1.0	1.0	1.0	1.0	0.933301853112494
KL-PR-8	201554	0.7151819698825983	0.6845885076700416	0.7175650167686547	0.6573005109835022	0.8190048011613268	0.7016038109928342	1.0	0.6735899422758119	0.6368638798303973	0.7089671379084075	0.6125203377761361	0.6069148917532028	0.9418642362999319	0.7049548756097612	0.6182115082703461	0.9520083138733276	0.8863020763960372	0.7290672459009435	0.9077617196525658	0.6754018498497522	0.9710961517282621	0.9710961517282621	0.971096151728262	0.9710961517282624	0.971096151728262	0.9710961517282624	0.971096151728262	0	0.9710961517282624	0.7078920058349493	0.9310746081047379	0.6905094023876187	0.9346735492379704	0.8540123320775339	0.9448115762089394	0.9409669526993067	0.9713004898879389	0.8863020763960372	0.8863020763960372	0.8863020763960372	0.936389237347731	0.8863020763960372	0.8890654788198957	0.6810663926666783	0.9447604812692549	0.9431095028344815	0.9373703215617204	0.9010624323805885	0.9508478830986005	0.8863020763960372	0.9702275728291423	0.9338779357237937	0.960523544818657	0.9572496223246708	0.9423674190816517	0.9539936429551308	0.9460051225408835	0.9710961517282624
Tri-4	201558	1.0	1.0	1.0	1.0	1.0	1.0	0.5310451106046721	1.0	1.0	1.0	1.0	1.0	1.0	1.0	1.0	1.0	1.0	1.0	0.9193292946458772	1.0	0.9150779736621276	0.9150779736621278	0.9282299784421736	0.9150779736621276	0.9150779736621276	0.9150779736621276	0.9150779736621276	0.9710961517282624	0	1.0	1.0	1.0	1.0	0.9721844473770729	1.0	0.9688375012309572	1.0	1.0	1.0	1.0	0.9527934927603999	1.0	1.0	1.0	1.0	1.0	1.0	1.0	0.9773257281457952	1.0	1.0	1.0	1.0	1.0	1.0	1.0	1.0	0.933301853112494
Tri-7	201572	0.19229178853006948	0.37005718561788387	0.15704208413462042	0.6041900724884197	0.37815208786482274	0.1004833093845813	1.0	0.33982995859763104	0.5835032705988996	0.1453637901711405	0.5565200245872772	0.5887945163110172	0.9418642362999319	0.11572521015502309	0.5602630919107241	0.9520083138733276	0.5733643790431968	0.33047279439816746	0.9366655679243034	0.726861572630073	1.0	1.0	1.0	1.0	1.0	1.0	1.0	0.7078920058349493	1.0	0	0.9310746081047381	0.45605222201132944	0.9346735492379704	0.8818278847004607	0.9448115762089395	0.9698708009710445	0.9713004898879388	0.8464858885362246	0.7196840201866023	0.7976816984834012	0.9652930856194689	0.5082320080302458	0.8890654788198955	0.40267879036885906	0.9447604812692549	0.9431095028344813	0.9373703215617205	0.9010624323805885	0.9735221549528053	0.7403346413382526	0.9702275728291421	0.933877935723794	0.960523544818657	0.9572496223246709	0.9423674190816517	0.9539936429551306	0.9460051225408835	1.0
Tri-29	201591	0.9310746081047379	0.9310746081047379	0.9310746081047381	0.9147304178439098	0.9310746081047379	0.9310746081047379	1.0	0.9310746081047379	0.91473041784391	0.9310746081047381	0.91473041784391	0.91473041784391	0.9418642362999319	0.9310746081047377	0.9310746081047381	0.9520083138733275	0.9310746081047381	0.9310746081047381	0.9366655679243037	0.9310746081047379	1.0	1.0	1.0	1.0	1.0	1.0	1.0	0.9310746081047379	1.0	0.9310746081047381	0	0.9310746081047379	0.23113835257566243	0.9310746081047381	0.9448115762089395	0.9698708009710445	0.9713004898879389	0.9310746081047379	0.9310746081047377	0.9310746081047379	0.9652930856194689	0.9310746081047381	0.9310746081047379	0.9310746081047381	0.9447604812692549	0.9431095028344811	0.9373703215617205	0.9310746081047381	0.9735221549528055	0.9310746081047379	0.9702275728291423	0.9338779357237939	0.9605235448186572	0.9572496223246711	0.918839016446716	0.9539936429551304	0.9460051225408835	1.0
Tri-51	201605	0.2983293378152473	0.19421634564327037	0.4413306513378966	0.5437131899351699	0.5673534422235922	0.4560522220113293	1.0	0.42193556517454633	0.5604458275558482	0.4407624601039154	0.5453721744266702	0.5667461119139142	0.9418642362999319	0.4560522220113294	0.5466843519575335	0.9520083138733276	0.7032802724320466	0.3245233208731461	0.9366655679243034	0.7082293895015372	1.0	1.0	1.0	1.0	1.0	1.0	1.0	0.6905094023876187	1.0	0.45605222201132944	0.9310746081047379	0	0.9346735492379703	0.8370594284423454	0.9448115762089395	0.9698708009710443	0.9713004898879388	0.7086913377559592	0.5782586131502677	0.6562562914470668	0.9652930856194689	0.6493096442430367	0.8890654788198955	0.3320001697868586	0.9447604812692549	0.9431095028344813	0.9373703215617204	0.9010624323805885	0.9735221549528053	0.7403346413382526	0.9702275728291421	0.9338779357237937	0.9605235448186571	0.9572496223246709	0.9423674190816517	0.9539936429551308	0.9460051225408835	1.0
Tri-59	201624	0.9346735492379706	0.9346735492379706	0.9346735492379704	0.9160027022391761	0.9346735492379703	0.9346735492379704	1.0	0.9346735492379706	0.9160027022391763	0.9346735492379704	0.9160027022391763	0.9160027022391761	0.9418642362999319	0.9346735492379706	0.9346735492379704	0.9520083138733275	0.9346735492379704	0.9346735492379705	0.9366655679243034	0.9346735492379706	1.0	1.0	1.0	1.0	1.0	1.0	1.0	0.9346735492379704	1.0	0.9346735492379704	0.23113835257566243	0.9346735492379703	0	0.9346735492379706	0.9448115762089393	0.9698708009710445	0.9713004898879389	0.9346735492379706	0.9346735492379703	0.9346735492379703	0.9652930856194689	0.9346735492379705	0.9346735492379704	0.9346735492379706	0.9447604812692549	0.9431095028344813	0.9373703215617203	0.9346735492379704	0.9735221549528053	0.9346735492379706	0.9702275728291423	0.9346735492379705	0.960523544818657	0.9572496223246709	0.9188390164467157	0.9539936429551304	0.9460051225408835	1.0
KL-348	201652	0.8370594284423455	0.8370594284423454	0.8818278847004607	0.8818278847004607	0.8878151945585414	0.8818278847004609	0.9442463627737652	0.8818278847004607	0.881827884700461	0.8818278847004608	0.8818278847004609	0.8818278847004609	0.9418642362999319	0.8818278847004607	0.8818278847004608	0.9520083138733276	0.9063588963071592	0.8370594284423454	0.8439470591812134	0.9063588963071592	0.8756031859065495	0.8341198775883469	0.8975348398079941	0.8225652381117545	0.8620552844393756	0.8682378786371453	0.972184447377073	0.8540123320775339	0.9721844473770729	0.8818278847004607	0.9310746081047381	0.8370594284423454	0.9346735492379706	0	0.8052472555640801	0.7834181185920369	0.800255305798678	0.7463599865849281	0.7564901383898727	0.7836526039134142	0.8134708314208594	0.8801341417976618	0.8414559401869961	0.8818278847004609	0.9447604812692548	0.9431095028344813	0.9373703215617206	0.9063588963071592	0.8516423813714298	0.7978746745101236	0.9702275728291423	0.933877935723794	0.9605235448186571	0.9572496223246708	0.9423674190816517	0.9539936429551306	0.9460051225408835	0.9721844473770729
KL-025	201669	0.9448115762089394	0.9448115762089394	0.9448115762089394	0.9448115762089395	0.9448115762089394	0.9448115762089395	0.9442463627737651	0.9448115762089393	0.9448115762089394	0.9448115762089393	0.9448115762089394	0.9448115762089394	0.9448115762089393	0.9448115762089395	0.9448115762089394	0.9520083138733276	0.9448115762089394	0.9448115762089394	0.8298443710634956	0.9448115762089394	0.890726010625179	0.8438809140672083	0.9253503924309214	0.8103714303298601	0.8619468967392347	0.9113642770900682	1.0	0.9448115762089394	1.0	0.9448115762089395	0.9448115762089395	0.9448115762089395	0.9448115762089393	0.8052472555640801	0	0.6189169683701592	0.3609667475117866	0.5910574533435591	0.7296579506473694	0.804478909228956	0.7912221350185058	0.9448115762089394	0.778871065963065	0.9448115762089394	0.9448115762089394	0.9448115762089393	0.9448115762089394	0.9448115762089394	0.8743166532256346	0.7574153154022091	0.9702275728291423	0.9448115762089394	0.9605235448186571	0.9572496223246709	0.9448115762089394	0.9539936429551306	0.9190076838113252	1.0
KL-27	201670	0.9698708009710443	0.9698708009710445	0.9698708009710443	0.9698708009710444	0.9698708009710445	0.9698708009710445	0.9442463627737652	0.9698708009710444	0.9698708009710443	0.9698708009710444	0.9698708009710443	0.9698708009710445	0.9698708009710445	0.9698708009710445	0.9698708009710443	0.9698708009710443	0.9698708009710443	0.9698708009710441	0.7502277939609537	0.9698708009710443	0.8595635118561364	0.8292332588280474	0.8941878936618786	0.7868651213381885	0.830784397970192	0.8802017783210252	0.968837501230957	0.9409669526993067	0.9688375012309572	0.9698708009710445	0.9698708009710445	0.9698708009710443	0.9698708009710445	0.7834181185920369	0.6189169683701592	0	0.5546093912985622	0.5964968155478045	0.7474946512013888	0.8499182595872319	0.756735922309233	0.9698708009710444	0.7538616068103329	0.9698708009710443	0.9698708009710443	0.9698708009710445	0.9698708009710443	0.9698708009710445	0.8516423813714299	0.8447564529717585	0.9702275728291423	0.9698708009710443	0.9698708009710445	0.9698708009710445	0.9698708009710443	0.9698708009710444	0.9698708009710443	0.9688375012309572
KL-29	201671	0.9713004898879389	0.9713004898879389	0.9713004898879389	0.9713004898879389	0.9713004898879389	0.9713004898879389	0.9442463627737651	0.9713004898879389	0.9713004898879389	0.9713004898879389	0.9713004898879389	0.9713004898879389	0.9713004898879388	0.9713004898879389	0.9713004898879388	0.9713004898879389	0.9713004898879389	0.9713004898879389	0.8852019595517558	0.9713004898879389	0.890726010625179	0.8479877032639095	0.9253503924309211	0.8448466451919551	0.8686752628462826	0.9113642770900681	1.0	0.9713004898879389	1.0	0.9713004898879388	0.9713004898879389	0.9713004898879388	0.9713004898879389	0.800255305798678	0.3609667475117866	0.5546093912985622	0	0.5481189333159049	0.7474161341441338	0.8309678229079557	0.8260982140962365	0.9713004898879389	0.7975617642601338	0.9713004898879388	0.9713004898879389	0.9713004898879389	0.9713004898879389	0.9713004898879389	0.8743166532256346	0.8113462580145757	0.9713004898879388	0.9713004898879389	0.9713004898879389	0.9713004898879389	0.9713004898879388	0.9713004898879389	0.9443030511583808	1.0
KL-33	201672	0.7096549867183686	0.7346365788990495	0.8464858885362248	0.8464858885362248	0.8086492023729759	0.8464858885362245	0.9496725026560476	0.8464858885362248	0.8464858885362245	0.8464858885362248	0.8464858885362244	0.8464858885362248	0.9418642362999319	0.8464858885362246	0.8464858885362246	0.9520083138733276	0.8464858885362248	0.6803250333681037	0.8463926924230696	0.8464858885362248	0.890726010625179	0.8667150303918184	0.9253503924309212	0.8593996271548136	0.8645009176812317	0.911364277090068	1.0	0.8863020763960372	1.0	0.8464858885362246	0.9310746081047379	0.7086913377559592	0.9346735492379706	0.7463599865849281	0.5910574533435591	0.5964968155478045	0.5481189333159049	0	0.4383579454152775	0.5604170613219449	0.7898880236362036	0.7940158454380588	0.7329894609024613	0.8464858885362248	0.9447604812692548	0.9431095028344813	0.9373703215617204	0.9010624323805885	0.844516821807183	0.7213715405369385	0.9702275728291423	0.933877935723794	0.960523544818657	0.9572496223246709	0.9423674190816517	0.9539936429551306	0.9460051225408835	1.0
KL-41	201675	0.5689198393805114	0.607834710549427	0.7196840201866022	0.7398157242866417	0.6666487944175963	0.719684020186602	0.9598026544609919	0.7196840201866022	0.7574839926723992	0.7196840201866022	0.7424103395432211	0.7637842770304655	0.9418642362999321	0.7196840201866022	0.7437225170740848	0.9520083138733275	0.7196840201866022	0.47316292609833555	0.8581539177854043	0.8409595575053985	0.890726010625179	0.8812910043220923	0.9253503924309213	0.8812910043220924	0.8812910043220922	0.9113642770900682	1.0	0.8863020763960372	1.0	0.7196840201866023	0.9310746081047377	0.5782586131502677	0.9346735492379703	0.7564901383898727	0.7296579506473694	0.7474946512013888	0.7474161341441338	0.4383579454152775	0	0.4214528565230367	0.846584089941561	0.643101698065004	0.7228700228014823	0.7196840201866022	0.9447604812692549	0.9431095028344813	0.9373703215617203	0.9010624323805884	0.8743166532256342	0.5916643132802548	0.9702275728291423	0.9338779357237939	0.9605235448186571	0.9572496223246709	0.9423674190816517	0.9539936429551308	0.9460051225408835	1.0
KL-45	201676	0.6469175176773105	0.6858323888462261	0.7976816984834012	0.7976816984834013	0.7483887508336938	0.7976816984834013	0.9742209536463216	0.7976816984834012	0.797681698483401	0.7976816984834012	0.7976816984834013	0.7976816984834011	0.9418642362999319	0.7976816984834011	0.7976816984834013	0.9520083138733276	0.7976816984834011	0.5704449929202142	0.8845067781423526	0.8409595575053987	0.9220621638643702	0.9220621638643702	0.9284336999451138	0.9220621638643701	0.9220621638643701	0.9222993492764268	1.0	0.8863020763960372	1.0	0.7976816984834012	0.9310746081047379	0.6562562914470668	0.9346735492379703	0.7836526039134142	0.804478909228956	0.8499182595872319	0.8309678229079557	0.5604170613219449	0.4214528565230367	0	0.8873552494838391	0.7324334604000181	0.7948919837897614	0.7976816984834012	0.9447604812692547	0.943109502834481	0.9373703215617203	0.9010624323805885	0.8955843188171757	0.5628362499496531	0.9702275728291421	0.9338779357237937	0.960523544818657	0.9572496223246711	0.9423674190816517	0.9539936429551306	0.925624996944713	1.0
KL-257	201682	0.9652930856194689	0.9652930856194687	0.9652930856194689	0.9652930856194689	0.9652930856194689	0.9652930856194689	0.9442463627737651	0.9652930856194689	0.9652930856194689	0.9652930856194689	0.9652930856194689	0.9652930856194689	0.9652930856194689	0.9652930856194689	0.9652930856194689	0.9652930856194689	0.9652930856194687	0.9652930856194689	0.7334745471269416	0.9652930856194689	0.8435195033855787	0.810732275040652	0.878143885191321	0.7396396602273505	0.8147403894996346	0.8488469240204723	0.9527934927603999	0.936389237347731	0.9527934927603999	0.9652930856194689	0.9652930856194689	0.9652930856194689	0.9652930856194689	0.8134708314208594	0.7912221350185058	0.756735922309233	0.8260982140962365	0.7898880236362036	0.846584089941561	0.8873552494838391	0	0.9652930856194689	0.8336315973056407	0.9652930856194689	0.9652930856194689	0.9652930856194689	0.9652930856194689	0.9652930856194687	0.8218425499529783	0.8401787376201827	0.9702275728291423	0.9652930856194687	0.9652930856194689	0.9652930856194689	0.9652930856194689	0.9652930856194689	0.9652930856194689	0.9527934927604002
KL-422	201716	0.5242364996469439	0.6058990136087572	0.4966926399667859	0.7398157242866417	0.5561744416534633	0.47056652788992326	1.0	0.6613656258974322	0.7574839926723991	0.49227532104467375	0.7424103395432212	0.7637842770304655	0.9418642362999319	0.5130427646356552	0.7437225170740845	0.9520083138733275	0.5733643790431967	0.5599655153515409	0.9366655679243037	0.8409595575053985	1.0	1.0	1.0	1.0	1.0	1.0	1.0	0.8863020763960372	1.0	0.5082320080302458	0.9310746081047381	0.6493096442430367	0.9346735492379705	0.8801341417976618	0.9448115762089394	0.9698708009710444	0.9713004898879389	0.7940158454380588	0.643101698065004	0.7324334604000181	0.9652930856194689	0	0.8890654788198955	0.6864326159953974	0.9447604812692549	0.9431095028344811	0.9373703215617205	0.9010624323805885	0.9735221549528055	0.7403346413382526	0.9702275728291421	0.9338779357237937	0.960523544818657	0.9572496223246709	0.9423674190816517	0.9539936429551306	0.9460051225408835	1.0
KL-59	201726	0.8890654788198957	0.8890654788198957	0.8890654788198954	0.8890654788198955	0.8890654788198955	0.8890654788198957	1.0	0.8890654788198955	0.8890654788198955	0.8890654788198954	0.8890654788198955	0.8890654788198955	0.9418642362999319	0.8890654788198955	0.8890654788198957	0.9520083138733276	0.8890654788198954	0.8890654788198955	0.8365282000946291	0.8890654788198954	0.9224043159755393	0.917042527735771	0.9542127462987923	0.8998626321703254	0.9071731035567691	0.9327675498001099	1.0	0.8890654788198957	1.0	0.8890654788198955	0.9310746081047379	0.8890654788198955	0.9346735492379704	0.8414559401869961	0.778871065963065	0.7538616068103329	0.7975617642601338	0.7329894609024613	0.7228700228014823	0.7948919837897614	0.8336315973056407	0.8890654788198955	0	0.8890654788198957	0.944760481269255	0.9431095028344809	0.9373703215617204	0.9010624323805885	0.9104922765039426	0.8075323964974819	0.9702275728291421	0.9338779357237937	0.960523544818657	0.9572496223246708	0.9423674190816519	0.9539936429551306	0.9460051225408835	1.0
KL-64	201730	0.3798314429628721	0.3535097587959605	0.39653036557152477	0.5267472875446119	0.5562179879931728	0.4026787903688589	1.0	0.37857527646347383	0.5377592444182997	0.38833971277123785	0.5111345143079808	0.5434090060317206	0.9418642362999319	0.40267879036885895	0.5148775816314276	0.9520083138733276	0.6864326159953974	0.420006769561807	0.9366655679243037	0.6705300150653659	1.0	1.0	1.0	1.0	1.0	1.0	1.0	0.6810663926666783	1.0	0.40267879036885906	0.9310746081047381	0.3320001697868586	0.9346735492379706	0.8818278847004609	0.9448115762089394	0.9698708009710443	0.9713004898879388	0.8464858885362248	0.7196840201866022	0.7976816984834012	0.9652930856194689	0.6864326159953974	0.8890654788198957	0	0.9447604812692547	0.9431095028344811	0.9373703215617203	0.9010624323805885	0.9735221549528053	0.7403346413382526	0.9702275728291421	0.933877935723794	0.9605235448186571	0.9572496223246711	0.9423674190816519	0.9539936429551306	0.9460051225408835	1.0
