KL-CP-61	201509	0.0	0.007552909063209967	0.007192480615186259	0.00249443046286246	0.006486522894544234	0.0032815501792824364	0.01638609593985476	0.009940751298427346	0.015515524562835467	0.009425354369158574	0.012279311868551473	0.01170895995700099	0.011660238474900804	0.009945144959544024	0.011945266602910568	0.012115601950650333	0.013336139444349627	0.010604442241793806	0.013066125975415514	0.010421252084113878	0.013589293241070728	0.013235952510831761	0.013127263244482315	0.019870827066063156	0.018650745397577946	0.011555053336728448	0.013311027556782297	0.02010622504744177	0.01223964377050514	0.020076630834758965	0.020042886020506735	0.019999442797562793	0.019382770352124212	0.023355376191322386	0.020113490546184925	0.02077927578204685	0.02021024146889584	0.02121484801728932	0.021901469471679025	0.012968104071624829	0.012648251832113237	0.012752093174908935	0.020163690357707605	0.012776467787041688	0.011286806409645527	0.010767487132321039	0.019311560495082418	0.011161286331806897	0.011547527027821903	0.011705388156574709	0.01286959503170289	0.011619661309471487	0.011681470513699437	0.011637296889883651	0.014013761371930368	0.014202370627742808	0.01168743152530782	0.012045587085483587
KL-CP-51	201510	0.007552909063209967	0.0	0.0061342432438961265	0.0071814373137308665	0.006017479534851544	0.006337758471962849	0.01515938323534953	0.008832503941110816	0.01580354856694364	0.009619696526430833	0.010890076846020622	0.011889001363105878	0.011939879822722571	0.00867363482367852	0.012070815864731339	0.012217417447564865	0.013597648617526027	0.009393571122586269	0.011617992964402416	0.01045304165428542	0.014000771572045989	0.013293852803684052	0.013307348878822747	0.018538853109663928	0.01720324039784003	0.010725634908915534	0.01197809362274945	0.018657387587139036	0.012295877099665082	0.018628463999269193	0.01859496236964733	0.01855089063596712	0.019057874511065963	0.02190459442074385	0.018665365569204687	0.019329069461702562	0.01876045257139644	0.01976606977647504	0.020453450137480587	0.011571737776822707	0.011251885537311119	0.011355726880106814	0.01871603024522666	0.011380101492239567	0.011440883296674507	0.010625431832430744	0.01880313580047971	0.010683528911288143	0.010805463042905573	0.010257651362311174	0.01147322873690077	0.010170762379938225	0.010233547278205675	0.010188397960350391	0.012565892879375437	0.012754475279513263	0.01023853259577456	0.010598010562070907
KL-CP-57	201516	0.007192480615186259	0.0061342432438961265	0.0	0.006410388223889273	0.005531652437905753	0.00607921719677317	0.01571852729361303	0.009554419654407849	0.016343982895291903	0.00967772592215149	0.01131283817395494	0.011811720013448313	0.012658815606382875	0.00916852636258609	0.012152450241831083	0.012776257034899038	0.014309496390637267	0.009952795940965313	0.012177256022881819	0.011156808417626278	0.014584847687631424	0.013876881595934388	0.013330326302049703	0.01904476378928431	0.01770915107746042	0.011285076389820545	0.012537125469926347	0.019215984723548636	0.012879994321172712	0.019187156155980642	0.0191535391916356	0.019109674712510384	0.01961659212404645	0.0224646282132654	0.019224059941424496	0.019888767134016362	0.01931990510615491	0.020324803933309536	0.021012242524149263	0.012097533746671328	0.011775371798913373	0.011880758553676483	0.01927474785820714	0.011939054156163446	0.01196838567832219	0.011184873313335755	0.019361616697347914	0.011242396606484606	0.011363988914517129	0.01081620920659518	0.011979407679909354	0.010730203860843236	0.010792173427736767	0.010747517866634596	0.013124938886695543	0.01331300369927817	0.010766608763130795	0.011125317028175577
KL-CP-63	201522	0.00249443046286246	0.0071814373137308665	0.006410388223889273	0.0	0.006067952165736836	0.002408493032319554	0.016092719519045832	0.00959044807070225	0.015506259653809511	0.008506120858121165	0.011823096196423648	0.010737207555605885	0.011792318054831304	0.009605647364059422	0.01100651015915474	0.012108630506604164	0.013409427495824964	0.010158442413508776	0.012551714945883854	0.010229382385832857	0.013768216087127033	0.013229518615174046	0.01215534711713019	0.01943875282241801	0.018103140110594114	0.011085573229867429	0.012911381260085487	0.019591076708062455	0.01223266734922793	0.0195621547594761	0.019528651490570748	0.019484649658262323	0.018973229811013646	0.022838822642057777	0.019599057974706457	0.020263255481274226	0.019694638590968105	0.02066676757602067	0.02138725960434995	0.012504828187989894	0.012184975912846816	0.012288817255642511	0.019649403552557995	0.012313263073743023	0.011247374830776473	0.010540872457931397	0.018797403366799442	0.010645923963410615	0.011032768981278343	0.011190648823057646	0.012406319112436469	0.011104370147042963	0.011166544738952146	0.011121934521487369	0.01349913966348228	0.013687610257592268	0.011172140362879298	0.011531008022817379
KL-CP-65	201524	0.006486522894544234	0.006017479534851544	0.005531652437905753	0.006067952165736836	0.0	0.005330326629749908	0.01545952597744523	0.009268464320387368	0.01605155414083154	0.008493464896046608	0.011240006729082836	0.010764837351627577	0.01232155782011771	0.008973336508787804	0.010968078786314747	0.012654918636580633	0.014013639811604136	0.009652198590384272	0.011891475475650393	0.010784010433616278	0.014483968003081174	0.01377475352075587	0.012183140639108902	0.018889000703925286	0.017553206596538244	0.011078729394263694	0.012330754155935878	0.01900990303862822	0.0127793083304332	0.01898019053900847	0.018945826152782418	0.018903058589964723	0.019408467098034447	0.022259205287327166	0.019017007415939424	0.019683104878051628	0.019114042918882423	0.020118458866809765	0.02080399301223577	0.011922486564035715	0.011602653193854725	0.011706475667319822	0.01906624599166462	0.011730850279452575	0.011793977782022666	0.010978526317778903	0.019153175075935724	0.011036623396636304	0.011157230327713302	0.01060929703197306	0.011823983936959699	0.010523856865286386	0.010585458820187812	0.01054149244569855	0.012917008713710964	0.013105874810369894	0.010591627081122719	0.010949274949660859
KL-CP-73	201520	0.0032815501792824364	0.006337758471962849	0.00607921719677317	0.002408493032319554	0.005330326629749908	0.0	0.015273632187923318	0.009110258672982288	0.0159191263145343	0.006958587168493368	0.011004325798594408	0.009221834260680342	0.012166421568142311	0.008786389821979995	0.009459732994123168	0.012416581353533112	0.013816788090786982	0.00950772563804862	0.011732919926927151	0.010602900498676661	0.014245302741471295	0.01353775921846627	0.010640158604078439	0.018653102062237713	0.017317489350413818	0.01083988386148932	0.012092342575323236	0.018771556781777707	0.01254046279765883	0.018742633193907864	0.018709131564286	0.01866505983060579	0.01917212346363975	0.022018763615382523	0.018779534763843357	0.019443238656341233	0.01887462176603511	0.019880238971113715	0.020567739678065203	0.011685986729396495	0.011366134489884905	0.011469975832680602	0.018830279197800448	0.011494350444813355	0.011555132249248295	0.010739680785004532	0.01891730499511838	0.010797777863861931	0.01091971199547936	0.010371900314884962	0.011587477689474556	0.010285011332512013	0.010347796230779461	0.010302646912924178	0.012680141831949227	0.01286872423208705	0.010352781548348348	0.010712259514644693
KL-93	201752	0.01638609593985476	0.01515938323534953	0.01571852729361303	0.016092719519045832	0.01545952597744523	0.015273632187923318	0.0	0.011815850751941553	0.014435776504094649	0.017766283791748765	0.006420169885900352	0.020034190377187337	0.014735818792930393	0.010161197242693269	0.020259341558337498	0.008668141051763875	0.01623083229490415	0.013907045201428596	0.006827722855563038	0.013018021636090102	0.012902612090664105	0.010037105432521082	0.021452196847463068	0.013585580185746163	0.012579754722333143	0.0061692813853246615	0.005510489252632106	0.01326974655882706	0.008293919557538925	0.013238943853463433	0.013204228310319775	0.013161723942459059	0.013665823863903536	0.01651857831785427	0.013274901067774219	0.013942477908578733	0.013373415949409528	0.014377347666187777	0.015061835341778192	0.006978447567193754	0.006665352577431083	0.00677232342997355	0.013322965246974674	0.00678860829597472	0.006872571242126822	0.006045114267077211	0.013411347353532829	0.006103313686110636	0.0062246770814751795	0.005676715624408623	0.006878691007756204	0.005590444814584693	0.005652724981213157	0.005608080394996858	0.007944989958526355	0.008081033908811836	0.005658215030421027	0.006025686962630104
CR-59	201456	0.009940751298427346	0.008832503941110816	0.009554419654407849	0.00959044807070225	0.009268464320387368	0.009110258672982288	0.011815850751941553	0.0	0.011648787241066752	0.011603444166448524	0.0075449763447583635	0.013872331239459187	0.008106686505336072	0.005291337095377392	0.014097299449137098	0.007750104826501175	0.010120669440005073	0.007922450496286091	0.008274480880169674	0.0077137149775884616	0.009579491091945114	0.008869335864998587	0.015290961074664829	0.015154779617048586	0.01381916690522469	0.007229965209853493	0.008636585202291833	0.015300637176020817	0.007873671483954889	0.015308817029310261	0.015238740426503873	0.015231729358139538	0.015322973454735522	0.018588927070301527	0.015344731291533227	0.016012828093975164	0.01544374634472578	0.016447338284922043	0.017094606709131162	0.00822686262083667	0.00790701038132508	0.008010851724120773	0.015353474690690915	0.008035226336253528	0.007533073069795896	0.00684969741766021	0.015168460670286231	0.00705460665173663	0.007257831667824259	0.006915454165329987	0.008128353580914733	0.006829687911642339	0.006891491126012535	0.006847323492054504	0.009221118727072347	0.009410481053514986	0.006897458127478674	0.007255588351281024
KL-348	201652	0.015515524562835467	0.01580354856694364	0.016343982895291903	0.015506259653809511	0.01605155414083154	0.0159191263145343	0.014435776504094649	0.011648787241066752	0.0	0.01841291640713443	0.010354846345970566	0.020680751843598518	0.012292626134313832	0.010956554637000277	0.02090612599538789	0.008870672076519093	0.013949110804323216	0.014148768172988819	0.011077669968343456	0.012423027988464116	0.011052475483757245	0.009928809565061567	0.02209893003562479	0.01798443148241794	0.01664864286760115	0.00956912519946805	0.011440516309168014	0.018196516025970708	0.00895494959426423	0.018165574665241765	0.018130368523967596	0.01808858506040946	0.01746853249878059	0.02144584699284949	0.018201464541383036	0.018869748016523132	0.018300666267273745	0.019304258207470008	0.01998765674049714	0.010737699803655723	0.010573073064308746	0.010527244088797943	0.018248499408312392	0.01067349480148477	0.008997984213754579	0.008781550038727312	0.017219491379360432	0.009174238060666542	0.009560204189318213	0.009719006035811942	0.010802074609962176	0.009633755944699464	0.009695239639925086	0.009651009026792301	0.012017319588395359	0.011445713825856272	0.009701526160535797	0.01005904993183036
KL-PR-6	201543	0.009425354369158574	0.009619696526430833	0.00967772592215149	0.008506120858121165	0.008493464896046608	0.006958587168493368	0.017766283791748765	0.011603444166448524	0.01841291640713443	0.0	0.013496576337788153	0.008382159987041731	0.014404968880330266	0.011280332102134359	0.008529163518585074	0.014909413003473301	0.01604531721193104	0.012000609550703785	0.014225852467321609	0.012948696629178717	0.016739126409761225	0.016030400355337454	0.009908524477173152	0.021145352601431456	0.019809739889607558	0.013332134400683062	0.014584593114516976	0.021261663957061014	0.015032713336852572	0.021233786360673322	0.02120084840125197	0.0211561109928069	0.02166437400283349	0.024507996117306818	0.02127129097523555	0.021932826882140502	0.02136451216661866	0.02237110510503697	0.023059961172341853	0.014178237268590235	0.013858385029078645	0.01396222637187434	0.021322529736994188	0.013986600984007095	0.014047382788442035	0.013231931324198273	0.021409355400745962	0.013290028403055673	0.013411962534673104	0.012864150854078703	0.0140797282286683	0.012777261871705753	0.012840046769973202	0.012794897452117919	0.015172392371142967	0.01536097477128079	0.012845032087542087	0.013204510053838433
KL-PR-8	201554	0.012279311868551473	0.010890076846020622	0.01131283817395494	0.011823096196423648	0.011240006729082836	0.011004325798594408	0.006420169885900352	0.0075449763447583635	0.010354846345970566	0.013496576337788153	0.0	0.015764433646388305	0.010466459138230966	0.005845133232008096	0.015989634104376888	0.00502026029113359	0.01204175901050647	0.00963367793244924	0.003662984432295428	0.008828860884473403	0.009045662658045538	0.00589059882898188	0.01718284072748239	0.009570990485769775	0.008234886768335106	0.0014538098276561488	0.002813703479958118	0.009781676695628183	0.004083750755456604	0.009750705771088195	0.00971552577718245	0.009673716166255892	0.010278987723418608	0.013030978098695922	0.009786595647229467	0.01045487912236956	0.009885797373120179	0.010889389313316442	0.011572815141478706	0.00228320072272044	0.0019536780958868054	0.0020157934379498757	0.009833668602180438	0.0020920041660759375	0.0025308825047919573	0.0018124852270730667	0.010026931266027462	0.001592679327140651	0.0015928377271402527	0.0010830625677801322	0.0021067432113191444	0.0011619710849870152	0.001086100218694803	0.001152643527744118	0.0036133133088378476	0.003255254055729153	0.0011093695486624855	0.0013571542123122554
Tri-4	201558	0.01170895995700099	0.011889001363105878	0.011811720013448313	0.010737207555605885	0.010764837351627577	0.009221834260680342	0.020034190377187337	0.013872331239459187	0.020680751843598518	0.008382159987041731	0.015764433646388305	0.0	0.016672875465768837	0.013548238687572932	0.010882898871111662	0.017177248439937388	0.018313223797369615	0.01426851613614236	0.016493734377342476	0.01521660321461729	0.019006961846225308	0.018298235791801544	0.002812145339655847	0.023413188037895542	0.022077575326071644	0.015600040986121637	0.016852428550981065	0.023529570542499587	0.017300548773316656	0.023501692946111895	0.023468754986690543	0.023424017578245478	0.023932280588272063	0.026775902702745394	0.023539197560674126	0.024200733467579075	0.02363241875205723	0.024639011690475547	0.025327867757780426	0.016446072705054323	0.016126220465542733	0.016230061808338428	0.02359043632243276	0.01625450756944567	0.01631521822490612	0.015499837909636847	0.023677261986184535	0.015557863839519757	0.01567979797113719	0.01513198629054279	0.016347563665132386	0.015045168457144327	0.015107882206437287	0.015062732888582004	0.01744029895658154	0.01762881020774488	0.015112938672980662	0.015472345490302521
KL-27	201670	0.011660238474900804	0.011939879822722571	0.012658815606382875	0.011792318054831304	0.01232155782011771	0.012166421568142311	0.014735818792930393	0.008106686505336072	0.012292626134313832	0.014404968880330266	0.010466459138230966	0.016672875465768837	0.0	0.008253432890274675	0.016898026646919	0.006763352475879546	0.004532883569585993	0.011069285712827573	0.011195053266563709	0.006953683739837521	0.004479376694253573	0.006975503839538069	0.01809100120617035	0.018115235401874274	0.01677962269005038	0.009682536699405535	0.011554475914959794	0.018231546757503832	0.007158033643840114	0.018203669161116143	0.01817073120169479	0.01812599379324972	0.01751136335610688	0.021479042241106985	0.018241173775678368	0.018902991321454628	0.01833440443345281	0.01934098790547979	0.02002984397278467	0.011148120069033055	0.010828267829521463	0.01093210917231716	0.018292412537437006	0.010956483784449914	0.009112564084430844	0.008894970494998126	0.017404645004871724	0.009288769694483983	0.009675926724347306	0.009834033654521521	0.011049611029111117	0.009747144672148572	0.009809929570416018	0.009764780252560737	0.012142275171585785	0.012330857571723608	0.009814914887984905	0.010174392854281252
KL-257	201682	0.009945144959544024	0.00867363482367852	0.00916852636258609	0.009605647364059422	0.008973336508787804	0.008786389821979995	0.010161197242693269	0.005291337095377392	0.010956554637000277	0.011280332102134359	0.005845133232008096	0.013548238687572932	0.008253432890274675	0.0	0.013773401199538732	0.0073718042956070085	0.009912737272279964	0.007793835473203514	0.006687860675026468	0.006664428324863193	0.008952045536953258	0.008530994778216072	0.014966410817068114	0.013646539697855798	0.012278075170237688	0.005801355389790821	0.007053534745137946	0.013792937712772135	0.00750193432596033	0.013762384990056583	0.013728026560193882	0.013685068527415167	0.014189720122309249	0.017041638311052588	0.013798443763807285	0.014465539334726225	0.013896472650672457	0.014900597649124209	0.015585954220070815	0.0066469533748834625	0.0063271011353718725	0.006430921948691039	0.013847525637354656	0.006455317090300322	0.0064570944367831045	0.0057336026904654756	0.013935658767473233	0.005759249392163431	0.005880699253938003	0.005333006960833522	0.006548444334961525	0.005246482860813514	0.005308969836327309	0.0052641184412256774	0.007673579467567311	0.007829690877574017	0.005279175379050808	0.0056137374323366445
KL-123	201779	0.011945266602910568	0.012070815864731339	0.012152450241831083	0.01100651015915474	0.010968078786314747	0.009459732994123168	0.020259341558337498	0.014097299449137098	0.02090612599538789	0.008529163518585074	0.015989634104376888	0.010882898871111662	0.016898026646919	0.013773401199538732	0.0	0.017402470770062038	0.018538374978519772	0.014493667317292519	0.016718910233910346	0.015441754395767452	0.01923218417634996	0.01852345812192619	0.012409206872297912	0.023638410368020193	0.022302797656196294	0.015825192167271795	0.01707765088110571	0.02375472172364975	0.017525771103441307	0.02372684412726206	0.023693906167840707	0.02364916875939564	0.024157431769422227	0.027001053883895555	0.023764348741824287	0.02442588464872924	0.023857569933207395	0.024864162871625708	0.025553018938930586	0.016671295035178973	0.01635144279566738	0.01645528413846308	0.023815587503582925	0.016479658750595833	0.01654044055503077	0.015724989090787005	0.023902413167334696	0.015783086169644408	0.015905020301261837	0.015357208620667437	0.016572785995257033	0.01527031963829449	0.015333104536561936	0.015287955218706652	0.017665450137731704	0.017854032537869526	0.015338089854130824	0.01569756782042717
KL-41	201675	0.012115601950650333	0.012217417447564865	0.012776257034899038	0.012108630506604164	0.012654918636580633	0.012416581353533112	0.008668141051763875	0.007750104826501175	0.008870672076519093	0.014909413003473301	0.00502026029113359	0.017177248439937388	0.006763352475879546	0.0073718042956070085	0.017402470770062038	0.0	0.008218589734216722	0.010090833923118851	0.004878502882219331	0.008125711123160679	0.004772438002285415	0.002205658906509326	0.01859520033628315	0.012429233883703122	0.011093737555123016	0.00405998865508338	0.005924388923946181	0.012238650473392123	0.0015260172703078553	0.012208136981307962	0.01217379359663798	0.012130705962217327	0.011439084136631722	0.015487182809366186	0.012244111550453771	0.012911131889713828	0.012342047207249211	0.013346157972940762	0.01403164168301984	0.005518622692879564	0.005198565583325959	0.005302509738483089	0.012293158964526872	0.005327102739135025	0.0033387310509664057	0.0032647357200944484	0.011335626076784228	0.0035253525924727235	0.003945721724826885	0.004203890813578407	0.005419075428638171	0.004117194607315902	0.004179861245907544	0.004134447689408739	0.006513748421343981	0.006709260983187235	0.004184964823152237	0.004544316791970601
KL-29	201671	0.013336139444349627	0.013597648617526027	0.014309496390637267	0.013409427495824964	0.014013639811604136	0.013816788090786982	0.01623083229490415	0.010120669440005073	0.013949110804323216	0.01604531721193104	0.01204175901050647	0.018313223797369615	0.004532883569585993	0.009912737272279964	0.018538374978519772	0.008218589734216722	0.0	0.012341454662617279	0.012643731297979917	0.004290850004359052	0.00642449493271499	0.008453654339365579	0.019697142752363173	0.019564402221992405	0.018228789510168507	0.011131703519523665	0.013003642735077925	0.01968071357762196	0.008640967643732874	0.01965283598123427	0.019619898021812916	0.019575160613367847	0.018960530176225007	0.02292795353129422	0.0196903405957965	0.02035190261164186	0.01978356514199182	0.02079015472559792	0.02147885653128118	0.012597286889151184	0.012277434649639596	0.01238127599243529	0.019741579357555137	0.012405650604568042	0.010561730904548974	0.010344137315116256	0.018853811824989852	0.010737936514602113	0.011125093544465435	0.01128320047463965	0.012498777849229249	0.011196311492266702	0.01125909639053415	0.011213947072678867	0.013591441991703914	0.013780024391841738	0.011264081708103037	0.011623559674399382
KL-59	201726	0.010604442241793806	0.009393571122586269	0.009952795940965313	0.010158442413508776	0.009652198590384272	0.00950772563804862	0.013907045201428596	0.007922450496286091	0.014148768172988819	0.012000609550703785	0.00963367793244924	0.01426851613614236	0.011069285712827573	0.007793835473203514	0.014493667317292519	0.010090833923118851	0.012341454662617279	0.0	0.010366196638999183	0.009487404075252677	0.011194208259101229	0.011455559684152641	0.01568670237532117	0.0171453561176946	0.0158285172975937	0.009394622931421438	0.010723645097070623	0.017448210606864994	0.01063692066986739	0.017417503309888886	0.017382936677016708	0.01734019165376275	0.017658841461494785	0.020696936631389898	0.01745344819713721	0.018120837655063532	0.01755175590581415	0.018555744163095793	0.01924063549783634	0.010315128505457752	0.009995276265946162	0.010099117608741857	0.01750192581867307	0.010123492220874612	0.00990501353514757	0.009158398609485651	0.017401832930834173	0.009286282670439279	0.009448601154976949	0.009003117312766198	0.010216619465535814	0.00891659321274619	0.008979080188259984	0.008934228793158354	0.011312470795541752	0.011497866008148307	0.008984363428582524	0.009343342274382474
KL-98	201757	0.013066125975415514	0.011617992964402416	0.012177256022881819	0.012551714945883854	0.011891475475650393	0.011732919926927151	0.006827722855563038	0.008274480880169674	0.011077669968343456	0.014225852467321609	0.003662984432295428	0.016493734377342476	0.011195053266563709	0.006687860675026468	0.016718910233910346	0.004878502882219331	0.012643731297979917	0.010366196638999183	0.0	0.009430524593251591	0.009420073668673156	0.005793655731731081	0.01791166085604823	0.011029343205773008	0.009669150213453265	0.0033220529866329136	0.004563996854161668	0.0098998097808204	0.005012351891203964	0.009868868420091458	0.00983366227881729	0.009791878815259154	0.010294790510750664	0.013149140747699186	0.009904758296232729	0.010573041771372823	0.010003960022123441	0.011007551962319702	0.011691063019548153	0.004155330872582843	0.003835295570464243	0.003939222890924555	0.009952465601087913	0.0039635951915564785	0.004027080975940856	0.003211805753234476	0.010040908156189254	0.0032697587965140875	0.0033904303155325058	0.002842533433214947	0.004056454288105261	0.0027571363007419577	0.0028187118560436264	0.0027747185187291523	0.005150565604924129	0.0053498616738930325	0.0028249065165782917	0.0031824552093358076
KL-025	201669	0.010421252084113878	0.01045304165428542	0.011156808417626278	0.010229382385832857	0.010784010433616278	0.010602900498676661	0.013018021636090102	0.0077137149775884616	0.012423027988464116	0.012948696629178717	0.008828860884473403	0.01521660321461729	0.006953683739837521	0.006664428324863193	0.015441754395767452	0.008125711123160679	0.004290850004359052	0.009487404075252677	0.009430524593251591	0.0	0.008222892249110821	0.009496099301582113	0.016634483961988564	0.01635154206149521	0.015015929349671312	0.007953997208520783	0.009790782574580732	0.016469551045100613	0.008679845731650638	0.0164400012023375	0.016407057181097428	0.016362316947477255	0.015747670015727813	0.01971808338107468	0.016477480435299306	0.017142032461422322	0.016572947778957698	0.017577309608380005	0.018266003864328022	0.009384426728653989	0.009064574489142399	0.009168415831938094	0.016528729557069948	0.009192790444070849	0.007913891045923915	0.007217974673184271	0.015641009577753433	0.0075250763541049185	0.00791223338396824	0.008070340314142457	0.009285917688732052	0.007983451331769507	0.008046236230036955	0.008001086912181671	0.01037858183120672	0.010567164231344545	0.008051221547605842	0.008410699513902189
KL-33	201672	0.013589293241070728	0.014000771572045989	0.014584847687631424	0.013768216087127033	0.014483968003081174	0.014245302741471295	0.012902612090664105	0.009579491091945114	0.011052475483757245	0.016739126409761225	0.009045662658045538	0.019006961846225308	0.004479376694253573	0.008952045536953258	0.01923218417634996	0.004772438002285415	0.00642449493271499	0.011194208259101229	0.009420073668673156	0.008222892249110821	0.0	0.005192220015710934	0.020424913742571067	0.016677512482517177	0.015342133636197824	0.008245311910363328	0.010117275203717437	0.016527657092133875	0.005346014918880413	0.016497143600049717	0.016462800215379735	0.016419712580959082	0.015801199638439147	0.019776189428107938	0.016533118169195525	0.01720013850845558	0.016631053825990963	0.017635164591682517	0.018320648301761593	0.009710815873863556	0.009390946887290032	0.009494799435444661	0.016582165583268627	0.0095194199993885	0.007531617330737664	0.007457621999865707	0.01569569770493273	0.007718238872243982	0.008138608004598143	0.008396777093349664	0.009611537996891979	0.00831008088708716	0.008372747525678802	0.008327333969179996	0.010705251351528255	0.010892707733428039	0.008377851102923495	0.008737203071741858
KL-45	201676	0.013235952510831761	0.013293852803684052	0.013876881595934388	0.013229518615174046	0.01377475352075587	0.01353775921846627	0.010037105432521082	0.008869335864998587	0.009928809565061567	0.016030400355337454	0.00589059882898188	0.018298235791801544	0.006975503839538069	0.008530994778216072	0.01852345812192619	0.002205658906509326	0.008453654339365579	0.011455559684152641	0.005793655731731081	0.009496099301582113	0.005192220015710934	0.0	0.019716272648730493	0.013273950811451874	0.011914181813485828	0.004936923247723353	0.00676556405552901	0.013600044494925594	0.0019212599162986678	0.013569180564771247	0.01353443350262767	0.013491965377832793	0.012872899135616886	0.01684892705860182	0.013605101463100136	0.014272828082275457	0.013703746333026076	0.014707599110175594	0.015391941041227377	0.0064008251211825455	0.006080797593796119	0.00618471216678607	0.013653317285164437	0.006209305167438005	0.004223228668097689	0.004149233337225733	0.012768990750611036	0.004409850209604008	0.004828986809852484	0.005087728650317534	0.006301388703398065	0.00495880369106046	0.005063820159016415	0.004976056773153298	0.007395950849646962	0.007584753966174232	0.005026573906896795	0.005427911899254006
CR-26	201419	0.013127263244482315	0.013307348878822747	0.013330326302049703	0.01215534711713019	0.012183140639108902	0.010640158604078439	0.021452196847463068	0.015290961074664829	0.02209893003562479	0.009908524477173152	0.01718284072748239	0.002812145339655847	0.01809100120617035	0.014966410817068114	0.012409206872297912	0.01859520033628315	0.019697142752363173	0.01568670237532117	0.01791166085604823	0.016634483961988564	0.020424913742571067	0.019716272648730493	0.0	0.02483146648196562	0.023495853770141722	0.017018248281217226	0.01827070699505114	0.024947777837595178	0.018718827217386734	0.024919900241207486	0.024886962281786135	0.024842224873341066	0.025350487883367655	0.028194109997840982	0.024957404855769715	0.025618940762674666	0.025050626047152823	0.026057218985571135	0.02674607505287601	0.0178643511491244	0.017544498909612807	0.017648340252408506	0.025008643617528352	0.01767271486454126	0.0177334966689762	0.016918045204732432	0.025095448693609988	0.016976142283589835	0.017098076415207265	0.01655026473461287	0.01776584210920246	0.01646337575223992	0.016526160650507365	0.01648101133265208	0.01885850625167713	0.019047088651814953	0.01653114596807625	0.016890623934372597
Tri-59	201624	0.019870827066063156	0.018538853109663928	0.01904476378928431	0.01943875282241801	0.018889000703925286	0.018653102062237713	0.013585580185746163	0.015154779617048586	0.01798443148241794	0.021145352601431456	0.009570990485769775	0.023413188037895542	0.018115235401874274	0.013646539697855798	0.023638410368020193	0.012429233883703122	0.019564402221992405	0.0171453561176946	0.011029343205773008	0.01635154206149521	0.016677512482517177	0.013273950811451874	0.02483146648196562	0.0	0.002340297645881785	0.009224299640125323	0.010054519731717965	0.017179787011269033	0.011621571204414486	0.017188553254383166	0.017118238838185466	0.017111563649550864	0.017746825776841817	0.020468825581990896	0.017224443130524437	0.01789272660566453	0.01732364485641515	0.018258371614347374	0.01902926288560268	0.00984108740778157	0.009529131933359681	0.009647552023889335	0.017220354013968465	0.009763113571883046	0.010138354005571129	0.009238451164651166	0.017549022066968394	0.009227431236996354	0.009307291479693862	0.008651649035125754	0.009659193688135502	0.00856742173222257	0.008627817510740965	0.008585086103553366	0.010908062891863886	0.011126774266397438	0.008635016502916119	0.009006855295288364
Tri-29	201591	0.018650745397577946	0.01720324039784003	0.01770915107746042	0.018103140110594114	0.017553206596538244	0.017317489350413818	0.012579754722333143	0.01381916690522469	0.01664864286760115	0.019809739889607558	0.008234886768335106	0.022077575326071644	0.01677962269005038	0.012278075170237688	0.022302797656196294	0.011093737555123016	0.018228789510168507	0.0158285172975937	0.009669150213453265	0.015015929349671312	0.015342133636197824	0.011914181813485828	0.023495853770141722	0.002340297645881785	0.0	0.007888377178316081	0.009050050653476405	0.0158441547725834	0.010285930190588826	0.015852921015697533	0.015782595946586663	0.01577593141086523	0.016399517214232266	0.01913319334330526	0.015888810891838804	0.0165570943669789	0.015988012617729516	0.016922739375661737	0.01769358955966162	0.00852435314154947	0.008212317682259948	0.008321445585022904	0.01588468915818775	0.0084271542223365	0.00880248461881117	0.007900690901532755	0.016213370155459702	0.007890787231318253	0.007971053848107314	0.007313698141819262	0.008389716513077771	0.007229618213268469	0.007289893904327588	0.007247395589454825	0.009570302628745475	0.009798961273971576	0.007297269899201798	0.007670803277505628
CR-10	201414	0.011555053336728448	0.010725634908915534	0.011285076389820545	0.011085573229867429	0.011078729394263694	0.01083988386148932	0.0061692813853246615	0.007229965209853493	0.00956912519946805	0.013332134400683062	0.0014538098276561488	0.015600040986121637	0.009682536699405535	0.005801355389790821	0.015825192167271795	0.00405998865508338	0.011131703519523665	0.009394622931421438	0.0033220529866329136	0.007953997208520783	0.008245311910363328	0.004936923247723353	0.017018248281217226	0.009224299640125323	0.007888377178316081	0.0	0.002588584725895211	0.009484064518988063	0.0031130676499026987	0.009453551026903902	0.009419207642233921	0.009376120007813269	0.009525232871224245	0.012732596854962126	0.00948952559604971	0.010156545935309767	0.009587461252845148	0.010591572018536702	0.011277268434922083	0.0021470495210960065	0.0018194839208688829	0.0018832795983784467	0.009538573010122812	0.0019569593221697937	0.0016690632611230888	0.0009825412969785658	0.009273980816783442	0.0007387031035842607	0.0008361356714220746	0.0008732877507590875	0.001914890076740236	0.0007921001848727328	0.0008477882259131154	0.000783319936473373	0.003247468511432522	0.0026937772774926257	0.0008175145828819365	0.0012175137781670284
CR-18	201422	0.013311027556782297	0.01197809362274945	0.012537125469926347	0.012911381260085487	0.012330754155935878	0.012092342575323236	0.005510489252632106	0.008636585202291833	0.011440516309168014	0.014584593114516976	0.002813703479958118	0.016852428550981065	0.011554475914959794	0.007053534745137946	0.01707765088110571	0.005924388923946181	0.013003642735077925	0.010723645097070623	0.004563996854161668	0.009790782574580732	0.010117275203717437	0.00676556405552901	0.01827070699505114	0.010054519731717965	0.009050050653476405	0.002588584725895211	0.0	0.0106590646956265	0.004892097881890525	0.010628418124879411	0.01059407474020943	0.010551004547244083	0.011242061887667385	0.013907897905099362	0.01066439269402522	0.011331798928773	0.01076271717952362	0.011766612671316314	0.012507173837480864	0.003199892226291033	0.0028807998400629258	0.0029873754615782236	0.010713440108098318	0.0030085824066596475	0.003413378789592611	0.0026878643098698176	0.01099080983322658	0.0025204408850126744	0.0025364468685148116	0.001949853545082156	0.0031009106855084062	0.0018246259399475	0.0019388868695521273	0.0018184400035301308	0.004412600752133352	0.004345975271742932	0.0018186752504093706	0.0022390866120596473
CR-55	201444	0.02010622504744177	0.018657387587139036	0.019215984723548636	0.019591076708062455	0.01900990303862822	0.018771556781777707	0.01326974655882706	0.015300637176020817	0.018196516025970708	0.021261663957061014	0.009781676695628183	0.023529570542499587	0.018231546757503832	0.013792937712772135	0.02375472172364975	0.012238650473392123	0.01968071357762196	0.017448210606864994	0.0098998097808204	0.016469551045100613	0.016527657092133875	0.013600044494925594	0.024947777837595178	0.017179787011269033	0.0158441547725834	0.009484064518988063	0.0106590646956265	0.0	0.011884665445229746	0.0005731526214014411	0.0006744745943444225	0.00047661522773825854	0.0027015606546111483	0.0036760288217460237	0.0008325354071457168	0.0014198759999828623	0.0005289109089971981	0.0021986454737001663	0.0032383319232693643	0.010252459856445155	0.009932609123685295	0.010036449458322426	0.0012606793958604718	0.010060801941898043	0.0104052503377149	0.00952369858551186	0.0021452591925040037	0.009508618140667465	0.009588917188040433	0.008938159759743238	0.010154036833356684	0.008852002132879329	0.008914041098453741	0.008869684475656439	0.011246696313181233	0.011435381583323696	0.008919772348715663	0.009278564775920735
CR-57	201454	0.01223964377050514	0.012295877099665082	0.012879994321172712	0.01223266734922793	0.0127793083304332	0.01254046279765883	0.008293919557538925	0.007873671483954889	0.00895494959426423	0.015032713336852572	0.004083750755456604	0.017300548773316656	0.007158033643840114	0.00750193432596033	0.017525771103441307	0.0015260172703078553	0.008640967643732874	0.01063692066986739	0.005012351891203964	0.008679845731650638	0.005346014918880413	0.0019212599162986678	0.018718827217386734	0.011621571204414486	0.010285930190588826	0.0031130676499026987	0.004892097881890525	0.011884665445229746	0.0	0.011854151953145587	0.011819808568475608	0.011776720934054952	0.011158326205427524	0.015133197781203811	0.011890126522291397	0.012557146861551453	0.011988062179086833	0.012992172944778385	0.013677767826028637	0.004564096003405144	0.00424403279162774	0.004348047403067629	0.011939173936364499	0.00437257040487169	0.0024236610577473864	0.002400894505720774	0.011088145768978746	0.0025703473957078542	0.002991195734491409	0.0032723662122341544	0.0044645901833591075	0.0030997604330475137	0.0032469364988700613	0.0030894899067252695	0.005650256241831856	0.005762660975495901	0.0031388956480353928	0.0036141585499068745
KL-89	201737	0.020076630834758965	0.018628463999269193	0.019187156155980642	0.0195621547594761	0.01898019053900847	0.018742633193907864	0.013238943853463433	0.015308817029310261	0.018165574665241765	0.021233786360673322	0.009750705771088195	0.023501692946111895	0.018203669161116143	0.013762384990056583	0.02372684412726206	0.012208136981307962	0.01965283598123427	0.017417503309888886	0.009868868420091458	0.0164400012023375	0.016497143600049717	0.013569180564771247	0.024919900241207486	0.017188553254383166	0.015852921015697533	0.009453551026903902	0.010628418124879411	0.0005731526214014411	0.011854151953145587	0.0	0.00021468099275509593	0.0003011571031522548	0.002475587735587651	0.00357879948756707	0.0005961500853544896	0.0013627896411194927	0.0003427571143192447	0.0018925649432727377	0.002918827224926529	0.010221406737140068	0.009901556004380207	0.010005396339017337	0.0012138664045631448	0.010029748822592957	0.010374736845630738	0.009493185093427699	0.0017421320408445588	0.009478104648583306	0.009558026341407861	0.008907255040411134	0.010122983714051598	0.008821488640795168	0.008883332436641248	0.00883917098357228	0.011215746239881995	0.011404517311989052	0.008889258856631502	0.00924753497147682
KL-86	201745	0.020042886020506735	0.01859496236964733	0.0191535391916356	0.019528651490570748	0.018945826152782418	0.018709131564286	0.013204228310319775	0.015238740426503873	0.018130368523967596	0.02120084840125197	0.00971552577718245	0.023468754986690543	0.01817073120169479	0.013728026560193882	0.023693906167840707	0.01217379359663798	0.019619898021812916	0.017382936677016708	0.00983366227881729	0.016407057181097428	0.016462800215379735	0.01353443350262767	0.024886962281786135	0.017118238838185466	0.015782595946586663	0.009419207642233921	0.01059407474020943	0.0006744745943444225	0.011819808568475608	0.00021468099275509593	0.0	0.00033618722973784214	0.0023027981655877883	0.003629081874985894	0.0005116033405581084	0.0013385952573744244	0.0004101547546891426	0.00199639656141715	0.0027606506430412547	0.01018644174377012	0.00986659779079864	0.00997043134564739	0.0010637727048470333	0.009994783829223008	0.010340393460960759	0.00945884170875772	0.0017226305275677063	0.009443761263913324	0.009523248273569264	0.008872728716617593	0.01008801872068165	0.008787145256125187	0.008848827987572543	0.008804827598902299	0.011180899947517574	0.011369827136208266	0.008854915471961522	0.009212733879627625
KL-90	201746	0.019999442797562793	0.01855089063596712	0.019109674712510384	0.019484649658262323	0.018903058589964723	0.01866505983060579	0.013161723942459059	0.015231729358139538	0.01808858506040946	0.0211561109928069	0.009673716166255892	0.023424017578245478	0.01812599379324972	0.013685068527415167	0.02364916875939564	0.012130705962217327	0.019575160613367847	0.01734019165376275	0.009791878815259154	0.016362316947477255	0.016419712580959082	0.013491965377832793	0.024842224873341066	0.017111563649550864	0.01577593141086523	0.009376120007813269	0.010551004547244083	0.00047661522773825854	0.011776720934054952	0.0003011571031522548	0.00033618722973784214	0.0	0.0024291754787622295	0.003591702620400335	0.0006338641488592336	0.0012963362610966585	0.00042138670688703507	0.0020542585727798845	0.002986164466885951	0.010144308070366077	0.009824457337606216	0.009928297672243345	0.0009974496597038897	0.009952650155818966	0.010297305826540105	0.009415754074337066	0.0019588275554612996	0.009400673629492672	0.009480827732124398	0.008830199230370943	0.010045885047277606	0.008744057621704535	0.008806080569081448	0.008761739964481647	0.011138584107853775	0.011327271709912486	0.00881182783754087	0.009170545366644517
KL-91	201750	0.019382770352124212	0.019057874511065963	0.01961659212404645	0.018973229811013646	0.019408467098034447	0.01917212346363975	0.013665823863903536	0.015322973454735522	0.01746853249878059	0.02166437400283349	0.010278987723418608	0.023932280588272063	0.01751136335610688	0.014189720122309249	0.024157431769422227	0.011439084136631722	0.018960530176225007	0.017658841461494785	0.010294790510750664	0.015747670015727813	0.015801199638439147	0.012872899135616886	0.025350487883367655	0.017746825776841817	0.016399517214232266	0.009525232871224245	0.011242061887667385	0.0027015606546111483	0.011158326205427524	0.002475587735587651	0.0023027981655877883	0.0024291754787622295	0.0	0.005291102746885613	0.002171400763067235	0.002640683310052679	0.0025075371150187964	0.0035401181245107625	0.004102404802329051	0.010834450500043603	0.010514604437729991	0.01061843960332771	0.0025334524007582957	0.010642814215460462	0.009678913668473151	0.008797359345709636	0.0015550364699836799	0.009082526025975758	0.00945166653765078	0.009520604763704565	0.010735941460121665	0.009435164597017893	0.00949676655191932	0.009452800177430056	0.011828928224560727	0.012017729975408164	0.009502934812854228	0.009860582681392366
