R244	243397	0.0	0.024288874439446953	0.02360874468425512	0.024326371627952356	0.023399903094916054	0.02464302985997876	0.024396662157546038	0.02479900592176077	0.023604092762497718	0.023489461160370016	0.02561911938003298	0.02348411871341386	0.02351653006208885	0.023616275366234188	0.024996284419284757	0.022850546151154623	0.024237371766456926	0.024396662157546038	0.02390821586426644	0.024505112628703984	0.02390514348933577	0.023684072712682525	0.023864658406980634	0.024074562915207567	0.041412585108663	0.024498044008638493	0.02355783382305351	0.024095377489975967	0.024108909508051387	0.02449686103056334	0.02443186605006529	0.024487885232190965	0.024436437984158697	0.024415864280738355	0.02442409376210649	0.023498664306319368	0.046409253457456855	0.0259226310822784	0.024810599931910912	0.024515186723042585	0.025470366101109563	0.024352177063928587	0.0620050392241073	0.055620152078176936	0.02489648741222791	0.024929060004360078	0.04715904356995597	0.04532492047118544	0.045742431237398726	0.04675964389980759	0.04611940374733512	0.046648088536178946	0.046914741380616076	0.04679996199596454	0.04693309256303808	0.046983445592443565	0.046881409708124544	0.047023540321924205	0.04677674786509442	0.04689719918390805	0.04663162117285141	0.04677554076151732	0.046889269192732924	0.045489317181078584	0.04495734563369178	0.04489544354608805	0.04509662537334268	0.04546750403069562	0.0453223751435868	0.04556266763127065	0.045473148020667875	0.05307296951321086	0.04549188062777001	0.04558345765893447	0.045378723140923956	0.04540327014551777	0.04530822045725146	0.04566501492443157	0.04542912811481298	0.04539744306603149	0.054742767002519	0.0465915346293565	0.046596007661929534	0.04690425574462588	0.04693466613849016	0.04698060593392833	0.046961305150234854	0.04784139608692126	0.03112572508049009	0.04571292847359335	0.047981487522328226	0.04702086571720229	0.05464310674000425	0.05425178161918333	0.054068104361609796	0.05396777410940942	0.05395272995404126	0.054788912019652414	0.05469144288238226	0.05464882443132991	0.05520821199169561	0.05499732007848349	0.0554088302671284	0.05466146813506805	0.053674723762690446	0.05457335238769279	0.054361421687765484	0.054736337224627604	0.055045197688981196	0.05513601705480571	0.05471588637130561	0.058083902637457635	0.05578040850916983	0.05181551174721463	0.054511263860976	0.053700199858225724	0.0524335622318331	0.05226261209778968	0.05320941284018392	0.05354095407799409	0.053104094928144115	0.051854961778147725	0.05198890170950039	0.05740642818995713	0.056204093635608486	0.05591780533245779	0.056119651741949106	0.05567155268387407	0.05677350112708296	0.05710876223542323	0.05627475477359671	0.05589711080812529	0.05549239046499674	0.055103439389816725	0.05841757708358909	0.053854626632978846	0.05508749699580398	0.05372781786238579	0.05443248856714722	0.05126321131415132	0.05126321131415132	0.051559081808720236	0.054419680292452643	0.05721245485581798	0.05735392017637621	0.05440997847577364	0.05306539824606089	0.054973417984952554	0.05778806774388619	0.055881848476995316	0.054623526619394465	0.05370477241083933	0.05446405188707507	0.05133617773031294	0.054013135498308135	0.05288583956797747	0.061156867779971064
R303	243456	0.024288874439446953	0.0	0.0012052829119877438	0.0006820999745889916	0.0011190277791274345	0.0007915145018450592	0.0022626937580432177	0.0007393564807322926	0.000722843466842798	0.000983912992390462	0.0018306338955063964	0.0012148693508656633	0.0008847905840979742	0.001314959876195603	0.0011145549491403026	0.0027527669739553966	0.002103403366954109	0.0022626937580432177	0.0015489621145030473	0.0008458214738301504	0.000503493016925408	0.0013641216768407363	0.002150433719627851	0.0018346153459646837	0.06555172977700545	0.0004509892888291627	0.0010354289069027614	0.0004962820932770501	0.00032660367851084394	0.0022836652409620314	0.0021348914289911337	0.0022604429800846403	0.0021572782473729723	0.002168601794826896	0.0021282766677341866	0.0013646733512625395	0.06994578666951559	0.00719937340642852	0.0035990108274908447	0.0024640789058785226	0.0027306679966946955	0.002463897504781913	0.04882320444539112	0.04255674414435774	0.002432945034353741	0.0026999250051433234	0.07108722420963548	0.06880146628984815	0.06988154751026193	0.070236218941849	0.06988237087337362	0.07057923732101459	0.07039131642265749	0.07027653703800595	0.07040966760507948	0.07046002063448498	0.07035798475016594	0.07050011536396561	0.07025332290713583	0.07037377422594945	0.07014741293858703	0.07025211580355872	0.07036584423477434	0.06922847424828754	0.06872035128089732	0.06865844919329359	0.06885963102054822	0.06923050967790116	0.06908538079079235	0.06932567327847618	0.06923615366787342	0.04411632135668529	0.06925488627497554	0.06934646330614001	0.06914172878812949	0.0691662757927233	0.06907122610445701	0.06952225711005787	0.06919213376201852	0.06916044871323702	0.04240091217971205	0.07006808044801921	0.07007255348059224	0.07038080156328859	0.07041121195715286	0.07045715175259104	0.07043785096889757	0.07141223178917085	0.054602270899152795	0.06940198217642515	0.07175021089874313	0.07049744075924369	0.04157964475640515	0.04118831963558423	0.04100464237801069	0.040904312125810326	0.040889267970442164	0.041725450036053324	0.041627980898783154	0.04158536244773081	0.042144750008096504	0.04193385809488439	0.042345368283529305	0.041598006151468955	0.04061126177909135	0.0415098904040937	0.04129795970416639	0.04167287524102851	0.041981752020033805	0.042072555071206615	0.04165242438770651	0.04502044065385853	0.04271709142039917	0.03875206932749192	0.041447916931602324	0.0406368203223914	0.03937014170501967	0.03919918551549072	0.04014601979595877	0.04047757082358083	0.04004069676642939	0.03879152075584476	0.038925463950266165	0.044342966206358025	0.04314065542478761	0.042854343348858695	0.043056189758350016	0.042608110279816556	0.043710039143483856	0.044045300251824133	0.043211292789997614	0.0428336488245262	0.04242892848139764	0.042039997911961065	0.04535418033248299	0.04079116464937975	0.042024035012204884	0.040664355878786695	0.04136902658354812	0.038199749330552216	0.038199749330552216	0.03849561982512114	0.04135621830885354	0.044148992872218885	0.044290488945238106	0.04134651649217455	0.0400019362624618	0.0419099755691438	0.04472476186794092	0.042818424246383296	0.04156006463579537	0.04064131042724023	0.041400589903475976	0.03827271574671384	0.040949749448775864	0.03982240693606388	0.048093405796371974
R318	243471	0.02360874468425512	0.0012052829119877438	0.0	0.0012427422088917782	0.00048002839448889795	0.0015594761623024607	0.0015672689241548311	0.001715476843520357	0.0005399184655639352	0.00046395052422086396	0.0028050129618941836	0.0006949036836367273	0.00036483246767387575	0.000794998008206059	0.0019134698222913115	0.00348399956793676	0.001407978533065722	0.0015672689241548311	0.0008535421949947477	0.0014215682997435002	0.0008213583959781005	0.0008442656767099941	0.0011030315794372638	0.0013146468781756353	0.064788824610256	0.0014144449219043811	0.00044796877277689676	0.0007464891767886763	0.001005839653334343	0.001676582452068481	0.001614929364022804	0.0016640181127625525	0.0016373141822046224	0.0015864710473471508	0.001594700528715287	0.0006692827536977854	0.06918288150276614	0.006299522999587765	0.0026935255965393084	0.001564025335315787	0.0024252576006614656	0.0019441002002000241	0.047861317177990755	0.04147610845390354	0.002053275434682823	0.0020983017300912504	0.07032431904288602	0.06772083059939395	0.06911864234351246	0.06947331377509953	0.06911946570662417	0.06981633215426512	0.06962841125590802	0.06951363187125648	0.06964676243833003	0.06969711546773551	0.06959507958341649	0.06973721019721615	0.06949041774038636	0.0696108690592	0.06938450777183758	0.06948921063680927	0.06960293906802487	0.06846556908153807	0.06795744611414786	0.06789554402654413	0.06809672585379875	0.06846760451115169	0.06832247562404288	0.06856276811172672	0.06847324850112395	0.043035685666231095	0.06849198110822609	0.06858355813939054	0.06837882362138004	0.06840337062597385	0.06830832093770754	0.06875935194330841	0.06842922859526905	0.06839754354648757	0.041320276489257846	0.06930517528126974	0.06930964831384277	0.06961789639653912	0.0696483067904034	0.06969424658584157	0.06967494580214809	0.07064932662242138	0.05352163520869859	0.0686390770096757	0.07098730573199366	0.06973453559249423	0.04049900906595094	0.040107683945130035	0.039924006687556496	0.03982367643535613	0.03980863227998796	0.04064481434559912	0.04054734520832896	0.04050472675727661	0.0410641143176423	0.040853222404430185	0.0412647325930751	0.04051737046101475	0.03953062608863714	0.0404292547136395	0.04021732401371219	0.040592239550574304	0.04090111632957961	0.04099191938075241	0.04057178869725231	0.04393980496340433	0.041636455729944975	0.03767143363703771	0.04036728124114813	0.039556184631937205	0.03828950601456546	0.03811854982503651	0.039065384105504565	0.03939693513312662	0.03896006107597519	0.037710885065390554	0.03784482825981196	0.04326233051590382	0.04206001973433341	0.04177370765840449	0.04197555406789581	0.04152747458936236	0.04262940345302966	0.04296466456136992	0.04213065709954341	0.041753013134071995	0.041348292790943444	0.04095936222150687	0.04427354464202879	0.039710528958925545	0.04094339932175067	0.03958372018833249	0.04028839089309391	0.037119113640098025	0.037119113640098025	0.037414984134666936	0.040275582618399336	0.04306835718176468	0.043209853254783895	0.04026588080172035	0.03892130057200759	0.0408293398786896	0.04364412617748671	0.041737788555929106	0.040479428945341164	0.03956067473678603	0.04031995421302177	0.03719208005625964	0.03986911375832166	0.03874177124560967	0.047012965883273236
R333	243486	0.024326371627952356	0.0006820999745889916	0.0012427422088917782	0.0	0.0010369570947189439	0.00033357019971994424	0.002180623073634727	0.0005959282936576071	0.0009410564669827315	0.001202102386708649	0.0016872190255377332	0.0014330747859071815	0.0011029729564295653	0.001533146261090963	0.0006709671482345427	0.0024285827313141528	0.002021332682545618	0.002180623073634727	0.001466810182285592	0.00027858306110490835	0.00042141824819100053	0.001582375454256976	0.002312014256027684	0.0020528348235747153	0.06558918639646323	0.0004507983962092416	0.0012536734874202416	0.0007956828601920459	0.000623180151808401	0.002501909821479512	0.002353078801577521	0.0024786875606021205	0.0023754756493622998	0.002274689834330796	0.0023150041603433977	0.0012826369031776813	0.06998324328897337	0.007417615309499748	0.0038118237476195242	0.002682323486396003	0.002909670950406105	0.002682157173751257	0.048979409487902734	0.04259420076381552	0.0028767822035149207	0.0029181754474551145	0.07112468082909326	0.06883892290930593	0.06991900412971971	0.07027367556130679	0.0699198274928314	0.07061669394047237	0.07042877304211527	0.07031399365746373	0.07044712422453726	0.07049747725394276	0.07039544136962372	0.07053757198342339	0.07029077952659361	0.07041123084540724	0.07018486955804482	0.0702895724230165	0.0704033008542321	0.06926593086774532	0.0687578079003551	0.06869590581275137	0.068897087640006	0.06926796629735894	0.06912283741025012	0.06936312989793396	0.0692736102873312	0.044153777976143074	0.06929234289443333	0.0693839199255978	0.06917918540758727	0.06920373241218108	0.06910868272391478	0.06955971372951565	0.0692295903814763	0.0691979053326948	0.04243836879916983	0.07010553706747699	0.07011001010005002	0.07041825818274637	0.07044866857661064	0.07049460837204882	0.07047530758835534	0.07144968840862863	0.05463972751861058	0.06943943879588294	0.07178766751820091	0.07053489737870147	0.041617101375862935	0.04122577625504202	0.041042098997468475	0.04094176874526811	0.040926724589899946	0.041762906655511106	0.04166543751824094	0.04162281906718859	0.042182206627554286	0.04197131471434217	0.04238282490298709	0.04163546277092674	0.040648718398549125	0.04154734702355148	0.04133541632362417	0.04171033186048628	0.04201920863949159	0.042110011690664396	0.041689881007164295	0.045057897273316314	0.042754548039856954	0.0387895259469497	0.041485373551060106	0.040674276941849184	0.039407598324477454	0.0392366421349485	0.04018347641541655	0.040515027443038615	0.040078153385887175	0.03882897737530254	0.03896292056972395	0.04438042282581581	0.04317811204424539	0.04289179996831648	0.0430936463778078	0.04264556689927434	0.04374749576294164	0.044082756871281915	0.043248749409455396	0.042871105443983974	0.042466385100855424	0.04207745453141885	0.045391636951940775	0.04082862126883753	0.042061491631662666	0.04070181249824448	0.041406483203005905	0.03823720595001	0.03823720595001	0.038533076444578915	0.04139367492831132	0.04418644949167667	0.04432794556469589	0.04138397311163233	0.04003939288191958	0.04194743218860157	0.0447622184873987	0.04285588086584108	0.04159752125525315	0.04067876704669801	0.04143804652293376	0.038310172366171624	0.040987206068233646	0.03985986355552166	0.04813086241582975
R334	243487	0.023399903094916054	0.0011190277791274345	0.00048002839448889795	0.0010369570947189439	0.0	0.0013536910481296263	0.001143665978915783	0.0016327902436932607	0.0004703381503951388	0.0003706696678925502	0.0027240989391396336	0.0003962117358171635	0.00033504072830067264	0.000496217350287194	0.0017078821896147761	0.003465434945606566	0.000984375587826674	0.001143665978915783	0.0006933094321510326	0.0012175648091915954	0.0006155675694987413	0.0005456148668916319	0.0012752222145406913	0.0010159006004700944	0.06455258097207835	0.0013174026566213242	0.0005251414297509767	0.0010056784333312531	0.0009871288782147187	0.0014649527267605678	0.0013161217068585768	0.0014417304658831764	0.001338518554643356	0.0012377327396118523	0.001278047065624454	0.00024573820691858335	0.06894663786458849	0.00638100988511487	0.0027748864568613724	0.001645366391677059	0.0024006752285009236	0.0016455362347287665	0.04794280406351786	0.04155759533943065	0.0018399423322406658	0.0018814527996255485	0.07008807540470839	0.06780231748492106	0.06888239870533483	0.0692370701369219	0.06888322206844653	0.06958008851608749	0.06939216761773039	0.06927738823307886	0.0694105188001524	0.06946087182955787	0.06935883594523885	0.06950096655903851	0.06925417410220873	0.06937462542102237	0.06914826413365995	0.06925296699863162	0.06936669542984723	0.06822932544336044	0.06772120247597023	0.0676593003883665	0.06786048221562113	0.06823136087297406	0.06808623198586525	0.06832652447354909	0.06823700486294632	0.04311717255175819	0.06825573747004846	0.06834731450121292	0.0681425799832024	0.06816712698779621	0.06807207729952991	0.06852310830513078	0.06819298495709142	0.06816129990830994	0.041401763374784954	0.06906893164309211	0.06907340467566514	0.0693816527583615	0.06941206315222577	0.06945800294766394	0.06943870216397047	0.07041308298424374	0.0536031220942257	0.06840283337149806	0.07075106209381604	0.0694982919543166	0.04058049595147806	0.04018917083065714	0.0400054935730836	0.03990516332088323	0.03989011916551507	0.04072630123112623	0.040628832093856065	0.04058621364280372	0.04114560120316941	0.040934709289957294	0.04134621947860221	0.04059885734654186	0.039612112974164254	0.04051074159916661	0.04029881089923929	0.04067372643610141	0.04098260321510671	0.04107340626627952	0.04065327558277942	0.04402129184893144	0.04171794261547208	0.03775292052256482	0.04044876812667523	0.03963767151746431	0.038370992900092576	0.03820003671056362	0.039146870991031674	0.03947842201865374	0.0390415479615023	0.037792371950917655	0.03792631514533907	0.04334381740143093	0.04214150661986051	0.04185519454393159	0.04205704095342292	0.04160896147488946	0.04271089033855676	0.04304615144689704	0.04221214398507052	0.0418345000195991	0.041429779676470546	0.04104084910703397	0.04435503152755589	0.039792015844452654	0.04102488620727779	0.03966520707385959	0.04036987777862103	0.03720060052562513	0.03720060052562513	0.037496471020194044	0.04035706950392645	0.04314984406729179	0.04329134014031101	0.04034736768724745	0.0390027874575347	0.0409108267642167	0.04372561306301383	0.04181927544145621	0.04056091583086827	0.039642161622313134	0.04040144109854888	0.03727356694178674	0.03995060064384877	0.03882325813113678	0.04709425699144487
R337	243490	0.02464302985997876	0.0007915145018450592	0.0015594761623024607	0.00033357019971994424	0.0013536910481296263	0.0	0.0024973570270454093	0.000426505136193273	0.0012577466726490906	0.0015188363401193313	0.0013704590166592682	0.0017498087393178641	0.0014197069098402478	0.0018498802145016455	0.0003542005118488137	0.00228266230374851	0.0023380666359563004	0.0024973570270454093	0.0017835874136084705	0.00013799410076745437	0.0007381451305464594	0.0018991094076676585	0.0026287482094383666	0.0023695687769853977	0.06590587834147223	0.00044271673763752746	0.0015703744793586294	0.0009826446568356442	0.0008713008429261087	0.002818643774890194	0.002669812754988203	0.002795421514012803	0.0026922096027729822	0.0025914237877414786	0.00263173811375408	0.001599337143605767	0.07029993523398237	0.007734307254508749	0.004128557701030207	0.0029990574398066853	0.0032263373726956106	0.0029988631215608188	0.049296101432911736	0.042910892708824526	0.0031935021541250426	0.0032348813952646767	0.07144137277410227	0.06915561485431493	0.07023569607472871	0.07059036750631578	0.07023651943784041	0.07093338588548137	0.07074546498712427	0.07063068560247274	0.07076381616954627	0.07081416919895175	0.07071213331463273	0.07085426392843239	0.07060747147160261	0.07072792279041624	0.07050156150305383	0.0706062643680255	0.07071999279924111	0.06958262281275432	0.06907449984536411	0.06901259775776038	0.06921377958501501	0.06958465824236795	0.06943952935525913	0.06967982184294297	0.0695903022323402	0.04447046992115207	0.06960903483944234	0.0697006118706068	0.06949587735259627	0.06952042435719008	0.06942537466892379	0.06987640567452466	0.0695462823264853	0.06951459727770382	0.042755060744178834	0.07042222901248599	0.07042670204505902	0.07073495012775538	0.07076536052161965	0.07081130031705782	0.07079199953336435	0.07176638035363762	0.05495641946361958	0.06975613074089194	0.07210435946320992	0.07085158932371048	0.04193379332087194	0.041542468200051016	0.04135879094247748	0.04125846069027711	0.04124341653490895	0.04207959860052011	0.041982129463249945	0.0419395110121976	0.04249889857256329	0.042288006659351174	0.04269951684799609	0.04195215471593575	0.040965410343558134	0.04186403896856049	0.04165210826863317	0.04202702380549529	0.042335900584500596	0.0424267036356734	0.0420065729521733	0.04537458921832532	0.04307123998486596	0.0391062178919587	0.04180206549606911	0.04099096888685819	0.039724290269486456	0.039553334079957495	0.040500168360425554	0.04083171938804762	0.04039484533089618	0.03914566932031154	0.03927961251473294	0.04469711477082482	0.0434948039892544	0.04320849191332548	0.0434103383228168	0.04296225884428334	0.04406418770795064	0.04439944881629092	0.0435654413544644	0.04318779738899298	0.042783077045864426	0.04239414647642785	0.04570832889694978	0.041145313213846534	0.04237818357667167	0.04101850444325347	0.04172317514801491	0.03855389789501901	0.03855389789501901	0.038849768389587924	0.04171036687332033	0.04450314143668567	0.04464463750970489	0.041700665056641335	0.04035608482692858	0.04226412413361058	0.04507891043240771	0.04317257281085009	0.04191421320026215	0.04099545899170702	0.04175473846794276	0.03862686431118063	0.04130389801324265	0.04017655550053066	0.04844755436083875
R338	243491	0.024396662157546038	0.0022626937580432177	0.0015672689241548311	0.002180623073634727	0.001143665978915783	0.0024973570270454093	0.0	0.0027764562226090432	0.0016025604906571974	0.001332537111553466	0.0038677649180554165	0.001173187969563913	0.0014002724605481644	0.0009880226194058212	0.002851548168530559	0.004609093910575288	0.00015929039108910893	0.0	0.001371244382258226	0.0023594491644864483	0.001759233548414524	0.0012111191930272113	0.0018319038585634254	0.0006161537797459497	0.06340918144645323	0.0024610686355371076	0.0015579242418167273	0.0021493097382314693	0.002130781936761028	0.000321390558225823	0.00017250193256325582	0.00029815990605121023	0.00019490478094809482	9.409196321632128e-05	0.0001344170903090311	0.0008980204067806781	0.06780323833896337	0.005591700653636819	0.001631486931236248	0.0005018048232023202	0.0024387442130578353	0.00167619819819928	0.04679940453789273	0.04041419581380552	0.0006964736144657862	0.0007380210732219664	0.06894467587908326	0.06665891795929593	0.06773899917970971	0.06809367061129677	0.0677398225428214	0.06843668899046237	0.06824876809210526	0.06813398870745373	0.06826711927452726	0.06831747230393276	0.06821543641961374	0.06835756703341339	0.0681107745765836	0.06823122589539724	0.06800486460803482	0.0681095674730065	0.06822329590422212	0.06708592591773532	0.0665778029503451	0.06651590086274137	0.066717082689996	0.06708796134734894	0.06694283246024012	0.06718312494792396	0.0670936053373212	0.041973773026133074	0.06711233794442333	0.0672039149755878	0.06699918045757727	0.06702372746217108	0.06692867777390478	0.06737970877950565	0.06704958543146629	0.0670179003826848	0.04025836384915983	0.06792553211746699	0.06793000515004002	0.06823825323273637	0.06826866362660064	0.06831460342203882	0.06829530263834534	0.06926968345861861	0.05245972256860057	0.06725943384587293	0.06960766256819091	0.06835489242869147	0.03943709642585293	0.039045771305032013	0.038862094047458474	0.0387617637952581	0.038746719639889945	0.0395829017055011	0.039485432568230935	0.03944281411717859	0.040002201677544286	0.03979130976433217	0.04020281995297709	0.03945545782091674	0.038468713448539124	0.03936734207354148	0.03915541137361417	0.03953032691047628	0.039839203689481587	0.03993000674065439	0.039509876057154295	0.04287789232330631	0.040574543089846954	0.0366095209969397	0.039305368601050106	0.038494271991839184	0.037227593374467446	0.03705663718493849	0.03800347146540655	0.03833502249302861	0.037898148435877174	0.03664897242529253	0.03678291561971394	0.04220041787580581	0.04099810709423539	0.04071179501830647	0.0409136414277978	0.04046556194926434	0.04156749081293164	0.041902751921271915	0.041068744459445396	0.040691100493973974	0.04028638015084542	0.039897449581408846	0.04321163200193077	0.03864861631882753	0.03988148668165266	0.03852180754823447	0.0392264782529959	0.036057201	0.036057201	0.036353071494568914	0.03921366997830132	0.04200644454166667	0.04214794061468588	0.039203968161622325	0.03785938793190957	0.03976742723859157	0.0425822135373887	0.04067587591583108	0.03941751630524315	0.03849876209668801	0.03925804157292375	0.03613016741616162	0.038807201118223646	0.03767985860551166	0.04595085746581975
R343	243496	0.02479900592176077	0.0007393564807322926	0.001715476843520357	0.0005959282936576071	0.0016327902436932607	0.000426505136193273	0.0027764562226090432	0.0	0.0012276207620561903	0.0014887128359283518	0.0011651878138063065	0.001719665995344215	0.00138959182805599	0.0018197603199135465	0.0005477051101833632	0.0021162231586759088	0.0026171658315199344	0.0027764562226090432	0.0020627033368920025	0.0005519959200682792	0.0010172443261100938	0.0018689857109343742	0.002660627651160464	0.002339409189883123	0.06606186443804987	0.0003154063569002557	0.0015401958703681478	0.0010064403500458397	0.0008208059039760949	0.0027884625968643923	0.0026396916757302916	0.0027652403359870016	0.00266207649391211	0.002682364259392722	0.002642039132300012	0.0018784358158283657	0.07045592133056001	0.007704111491842686	0.004109225120388004	0.0029688966231454297	0.0032391281461888943	0.0029686790075630254	0.04933333910643554	0.043066878805402165	0.0031633093274309725	0.0032046809674551387	0.0715973588706799	0.06931160095089257	0.07039168217130634	0.07074635360289341	0.07039250553441805	0.071089371982059	0.07090145108370191	0.07078667169905037	0.0709198022661239	0.07097015529552939	0.07086811941121036	0.07101025002501002	0.07076345756818025	0.07088390888699388	0.07065754759963146	0.07076225046460315	0.07087597889581876	0.06973860890933196	0.06923048594194174	0.06916858385433801	0.06936976568159264	0.06974064433894558	0.06959551545183676	0.0698358079395206	0.06974628832891783	0.04462645601772971	0.06976502093601997	0.06985659796718444	0.06965186344917391	0.06967641045376773	0.06958136076550142	0.07003239177110229	0.06970226842306293	0.06967058337428145	0.04291104684075647	0.07057821510906362	0.07058268814163665	0.07089093622433301	0.07092134661819728	0.07096728641363545	0.07094798562994198	0.07192236645021526	0.05511240556019721	0.06991211683746958	0.07226034555978755	0.07100757542028811	0.04208977941744957	0.041698454296628655	0.04151477703905511	0.04141444678685474	0.04139940263148658	0.04223558469709774	0.04213811555982758	0.042095497108775234	0.04265488466914093	0.042443992755928805	0.04285550294457373	0.04210814081251338	0.041121396440135766	0.04202002506513812	0.04180809436521081	0.042183009902072924	0.04249188668107823	0.04258268973225103	0.042162559048750936	0.045530575314902955	0.043227226081443595	0.03926220398853634	0.04195805159264675	0.04114695498343582	0.03988027636606409	0.03970932017653513	0.040656154457003185	0.04098770548462525	0.040550831427473816	0.039301655416889174	0.03943559861131058	0.04485310086740245	0.04365079008583203	0.04336447800990311	0.04356632441939444	0.04311824494086097	0.04422017380452827	0.04455543491286855	0.04372142745104203	0.043343783485570615	0.042939063142442065	0.04255013257300548	0.04586431499352741	0.041301299310424165	0.0425341696732493	0.04117449053983111	0.04187916124459254	0.03870988399159664	0.03870988399159664	0.039005754486165556	0.04186635296989796	0.04465912753326331	0.04480062360628252	0.04185665115321897	0.04051207092350621	0.04242011023018821	0.04523489652898534	0.04332855890742772	0.04207019929683979	0.04115144508828465	0.04191072456452039	0.03878285040775826	0.04145988410982029	0.04033254159710829	0.04860354045741639
R346	243499	0.023604092762497718	0.000722843466842798	0.0005399184655639352	0.0009410564669827315	0.0004703381503951388	0.0012577466726490906	0.0016025604906571974	0.0012276207620561903	0.0	0.000270073152875863	0.002265204427398219	0.0004920620666687732	0.00020231977867360228	0.000614537871251376	0.0016118067362508757	0.003225072870253191	0.0014432700995680881	0.0016025604906571974	0.0008888317130154018	0.0011198962449930122	0.0005196747025507655	0.0006772303884548445	0.0014654197476285781	0.0011118221043363071	0.06486692913054845	0.0009481749494292671	0.00031267754988164947	0.0006330858205461632	0.0005282435607182154	0.0015608971022411035	0.0014300585580939414	0.0015376748413637124	0.0014344629301238916	0.001508468527440876	0.0014681434003481662	0.0007045527206602897	0.06926098602305861	0.006498363325726043	0.002913996855491572	0.0017413107671575944	0.002175017956651155	0.0017413228836800961	0.04813840379893413	0.04187194349790076	0.0019358414852726905	0.0019773067302090623	0.0704024235631785	0.06811666564339117	0.06919674686380495	0.069551418295392	0.06919757022691664	0.0698944366745576	0.06970651577620049	0.06959173639154895	0.06972486695862248	0.06977521998802798	0.06967318410370896	0.06981531471750863	0.06956852226067883	0.06968897357949247	0.06946261229213005	0.06956731515710174	0.06968104358831734	0.06854367360183056	0.06803555063444033	0.0679736485468366	0.06817483037409122	0.06854570903144416	0.06840058014433535	0.06864087263201919	0.06855135302141643	0.043431520710228294	0.06857008562851856	0.06866166265968303	0.06845692814167251	0.06848147514626632	0.06838642545800001	0.06883745646360089	0.06850733311556152	0.06847564806678004	0.04171611153325506	0.06938327980156221	0.06938775283413524	0.06969600091683159	0.06972641131069587	0.06977235110613404	0.06975305032244056	0.07072743114271385	0.053917470252695804	0.06871718152996817	0.07106541025228615	0.0698126401127867	0.04089484410994816	0.04050351898912724	0.0403198417315537	0.040219511479353334	0.04020446732398517	0.04104064938959633	0.04094318025232617	0.04090056180127382	0.04145994936163951	0.0412490574484274	0.041660567637072314	0.040913205505011964	0.03992646113263436	0.04082508975763671	0.040613159057709396	0.040988074594571516	0.041296951373576814	0.04138775442474962	0.04096762374124952	0.04433564000740155	0.04203229077394218	0.038067268681034924	0.04076311628514533	0.03995201967593441	0.03868534105856268	0.03851438486903372	0.03946121914950178	0.03979277017712384	0.0393558961199724	0.038106720109387766	0.038240663303809166	0.04365816555990104	0.042455854778330616	0.0421695427024017	0.042371389111893025	0.041923309633359565	0.043025238497026864	0.04336049960536714	0.04252649214354062	0.0421488481780692	0.04174412783494065	0.04135519726550407	0.044669379686025995	0.04010636400292276	0.04133923436574789	0.0399795552323297	0.04068422593709113	0.037514948684095224	0.037514948684095224	0.03781081917866415	0.040671417662396556	0.043464192225761894	0.043605688298781115	0.04066171584571755	0.039317135616004806	0.041225174922686805	0.04403996122148393	0.042133623599926305	0.04087526398933838	0.03995650978078324	0.04071578925701898	0.037587915100256844	0.04026494880231887	0.039137606289606885	0.047408605149914976
R350	243503	0.023489461160370016	0.000983912992390462	0.00046395052422086396	0.001202102386708649	0.0003706696678925502	0.0015188363401193313	0.001332537111553466	0.0014887128359283518	0.000270073152875863	0.0	0.0025352278065019504	0.00023100204814963105	9.913243117935384e-05	0.00034451449214764466	0.0018728996402120638	0.003489728233672217	0.0011732467204643572	0.001332537111553466	0.0007007115990957703	0.0013809284775603708	0.0007806912095728719	0.00040722661523287767	0.001198984310703323	0.000850760456992104	0.0646005002560361	0.0012092424686950464	0.00023943790089348983	0.0008977429477743319	0.0007982728453336001	0.0012998354548969006	0.0011600351789902103	0.001276613194019509	0.0011734012827796885	0.0012384451483371446	0.0011981200212444348	0.00043456073251415357	0.06899455714854624	0.006231934451213691	0.002647539172336626	0.0014802491198133917	0.002091000541616645	0.0014802900449784858	0.04787197492442177	0.0416055146233884	0.0016747894408093516	0.0017162642886265878	0.07013599468866615	0.0678502367688788	0.06893031798929258	0.06928498942087966	0.06893114135240429	0.06962800780004524	0.06944008690168814	0.0693253075170366	0.06945843808411013	0.06950879111351563	0.0694067552291966	0.06954888584299626	0.06930209338616648	0.06942254470498012	0.0691961834176177	0.06930088628258937	0.06941461471380499	0.06827724472731819	0.06776912175992798	0.06770721967232425	0.06790840149957887	0.06827928015693181	0.068134151269823	0.06837444375750684	0.06828492414690407	0.043165091835715944	0.06830365675400621	0.06839523378517068	0.06819049926716014	0.06821504627175397	0.06811999658348766	0.06857102758908853	0.06824090424104917	0.06820921919226769	0.04144968265874271	0.06911685092704986	0.0691213239596229	0.06942957204231924	0.06945998243618351	0.06950592223162169	0.06948662144792822	0.0704610022682015	0.05365104137818345	0.06845075265545582	0.0707989813777738	0.06954621123827436	0.04062841523543581	0.04023709011461489	0.04005341285704135	0.039953082604840984	0.039938038449472815	0.040774220515083975	0.04067675137781381	0.04063413292676147	0.04119352048712716	0.04098262857391505	0.041394138762559964	0.04064677663049961	0.039660032258122	0.040558660883124355	0.040346730183197045	0.040721645720059166	0.04103052249906446	0.04112132555023727	0.040701194866737164	0.04406921113288919	0.04176586189942983	0.037800839806522574	0.04049668741063298	0.03968559080142206	0.03841891218405033	0.03824795599452137	0.03919479027498943	0.039526341302611484	0.03908946724546005	0.03784029123487541	0.037974234429296816	0.043391736685388684	0.042189425903818266	0.041903113827889346	0.042104960237380674	0.041656880758847215	0.04275880962251451	0.04309407073085479	0.04226006326902827	0.04188241930355685	0.0414776989604283	0.04108876839099172	0.044402950811513645	0.0398399351284104	0.04107280549123554	0.03971312635781735	0.040417797062578774	0.037248519809582874	0.037248519809582874	0.03754439030415179	0.0404049887878842	0.043197763351249543	0.04333925942426876	0.0403952869712052	0.03905070674149245	0.04095874604817445	0.04377353234697158	0.041867194725413955	0.04060883511482603	0.03969008090627089	0.04044936038250663	0.037321486225744493	0.03999851992780652	0.038871177415094535	0.047142176275402625
R351	243504	0.02561911938003298	0.0018306338955063964	0.0028050129618941836	0.0016872190255377332	0.0027240989391396336	0.0013704590166592682	0.0038677649180554165	0.0011651878138063065	0.002265204427398219	0.0025352278065019504	0.0	0.002694576948491503	0.0024674924575072517	0.002879742298649595	0.0010168384814444329	0.002768725750722412	0.003708474526966307	0.0038677649180554165	0.0031539940687721284	0.0015084418686652007	0.002108531369640892	0.002942357156360738	0.0034810254586118737	0.003251611138309467	0.06688197787444163	0.0014066970887803816	0.002434309632821322	0.002058532592507752	0.001800108153045913	0.0036334764883424447	0.0036952629854921605	0.0036460492189455945	0.003672860137107321	0.0037736729548390946	0.003733347827746385	0.0029697445112747385	0.07127603476695177	0.008513493518526122	0.004929602566474867	0.0038111438337869894	0.004297794450521913	0.003378865911628789	0.0501534525428273	0.04388699224179392	0.004070828697316535	0.004089903109472841	0.07241747230707166	0.07013171438728433	0.07121179560769811	0.07156646703928518	0.0712126189708098	0.07190948541845077	0.07172156452009366	0.07160678513544212	0.07173991570251566	0.07179026873192115	0.07168823284760212	0.07183036346140179	0.07158357100457201	0.07170402232338563	0.07147766103602321	0.0715823639009949	0.07169609233221051	0.07055872234572372	0.07005059937833351	0.06998869729072976	0.0701898791179844	0.07056075777533734	0.07041562888822853	0.07065592137591235	0.0705664017653096	0.04544656945412147	0.07058513437241172	0.07067671140357619	0.07047197688556567	0.07049652389015948	0.07040147420189317	0.07085250520749405	0.0705223818594547	0.0704906968106732	0.043731160277148226	0.07139832854545539	0.07140280157802842	0.07171104966072477	0.07174146005458903	0.07178739985002722	0.07176809906633375	0.07274247988660701	0.05593251899658897	0.07073223027386133	0.0730804589961793	0.07182768885667987	0.04290989285384133	0.042518567733020415	0.04233489047544687	0.0422345602232465	0.04221951606787834	0.0430556981334895	0.04295822899621934	0.04291561054516699	0.04347499810553268	0.043264106192320566	0.04367561638096548	0.04292825424890513	0.041941509876527526	0.04284013850152988	0.04262820780160256	0.04300312333846468	0.04331200011746998	0.04340280316864279	0.04298267248514269	0.04635068875129471	0.04404733951783535	0.04008231742492809	0.0427781650290385	0.04196706841982758	0.04070038980245585	0.04052943361292689	0.041476267893394946	0.04180781892101701	0.04137094486386557	0.040121768853280934	0.04025571204770234	0.0456732143037942	0.044470903522223784	0.04418459144629487	0.04438643785578619	0.04393835837725273	0.04504028724092003	0.04537554834926031	0.04454154088743379	0.04416389692196237	0.04375917657883382	0.04337024600939724	0.04668442842991917	0.042121412746815926	0.04335428310964106	0.04199460397622287	0.0426992746809843	0.03952999742798839	0.03952999742798839	0.039825867922557316	0.042686466406289716	0.04547924096965506	0.04562073704267428	0.04267676458961073	0.041332184359897974	0.043240223666579966	0.0460550099653771	0.04414867234381947	0.042890312733231545	0.041971558524676406	0.04273083800091215	0.03960296384415002	0.04227999754621204	0.04115265503350005	0.049423653893808144
R355	243507	0.02348411871341386	0.0012148693508656633	0.0006949036836367273	0.0014330747859071815	0.0003962117358171635	0.0017498087393178641	0.001173187969563913	0.001719665995344215	0.0004920620666687732	0.00023100204814963105	0.002694576948491503	0.0	0.00033010182947761617	0.00018516535015809164	0.002103846162859425	0.0036921920057243172	0.001013897578474804	0.001173187969563913	0.0008609160560343403	0.0016119008767589032	0.001011685260686979	0.00029404857740276534	0.0010537738587479682	0.0006197600376675338	0.06441270553684131	0.001440214867893579	0.00038473627225281415	0.001107314606099869	0.000962031064567409	0.0010688350355723302	0.001000686037000657	0.0010456127746949389	0.0009782831886158182	0.0010790960063475916	0.0010387708792548819	0.00027520996169953983	0.06880676242935145	0.006044139732018893	0.0024596814032006404	0.001257366766401884	0.0021901818572986117	0.001249352675595103	0.04768418020522698	0.0414177199041936	0.0014438100381318438	0.001485305902596143	0.06994819996947134	0.06766244204968401	0.06874252327009778	0.06909719470168485	0.0687433466332095	0.06944021308085044	0.06925229218249335	0.0691375127978418	0.06927064336491534	0.06932099639432082	0.06921896051000181	0.06936109112380145	0.06911429866697169	0.06923474998578531	0.06900838869842289	0.06911309156339458	0.0692268199946102	0.0680894500081234	0.06758132704073318	0.06751942495312944	0.06772060678038408	0.06809148543773702	0.0679463565506282	0.06818664903831204	0.06809712942770928	0.04297729711652115	0.0681158620348114	0.06820743906597587	0.06800270454796535	0.06802725155255916	0.06793220186429286	0.06838323286989373	0.06805310952185437	0.06802142447307288	0.04126188793954791	0.06892905620785506	0.06893352924042809	0.06924177732312445	0.06927218771698872	0.06931812751242689	0.06929882672873341	0.0702732075490067	0.05346324665898865	0.06826295793626101	0.07061118665857899	0.06935841651907955	0.04044062051624101	0.04004929539542009	0.03986561813784655	0.03976528788564618	0.03975024373027802	0.04058642579588918	0.04048895665861901	0.04044633820756667	0.04100572576793236	0.04079483385472025	0.041206344043365165	0.040458981911304814	0.0394722375389272	0.040370866163929556	0.040158935464002246	0.04053385100086436	0.040842727779869664	0.040933530831042474	0.04051340014754237	0.04388141641369439	0.04157806718023503	0.037613045087327775	0.04030889269143818	0.03949779608222726	0.03823111746485553	0.03806016127532657	0.03900699555579463	0.03933854658341669	0.03890167252626525	0.03765249651568062	0.03778643971010202	0.043203941966193884	0.04200163118462347	0.04171531910869455	0.041917165518185875	0.041469086039652416	0.042571014903319715	0.04290627601165999	0.04207226854983347	0.04169462458436205	0.0412899042412335	0.040900973671796924	0.044215156092318846	0.03965214040921561	0.04088501077204074	0.03952533163862255	0.040230002343383975	0.037060725090388075	0.037060725090388075	0.03735659558495699	0.0402171940686894	0.043009968632054744	0.04315146470507396	0.0402074922520104	0.03886291202229765	0.04077095132897965	0.043585737627776774	0.041679400006219156	0.04042104039563123	0.03950228618707609	0.04026156566331183	0.037133691506549694	0.03981072520861172	0.038683382695899736	0.046954381556207826
