R9	243173	0	0.27987254424421987	0.20304496052526727	0.18700352860310993	1.0	0.25779569447561473	0.21785275607984517	0.23509635379684615	1.0	0.2697116340241689	0.25560369895653123	0.2360465343660122	1.0	0.2562292838052111	1.0	1.0	0.25743736959517605	1.0	0.2472499848725881	0.24733243569772811	0.2569565985107442	0.6120042370462423	1.0	0.931277695521677	1.0	1.0	1.0	1.0	1.0	1.0	0.6272018219414789	0.6981731276852006	1.0	0.4455648637675922	1.0	1.0	1.0	1.0	1.0	1.0	1.0	1.0	1.0	1.0	1.0	1.0	1.0	1.0	1.0	1.0	1.0	1.0	1.0	1.0	1.0	1.0	1.0	1.0	1.0	1.0	1.0	1.0	1.0	1.0	1.0	1.0	1.0	0.42090374267944336	1.0	0.3075017908586776	1.0	0.44711558425207537	0.38626267699461203	1.0	0.33927588913865087	1.0	0.356310700394682	0.38626267699461203	0.4516865282384347	0.308308233563732	0.28704036769274377	0.41299519317645017	0.4430958330086699	0.9637974199879754	1.0	1.0	0.6656707315674985	1.0	0.42192257586792775	0.5712901973897453	0.49061268358700183	1.0	0.827323367762209	1.0	1.0	1.0	1.0	0.3163046283252589	1.0	1.0	1.0	1.0	1.0	1.0	1.0	1.0	1.0	1.0	1.0	1.0	0.3756940077895944	1.0	1.0	0.4146276393447485	0.6962539668335606	0.4129951931764502	0.46412967925637577	1.0	1.0	1.0	1.0	1.0	1.0	1.0	1.0	1.0	1.0	1.0	1.0	1.0	1.0	1.0	1.0	1.0	1.0	1.0	1.0	1.0	1.0	0.6656707315674985	0.6656707315674985	0.6656707315674987	0.6656707315674987	0.6656707315674986	0.6656707315674986	1.0	1.0	1.0	1.0	1.0	1.0	1.0	1.0	1.0	1.0	1.0	1.0
R11	243175	0.27987254424421987	0	0.1840686724018908	0.22213398455318706	1.0	0.1060904728908438	0.10620242201882266	0.13113014683595176	1.0	0.12952459869905733	0.11097699255416976	0.12145454080442997	1.0	0.10736239435449171	1.0	1.0	0.08008068593464257	1.0	0.142352339343861	0.07437090635603702	0.12296029872037634	0.6475825272150993	1.0	1.0	1.0	1.0	1.0	1.0	1.0	1.0	0.7195730932925578	0.6475825272150992	1.0	0.5498654584147724	1.0	1.0	1.0	1.0	1.0	1.0	1.0	1.0	1.0	1.0	1.0	1.0	1.0	1.0	1.0	1.0	1.0	1.0	1.0	1.0	1.0	1.0	1.0	1.0	1.0	1.0	1.0	1.0	1.0	1.0	1.0	1.0	1.0	0.5297333113776277	1.0	0.40992475355314273	1.0	0.5240726393067606	0.5240726393067606	1.0	0.4503533352689612	1.0	0.49412066270683064	0.5240726393067606	0.552919920194399	0.2706554869975542	0.37796844818993797	0.5240726393067605	0.5512810646962374	0.9637974199879754	1.0	1.0	0.6475825272150992	1.0	0.5307521445661121	0.5818394328183332	0.5412467837129256	1.0	0.9365418465074646	1.0	1.0	1.0	1.0	0.16611577099722047	1.0	1.0	1.0	1.0	1.0	1.0	1.0	1.0	1.0	1.0	1.0	1.0	0.3594648162656785	1.0	1.0	0.5240726393067604	0.7287563629512624	0.5240726393067606	0.5404568518368583	1.0	1.0	1.0	1.0	1.0	1.0	1.0	1.0	1.0	1.0	1.0	1.0	1.0	1.0	1.0	1.0	1.0	1.0	1.0	1.0	1.0	1.0	0.6475825272150993	0.6475825272150992	0.6475825272150993	0.6475825272150995	0.6475825272150992	0.6475825272150993	1.0	1.0	1.0	1.0	1.0	1.0	1.0	1.0	1.0	1.0	1.0	1.0
R39	243203	0.20304496052526727	0.1840686724018908	0	0.1447096173601242	1.0	0.17070240642535398	0.17698680041752074	0.20436871240444107	1.0	0.1714231030697914	0.18754507295942355	0.20531889297360711	1.0	0.17334850138217808	1.0	1.0	0.16605037859432212	1.0	0.14832830252754234	0.15690161175469747	0.1567790486090329	0.6036536114005823	1.0	0.9412261939067347	1.0	1.0	1.0	1.0	1.0	1.0	0.6607992871992926	0.6638286398483063	1.0	0.40857584238851147	1.0	1.0	1.0	1.0	1.0	1.0	1.0	1.0	1.0	1.0	1.0	1.0	1.0	1.0	1.0	1.0	1.0	1.0	1.0	1.0	1.0	1.0	1.0	1.0	1.0	1.0	1.0	1.0	1.0	1.0	1.0	1.0	1.0	0.4310648192110969	1.0	0.27833003933900063	1.0	0.42083338549734034	0.46288438725409914	1.0	0.3187586210548191	1.0	0.4329324106541692	0.4310648192110969	0.4502171982866166	0.2333869856669141	0.29934638959953475	0.42429749313562076	0.4485783427884551	0.9637974199879754	1.0	1.0	0.6038509265794033	1.0	0.4628843872540991	0.539311739358275	0.43177673572966707	1.0	0.8777680404141993	1.0	1.0	1.0	1.0	0.2254844398952391	1.0	1.0	1.0	1.0	1.0	1.0	1.0	1.0	1.0	1.0	1.0	1.0	0.333531868678548	1.0	1.0	0.4242974931356206	0.7004009025465404	0.4242974931356207	0.46610959033379784	1.0	1.0	1.0	1.0	1.0	1.0	1.0	1.0	1.0	1.0	1.0	1.0	1.0	1.0	1.0	1.0	1.0	1.0	1.0	1.0	1.0	1.0	0.6036536114005822	0.6036536114005822	0.6036536114005825	0.6036536114005824	0.6354731794435845	0.6036536114005824	1.0	1.0	1.0	1.0	1.0	1.0	1.0	1.0	1.0	1.0	1.0	1.0
R42	243206	0.18700352860310993	0.22213398455318706	0.1447096173601242	0	1.0	0.1886912967575897	0.19402334858764975	0.21237951908403443	1.0	0.1877540595674471	0.20297709462716293	0.21728527814647883	1.0	0.19040357511631892	1.0	1.0	0.18869129675758986	1.0	0.17191562031475266	0.18869129675758992	0.17627570678084684	0.5166387738280441	1.0	0.9650702517981051	1.0	1.0	1.0	1.0	1.0	1.0	0.6527569933937408	0.6812959546671437	1.0	0.3839919568258221	1.0	1.0	1.0	1.0	1.0	1.0	1.0	1.0	1.0	1.0	1.0	1.0	1.0	1.0	1.0	1.0	1.0	1.0	1.0	1.0	1.0	1.0	1.0	1.0	1.0	1.0	1.0	1.0	1.0	1.0	1.0	1.0	1.0	0.485587218551774	1.0	0.3714393327981562	1.0	0.5190299063473713	0.5081342740639669	1.0	0.41186791451397464	1.0	0.47818229746403684	0.48558721855177417	0.4957138561367581	0.2846497872892505	0.3607774085569412	0.5081342740639669	0.4940750006385966	0.9637974199879754	1.0	1.0	0.6253062113593534	1.0	0.5081342740639668	0.5806231120684824	0.5081342740639668	1.0	0.9016120983055698	1.0	1.0	1.0	1.0	0.2493580348912799	1.0	1.0	1.0	1.0	1.0	1.0	1.0	1.0	1.0	1.0	1.0	1.0	0.3383491055599148	1.0	1.0	0.5081342740639668	0.6953136751556652	0.5081342740639669	0.5190299063473715	1.0	1.0	1.0	1.0	1.0	1.0	1.0	1.0	1.0	1.0	1.0	1.0	1.0	1.0	1.0	1.0	1.0	1.0	1.0	1.0	1.0	1.0	0.6253062113593533	0.6253062113593534	0.6253062113593535	0.6253062113593535	0.6478532668715463	0.6253062113593534	1.0	1.0	1.0	1.0	1.0	1.0	1.0	1.0	1.0	1.0	1.0	1.0
R44	243208	1.0	1.0	1.0	1.0	0	1.0	1.0	1.0	0.23419768535282182	1.0	1.0	1.0	0.22062115480436081	1.0	0.27056807400233757	0.27028860445771513	1.0	1.0	1.0	1.0	1.0	1.0	1.0	1.0	0.2141069498144557	0.23851201217555257	0.2367435384965466	0.22537811365364033	0.16567603831588945	0.18284515434727333	1.0	0.8816544548096208	0.12348287817769545	1.0	0.935546907803015	1.0	0.945566454051047	1.0	1.0	0.9630887171678951	1.0	1.0	1.0	1.0	1.0	1.0	1.0	1.0	1.0	1.0	1.0	1.0	1.0	1.0	1.0	0.21888375752304423	0.16560944985407752	0.10765459872741233	0.11340270409697792	1.0	1.0	1.0	0.13705748053321878	0.1838480092558447	0.4374709331045312	0.1384720757154885	1.0	1.0	0.42984353895994093	1.0	0.5540388179969564	1.0	1.0	0.21110355832593952	1.0	0.35628578329134286	1.0	1.0	1.0	1.0	1.0	1.0	1.0	0.35628578329134286	0.22920323190949377	0.30798230011535727	1.0	0.35628578329134286	1.0	1.0	1.0	0.2055599836043934	0.719325245217803	1.0	0.8558962241433727	0.3562857832913428	0.5540388179969565	1.0	0.7193252452178034	0.6494153889925185	0.7193252452178033	0.7193252452178032	0.7193252452178033	0.7193252452178033	0.7193252452178033	0.719325245217803	0.5540388179969565	0.719325245217803	0.7193252452178033	0.7193252452178032	1.0	0.5033047264942339	0.6257281348682775	1.0	0.6036954095378704	1.0	1.0	0.7193252452178032	0.7193252452178032	1.0	0.7193252452178033	0.7193252452178032	0.7193252452178032	1.0	1.0	1.0	1.0	1.0	0.838837503277016	1.0	0.9227721026265594	1.0	0.5661001355439518	0.4567362488943603	0.29699955849582005	1.0	0.2740932237838362	0.719325245217803	0.6621839951450486	1.0	1.0	1.0	1.0	1.0	1.0	0.48950346880614715	0.3184862617149959	0.3583240028759831	0.40639505195417397	0.2771735212453103	1.0	0.26435921370597915	0.36771820092669627	0.36431694353396094	0.44115047006046737	0.34509203428918506	0.3460476594627278
R65	243227	0.25779569447561473	0.1060904728908438	0.17070240642535398	0.1886912967575897	1.0	0	0.06950594467658924	0.07719414192257437	1.0	0.07217192068449892	0.04236260311344126	0.11088604933629526	1.0	0.07878068462404676	1.0	1.0	0.04969948447404272	1.0	0.12007741265190314	0.05034814738204136	0.08575229462617988	0.6427883811245547	1.0	1.0	1.0	1.0	1.0	1.0	1.0	1.0	0.7195730932925578	0.6796129679680588	1.0	0.5481300230169459	1.0	1.0	1.0	1.0	1.0	1.0	1.0	1.0	1.0	1.0	1.0	1.0	1.0	1.0	1.0	1.0	1.0	1.0	1.0	1.0	1.0	1.0	1.0	1.0	1.0	1.0	1.0	1.0	1.0	1.0	1.0	1.0	1.0	0.5297040395653126	1.0	0.4179706068637013	1.0	0.5665286264088166	0.5297040395653129	1.0	0.45598473552751345	1.0	0.4997520629653827	0.5316585212867155	0.5481257741038543	0.3148918249943496	0.3947385277992772	0.5297040395653129	0.5464869186056928	0.9637974199879754	1.0	1.0	0.6427883811245544	1.0	0.5297040395653128	0.6138698735712922	0.5364526376223807	1.0	0.9365418465074646	1.0	1.0	1.0	1.0	0.13828922592751217	1.0	1.0	1.0	1.0	1.0	1.0	1.0	1.0	1.0	1.0	1.0	1.0	0.35422626046551914	1.0	1.0	0.5297040395653128	0.6919317761077586	0.5297040395653129	0.5724872925898173	1.0	1.0	1.0	1.0	1.0	1.0	1.0	1.0	1.0	1.0	1.0	1.0	1.0	1.0	1.0	1.0	1.0	1.0	1.0	1.0	1.0	1.0	0.6427883811245548	0.6427883811245546	0.6427883811245547	0.6427883811245548	0.6427883811245547	0.6427883811245549	1.0	1.0	1.0	1.0	1.0	1.0	1.0	1.0	1.0	1.0	1.0	1.0
R67	243229	0.21785275607984517	0.10620242201882266	0.17698680041752074	0.19402334858764975	1.0	0.06950594467658924	0	0.07391098771233386	1.0	0.12088840877008487	0.08920983705931652	0.07435827917977239	1.0	0.09331010214719952	1.0	1.0	0.06807092734430775	1.0	0.13397514581100897	0.05913165297221741	0.08639542270286914	0.6488264020490562	1.0	1.0	1.0	1.0	1.0	1.0	1.0	1.0	0.7195730932925579	0.6866280064972036	1.0	0.5551450615460909	1.0	1.0	1.0	1.0	1.0	1.0	1.0	1.0	1.0	1.0	1.0	1.0	1.0	1.0	1.0	1.0	1.0	1.0	1.0	1.0	1.0	1.0	1.0	1.0	1.0	1.0	1.0	1.0	1.0	1.0	1.0	1.0	1.0	0.5290107598166711	1.0	0.42284819393779033	1.0	0.5714062134829058	0.5290107598166711	1.0	0.45529145577887176	1.0	0.499058783216741	0.5365361083608047	0.5495699458102683	0.3123531223242075	0.3953379192909849	0.5290107598166712	0.5489590617681172	0.9637974199879754	1.0	1.0	0.6442325528309686	1.0	0.5290107598166712	0.6208849121004373	0.537896809328795	1.0	0.9365418465074644	1.0	1.0	1.0	1.0	0.15028616774653578	1.0	1.0	1.0	1.0	1.0	1.0	1.0	1.0	1.0	1.0	1.0	1.0	0.35422626046551925	1.0	1.0	0.5290107598166711	0.6863609092850277	0.5290107598166711	0.5795023311189624	1.0	1.0	1.0	1.0	1.0	1.0	1.0	1.0	1.0	1.0	1.0	1.0	1.0	1.0	1.0	1.0	1.0	1.0	1.0	1.0	1.0	1.0	0.6442325528309687	0.6442325528309686	0.6442325528309689	0.6442325528309688	0.6442325528309687	0.6442325528309688	1.0	1.0	1.0	1.0	1.0	1.0	1.0	1.0	1.0	1.0	1.0	1.0
R68	243230	0.23509635379684615	0.13113014683595176	0.20436871240444107	0.21237951908403443	1.0	0.07719414192257437	0.07391098771233386	0	1.0	0.05856316649583485	0.06020176299710497	0.06596937990876954	1.0	0.09220315963607291	1.0	1.0	0.08147937613791936	1.0	0.1584870087004116	0.10594226611359328	0.12400085607331984	0.6656200483645832	1.0	1.0	1.0	1.0	1.0	1.0	1.0	1.0	0.7195730932925578	0.7034216528127307	1.0	0.5719387078616179	1.0	1.0	1.0	1.0	1.0	1.0	1.0	1.0	1.0	1.0	1.0	1.0	1.0	1.0	1.0	1.0	1.0	1.0	1.0	1.0	1.0	1.0	1.0	1.0	1.0	1.0	1.0	1.0	1.0	1.0	1.0	1.0	1.0	0.5611194690051095	1.0	0.45163691284278845	1.0	0.6001949323879038	0.5611194690051095	1.0	0.48740016496731003	1.0	0.5311674924051795	0.5653248272658026	0.569683582409236	0.317754301225596	0.4311371145895507	0.5611194690051095	0.5680447269110743	0.9637974199879754	1.0	1.0	0.6643461894299363	1.0	0.5611194690051093	0.6376785584159643	0.5611194690051095	1.0	0.9365418465074646	1.0	1.0	1.0	1.0	0.17507303275091457	1.0	1.0	1.0	1.0	1.0	1.0	1.0	1.0	1.0	1.0	1.0	1.0	0.33356675266829916	1.0	1.0	0.5611194690051095	0.6896808995684682	0.5611194690051095	0.6001949323879038	1.0	1.0	1.0	1.0	1.0	1.0	1.0	1.0	1.0	1.0	1.0	1.0	1.0	1.0	1.0	1.0	1.0	1.0	1.0	1.0	1.0	1.0	0.6643461894299363	0.6643461894299362	0.6643461894299363	0.6643461894299363	0.6643461894299362	0.6643461894299364	1.0	1.0	1.0	1.0	1.0	1.0	1.0	1.0	1.0	1.0	1.0	1.0
R70	243232	1.0	1.0	1.0	1.0	0.23419768535282182	1.0	1.0	1.0	0	1.0	1.0	1.0	0.2283134422093471	1.0	0.1100721185613705	0.09156765005552372	1.0	1.0	1.0	1.0	1.0	1.0	1.0	1.0	0.273425736218863	0.25579127878813773	0.2461049772505204	0.25818317564261045	0.27225667331701336	0.27911764885345974	1.0	0.8816544548096206	0.27413249312170984	1.0	0.935546907803015	1.0	0.9455664540510472	1.0	1.0	0.9630887171678949	1.0	1.0	1.0	1.0	1.0	1.0	1.0	1.0	1.0	1.0	1.0	1.0	1.0	1.0	1.0	0.21340742531866017	0.3245611045714306	0.1921072704549968	0.20525754493456197	1.0	1.0	1.0	0.2229867222024038	0.2557011698018663	0.4804320247704067	0.20129663651882354	1.0	1.0	0.5581506693294688	1.0	0.5423448272919474	1.0	1.0	0.262650120985897	1.0	0.447061914785412	1.0	1.0	1.0	1.0	1.0	1.0	1.0	0.43038199210695677	0.22982585983810985	0.2694154532964727	1.0	0.43038199210695655	1.0	1.0	1.0	0.2291786154490218	0.7298134780640445	1.0	0.8558962241433726	0.43038199210695655	0.5423448272919473	1.0	0.7298134780640445	0.65990362183876	0.7298134780640445	0.7298134780640445	0.7298134780640445	0.7298134780640445	0.7298134780640445	0.7298134780640445	0.5423448272919476	0.7298134780640445	0.7298134780640445	0.7298134780640445	1.0	0.5581506693294687	0.6538686438698261	1.0	0.6038215509427302	1.0	1.0	0.7298134780640445	0.7298134780640445	1.0	0.7298134780640445	0.7298134780640445	0.7298134780640445	1.0	1.0	1.0	1.0	1.0	0.8388375032770157	1.0	0.9227721026265594	1.0	0.5111422979877871	0.4224984798098357	0.3224314248674117	1.0	0.262440887542176	0.7298134780640444	0.6915465999674067	1.0	1.0	1.0	1.0	1.0	1.0	0.4915287415880111	0.3037193695897707	0.3701564154896852	0.4139056230654594	0.313342875958059	1.0	0.31766921093246586	0.43761180323089727	0.3197296369827044	0.4559056094481797	0.4129187602528077	0.3789696832596758
R75	243237	0.2697116340241689	0.12952459869905733	0.1714231030697914	0.1877540595674471	1.0	0.07217192068449892	0.12088840877008487	0.05856316649583485	1.0	0	0.05467129308280245	0.10936892949734588	1.0	0.08507686974834701	1.0	1.0	0.07674006618521742	1.0	0.1645121376356856	0.10977804935083789	0.120782063934393	0.6403205368086182	1.0	1.0	1.0	1.0	1.0	1.0	1.0	1.0	0.7195730932925579	0.6992091894414906	1.0	0.5426034680082912	1.0	1.0	1.0	1.0	1.0	1.0	1.0	1.0	1.0	1.0	1.0	1.0	1.0	1.0	1.0	1.0	1.0	1.0	1.0	1.0	1.0	1.0	1.0	1.0	1.0	1.0	1.0	1.0	1.0	1.0	1.0	1.0	1.0	0.5355434812218507	1.0	0.4213955954682329	1.0	0.5654732855197633	0.5645023295568107	1.0	0.46182417718405155	1.0	0.5345503529568808	0.5355434812218509	0.5456579297879177	0.2932424441328821	0.4040580644494236	0.5645023295568108	0.5440190742897563	0.9637974199879754	1.0	1.0	0.6403205368086181	1.0	0.5645023295568106	0.6334660950447243	0.5645023295568108	1.0	0.9365418465074646	1.0	1.0	1.0	1.0	0.169823449890025	1.0	1.0	1.0	1.0	1.0	1.0	1.0	1.0	1.0	1.0	1.0	1.0	0.3335667526682992	1.0	1.0	0.5645023295568106	0.6988265586533501	0.5645023295568107	0.5654732855197633	1.0	1.0	1.0	1.0	1.0	1.0	1.0	1.0	1.0	1.0	1.0	1.0	1.0	1.0	1.0	1.0	1.0	1.0	1.0	1.0	1.0	1.0	0.6403205368086181	0.6403205368086182	0.6403205368086183	0.6403205368086182	0.6692793851435782	0.6403205368086183	1.0	1.0	1.0	1.0	1.0	1.0	1.0	1.0	1.0	1.0	1.0	1.0
R76	243238	0.25560369895653123	0.11097699255416976	0.18754507295942355	0.20297709462716293	1.0	0.04236260311344126	0.08920983705931652	0.06020176299710497	1.0	0.05467129308280245	0	0.10432665845150195	1.0	0.0652076705306181	1.0	1.0	0.04856770990425346	1.0	0.13490681129009072	0.06977787832756407	0.10079945102280571	0.6517849680900657	1.0	1.0	1.0	1.0	1.0	1.0	1.0	1.0	0.7195730932925578	0.689586572538213	1.0	0.5581036275871004	1.0	1.0	1.0	1.0	1.0	1.0	1.0	1.0	1.0	1.0	1.0	1.0	1.0	1.0	1.0	1.0	1.0	1.0	1.0	1.0	1.0	1.0	1.0	1.0	1.0	1.0	1.0	1.0	1.0	1.0	1.0	1.0	1.0	0.533129780776725	1.0	0.4257522159147723	1.0	0.5743102354598877	0.533129780776725	1.0	0.4594104767389258	1.0	0.5031778041767949	0.5394401303377865	0.5537435108343501	0.3051699088545516	0.4141032450517998	0.533129780776725	0.5521046553361887	0.9637974199879754	1.0	1.0	0.6484061178550503	1.0	0.533129780776725	0.6238434781414468	0.5420703743528767	1.0	0.9365418465074644	1.0	1.0	1.0	1.0	0.1452390510355206	1.0	1.0	1.0	1.0	1.0	1.0	1.0	1.0	1.0	1.0	1.0	1.0	0.33685235537500896	1.0	1.0	0.533129780776725	0.6875759082680999	0.533129780776725	0.582460897159972	1.0	1.0	1.0	1.0	1.0	1.0	1.0	1.0	1.0	1.0	1.0	1.0	1.0	1.0	1.0	1.0	1.0	1.0	1.0	1.0	1.0	1.0	0.6484061178550504	0.6484061178550504	0.6484061178550505	0.6484061178550505	0.6484061178550504	0.6484061178550506	1.0	1.0	1.0	1.0	1.0	1.0	1.0	1.0	1.0	1.0	1.0	1.0
R81	243243	0.2360465343660122	0.12145454080442997	0.20531889297360711	0.21728527814647883	1.0	0.11088604933629526	0.07435827917977239	0.06596937990876954	1.0	0.10936892949734588	0.10432665845150195	0	1.0	0.10774264846256354	1.0	1.0	0.08748254785056551	1.0	0.1776114892565493	0.10880758726736062	0.10721079134457227	0.6736062802519411	1.0	1.0	1.0	1.0	1.0	1.0	1.0	1.0	0.719573093292558	0.7098899360560323	1.0	0.57840699110492	1.0	1.0	1.0	1.0	1.0	1.0	1.0	1.0	1.0	1.0	1.0	1.0	1.0	1.0	1.0	1.0	1.0	1.0	1.0	1.0	1.0	1.0	1.0	1.0	1.0	1.0	1.0	1.0	1.0	1.0	1.0	1.0	1.0	0.5648614571529782	1.0	0.4525870934119542	1.0	0.6011451129570696	0.5648614571529782	1.0	0.491142153115179	1.0	0.5349094805530481	0.5662750078349686	0.5789436732312405	0.30960943412220193	0.4197367915284188	0.5648614571529782	0.5773048177330792	0.9637974199879754	1.0	1.0	0.673606280251941	1.0	0.5648614571529783	0.6441468416592663	0.5672705367497674	1.0	0.9365418465074646	1.0	1.0	1.0	1.0	0.1927569441365832	1.0	1.0	1.0	1.0	1.0	1.0	1.0	1.0	1.0	1.0	1.0	1.0	0.3343516942310113	1.0	1.0	0.5648614571529782	0.6924727071471709	0.5648614571529782	0.6027642606777913	1.0	1.0	1.0	1.0	1.0	1.0	1.0	1.0	1.0	1.0	1.0	1.0	1.0	1.0	1.0	1.0	1.0	1.0	1.0	1.0	1.0	1.0	0.673606280251941	0.673606280251941	0.6736062802519411	0.6736062802519411	0.6736062802519411	0.6736062802519411	1.0	1.0	1.0	1.0	1.0	1.0	1.0	1.0	1.0	1.0	1.0	1.0
R94	243256	1.0	1.0	1.0	1.0	0.22062115480436081	1.0	1.0	1.0	0.2283134422093471	1.0	1.0	1.0	0	1.0	0.28091988313495014	0.26486473997716276	1.0	1.0	1.0	1.0	1.0	1.0	1.0	1.0	0.27746461118441684	0.2719427115583444	0.2551037777731142	0.26949881361043015	0.2828107468241017	0.29044479564019804	1.0	0.8816544548096208	0.26618956801772004	1.0	0.935546907803015	1.0	0.9455664540510472	1.0	1.0	0.9630887171678949	1.0	1.0	1.0	1.0	1.0	1.0	1.0	1.0	1.0	1.0	1.0	1.0	1.0	1.0	1.0	0.14029315348950644	0.2614270050047245	0.17966279979359454	0.2004758974381634	1.0	1.0	1.0	0.20783133911881324	0.17508863505955727	0.45945910927091527	0.2097172894176303	1.0	1.0	0.39986795089586635	1.0	0.5938278880603304	1.0	1.0	0.2376286974296102	1.0	0.2550265698679943	1.0	1.0	1.0	1.0	1.0	1.0	1.0	0.23986383931611052	0.16947929911565407	0.2590017522326881	1.0	0.23986383931611036	1.0	1.0	1.0	0.13518186288184447	0.6975011864653139	1.0	0.8558962241433724	0.23986383931611044	0.5938278880603305	1.0	0.6975011864653141	0.6275913302400297	0.6975011864653141	0.697501186465314	0.6975011864653142	0.6975011864653141	0.6975011864653141	0.6975011864653141	0.5938278880603305	0.6975011864653141	0.6975011864653141	0.6975011864653141	1.0	0.47773942196336466	0.6853782066187342	1.0	0.6257412255438652	1.0	1.0	0.697501186465314	0.6975011864653142	1.0	0.6975011864653141	0.6975011864653141	0.6975011864653139	1.0	1.0	1.0	1.0	1.0	0.8388375032770158	1.0	0.9227721026265594	1.0	0.6013578376999053	0.3762392446341183	0.23155856412012976	1.0	0.38613402425358506	0.697501186465314	0.6403599363925595	1.0	1.0	1.0	1.0	1.0	1.0	0.5609851733872634	0.33859047021457106	0.3879416750959897	0.46666465376700833	0.3051042295726241	1.0	0.14107015800940245	0.42648308040407656	0.34644452126460573	0.4872227748867769	0.4121351061714061	0.3863735838617819
R96	243258	0.2562292838052111	0.10736239435449171	0.17334850138217808	0.19040357511631892	1.0	0.07878068462404676	0.09331010214719952	0.09220315963607291	1.0	0.08507686974834701	0.0652076705306181	0.10774264846256354	1.0	0	1.0	1.0	0.046253678918002694	1.0	0.09133985738273301	0.07090426068345215	0.10083208718107269	0.6418712981525949	1.0	1.0	1.0	1.0	1.0	1.0	1.0	1.0	0.7195730932925578	0.6796729026007421	1.0	0.5481899576496295	1.0	1.0	1.0	1.0	1.0	1.0	1.0	1.0	1.0	1.0	1.0	1.0	1.0	1.0	1.0	1.0	1.0	1.0	1.0	1.0	1.0	1.0	1.0	1.0	1.0	1.0	1.0	1.0	1.0	1.0	1.0	1.0	1.0	0.5268972112351463	1.0	0.4164641308259811	1.0	0.5650221503710965	0.5268972112351463	1.0	0.453177907197347	1.0	0.49694523463521617	0.5301520452489954	0.5468853564440914	0.29383081663520033	0.4005322583232342	0.5268972112351463	0.54524650094593	0.9637974199879754	1.0	1.0	0.6415479634647918	1.0	0.5268972112351462	0.6139298082039759	0.5352122199626183	1.0	0.9365418465074646	1.0	1.0	1.0	1.0	0.14131667502396145	1.0	1.0	1.0	1.0	1.0	1.0	1.0	1.0	1.0	1.0	1.0	1.0	0.33356675266829927	1.0	1.0	0.5268972112351463	0.6906314238153122	0.5268972112351461	0.5725472272225011	1.0	1.0	1.0	1.0	1.0	1.0	1.0	1.0	1.0	1.0	1.0	1.0	1.0	1.0	1.0	1.0	1.0	1.0	1.0	1.0	1.0	1.0	0.6415479634647919	0.6415479634647919	0.6415479634647919	0.6415479634647918	0.6415479634647918	0.6415479634647919	1.0	1.0	1.0	1.0	1.0	1.0	1.0	1.0	1.0	1.0	1.0	1.0
R104	243266	1.0	1.0	1.0	1.0	0.27056807400233757	1.0	1.0	1.0	0.1100721185613705	1.0	1.0	1.0	0.28091988313495014	1.0	0	0.04246355296076897	1.0	1.0	1.0	1.0	1.0	1.0	1.0	1.0	0.29405176498427354	0.26666238495059813	0.2554401289348127	0.3048745895225321	0.3214051489860172	0.3259762703492169	1.0	0.8816544548096208	0.320991114617467	1.0	0.935546907803015	1.0	0.9455664540510472	1.0	1.0	0.9630887171678949	1.0	1.0	1.0	1.0	1.0	1.0	1.0	1.0	1.0	1.0	1.0	1.0	1.0	1.0	1.0	0.24845338155166125	0.3714197260671878	0.22767501486963573	0.25211616643031903	1.0	1.0	1.0	0.2597948907304415	0.2752708419764281	0.499849828808029	0.24815525801458072	1.0	1.0	0.5651959668405143	1.0	0.5214948688080382	1.0	1.0	0.30461771926878006	1.0	0.4541072122964575	1.0	1.0	1.0	1.0	1.0	1.0	1.0	0.44772711667948717	0.2471709844106404	0.28947120383219527	1.0	0.44772711667948706	1.0	1.0	1.0	0.27504618692514565	0.7185226009829263	1.0	0.8558962241433726	0.44772711667948706	0.5214948688080382	1.0	0.7185226009829263	0.6596801371892281	0.7185226009829263	0.7185226009829263	0.7185226009829264	0.7185226009829263	0.7185226009829263	0.7185226009829263	0.5214948688080382	0.7185226009829263	0.7185226009829263	0.7185226009829263	1.0	0.5651959668405144	0.6538686438698259	1.0	0.6255542687864626	1.0	1.0	0.7185226009829263	0.7185226009829263	1.0	0.7185226009829263	0.7185226009829263	0.7185226009829264	1.0	1.0	1.0	1.0	1.0	0.838837503277016	1.0	0.9227721026265594	1.0	0.5015832165849959	0.4409502934606883	0.3407675994595756	1.0	0.23427626837618437	0.7185226009829263	0.680230663253425	1.0	1.0	1.0	1.0	1.0	1.0	0.5273939152831996	0.3505779910855278	0.4127877546419311	0.4394697676853025	0.33838496770353005	1.0	0.3247145084435116	0.4843048212902207	0.34103078145375626	0.4974837293714545	0.4409309222523231	0.4254467075593844
R109	243271	1.0	1.0	1.0	1.0	0.27028860445771513	1.0	1.0	1.0	0.09156765005552372	1.0	1.0	1.0	0.26486473997716276	1.0	0.04246355296076897	0	1.0	1.0	1.0	1.0	1.0	1.0	1.0	1.0	0.288860848873453	0.2614714688397775	0.24325617414574066	0.29968367341171154	0.31621423287519657	0.3256968008045945	1.0	0.8816544548096206	0.32071164507284466	1.0	0.935546907803015	1.0	0.9455664540510472	1.0	1.0	0.9630887171678947	1.0	1.0	1.0	1.0	1.0	1.0	1.0	1.0	1.0	1.0	1.0	1.0	1.0	1.0	1.0	0.22552762122685305	0.37114025652256544	0.22040250664676192	0.25183669688569676	1.0	1.0	1.0	0.25951542118581916	0.27499137243180577	0.4958405714847819	0.24787578846995834	1.0	1.0	0.5579234586176406	1.0	0.5121807246854803	1.0	1.0	0.3043382497241578	1.0	0.4468347040735839	1.0	1.0	1.0	1.0	1.0	1.0	1.0	0.42480135635467914	0.2242452240858322	0.26118665921102874	1.0	0.42480135635467886	1.0	1.0	1.0	0.25415837878205694	0.7115295623046748	1.0	0.8558962241433726	0.42480135635467886	0.5121807246854801	1.0	0.711529562304675	0.6480459781316441	0.7115295623046749	0.7115295623046748	0.7115295623046749	0.7115295623046749	0.7115295623046748	0.7115295623046749	0.5121807246854804	0.7115295623046749	0.7115295623046749	0.7115295623046748	1.0	0.5579234586176406	0.653868643869826	1.0	0.6160017018409317	1.0	1.0	0.7115295623046748	0.711529562304675	1.0	0.7115295623046749	0.7115295623046748	0.7115295623046749	1.0	1.0	1.0	1.0	1.0	0.8388375032770158	1.0	0.9227721026265594	1.0	0.4992621111406893	0.4136628823011697	0.3404881299149533	1.0	0.25878444286957236	0.7115295623046747	0.6738694876312591	1.0	1.0	1.0	1.0	1.0	1.0	0.521014464193892	0.3502985215409055	0.4125082850973088	0.4438314185200128	0.33810549815890767	1.0	0.3174420002206377	0.48402535174559824	0.33717953860702404	0.49720425982683225	0.44065145270770073	0.4251672380147621
R115	243277	0.25743736959517605	0.08008068593464257	0.16605037859432212	0.18869129675758986	1.0	0.04969948447404272	0.06807092734430775	0.08147937613791936	1.0	0.07674006618521742	0.04856770990425346	0.08748254785056551	1.0	0.046253678918002694	1.0	1.0	0	1.0	0.10821150647999507	0.03615133909438372	0.08179103596207138	0.6375176605693182	1.0	1.0	1.0	1.0	1.0	1.0	1.0	1.0	0.7195730932925579	0.6753192650174653	1.0	0.5438363200663529	1.0	1.0	1.0	1.0	1.0	1.0	1.0	1.0	1.0	1.0	1.0	1.0	1.0	1.0	1.0	1.0	1.0	1.0	1.0	1.0	1.0	1.0	1.0	1.0	1.0	1.0	1.0	1.0	1.0	1.0	1.0	1.0	1.0	0.51659405359422	1.0	0.4133185790326694	1.0	0.5618765985777849	0.5165940535942202	1.0	0.4445658362338737	1.0	0.48664207699428996	0.5270064934556836	0.5353741130132003	0.2815850300715367	0.3928711463052054	0.5165940535942198	0.537650320288379	0.9637974199879753	1.0	1.0	0.6300367200339007	1.0	0.5165940535942198	0.6095761706206991	0.523700976531727	1.0	0.9365418465074644	1.0	1.0	1.0	1.0	0.12038477173646302	1.0	1.0	1.0	1.0	1.0	1.0	1.0	1.0	1.0	1.0	1.0	1.0	0.33356675266829927	1.0	1.0	0.5165940535942198	0.6834738179676978	0.51659405359422	0.5681935896392244	1.0	1.0	1.0	1.0	1.0	1.0	1.0	1.0	1.0	1.0	1.0	1.0	1.0	1.0	1.0	1.0	1.0	1.0	1.0	1.0	1.0	1.0	0.6300367200339009	0.6300367200339008	0.6300367200339009	0.6300367200339008	0.6300367200339008	0.6300367200339009	1.0	1.0	1.0	1.0	1.0	1.0	1.0	1.0	1.0	1.0	1.0	1.0
R128	243289	1.0	1.0	1.0	1.0	1.0	1.0	1.0	1.0	1.0	1.0	1.0	1.0	1.0	1.0	1.0	1.0	1.0	0	1.0	1.0	1.0	1.0	0.2543446813149763	0.2483318790198095	1.0	1.0	1.0	1.0	1.0	1.0	0.5199267392295057	1.0	1.0	0.8873767558913307	0.2348742846148065	0.22687698039295118	0.11018530001895459	0.12003194426787454	0.16782647607048382	0.2116813498647816	0.18417762008057323	0.29135299418381355	0.06560699664822531	0.1304059610984517	0.12897553327867864	0.35454568200065617	0.1839029302532708	0.14037494039862491	0.15412632476056673	0.0644168029281301	0.18292212827722093	0.10509855708963407	0.08259110042937555	0.12838319248655414	0.2477939288789759	1.0	1.0	1.0	1.0	0.35454568200065617	0.27573987996713467	1.0	1.0	1.0	1.0	1.0	0.12510914193412315	1.0	1.0	1.0	1.0	1.0	1.0	1.0	1.0	1.0	1.0	1.0	1.0	1.0	1.0	1.0	1.0	1.0	1.0	1.0	0.9653595575743111	1.0	1.0	1.0	1.0	1.0	1.0	0.3356121897413898	1.0	1.0	1.0	1.0	1.0	1.0	1.0	1.0	1.0	1.0	1.0	1.0	0.8933760490366358	1.0	1.0	1.0	1.0	1.0	0.4933476309381544	1.0	1.0	1.0	1.0	1.0	1.0	0.35454568200065606	1.0	1.0	0.9702840552097359	0.4282364871654525	0.3545456820006561	0.35454568200065606	0.35454568200065606	0.35454568200065617	0.35454568200065606	0.3545456820006561	0.35454568200065617	0.4255727105238925	1.0	1.0	1.0	0.5815405536435656	1.0	1.0	1.0	1.0	1.0	1.0	1.0	1.0	1.0	1.0	1.0	1.0	1.0	1.0	0.12919473901180728	1.0	1.0	1.0	1.0	1.0	1.0
R147	243307	0.2472499848725881	0.142352339343861	0.14832830252754234	0.17191562031475266	1.0	0.12007741265190314	0.13397514581100897	0.1584870087004116	1.0	0.1645121376356856	0.13490681129009072	0.1776114892565493	1.0	0.09133985738273301	1.0	1.0	0.10821150647999507	1.0	0	0.10084266329510298	0.15755672847070512	0.6066318827118136	1.0	0.9730033281283388	1.0	1.0	1.0	1.0	1.0	1.0	0.692576421420897	0.6444334871599607	1.0	0.4870375598469065	1.0	1.0	1.0	1.0	1.0	1.0	1.0	1.0	1.0	1.0	1.0	1.0	1.0	1.0	1.0	1.0	1.0	1.0	1.0	1.0	1.0	1.0	1.0	1.0	1.0	1.0	1.0	1.0	1.0	1.0	1.0	1.0	1.0	0.47578087012754816	1.0	0.37224541645257675	1.0	0.5208034359976923	0.4757808701275482	1.0	0.40349267365378105	1.0	0.44582889352761806	0.48593333087559093	0.4777516423974554	0.2707335258216087	0.3584956976080339	0.47578087012754816	0.4797678705592132	0.9637974199879754	1.0	1.0	0.5994109212898167	1.0	0.47578087012754805	0.5516937208915332	0.47578087012754816	1.0	0.9095451746358036	1.0	1.0	1.0	1.0	0.14935702205414517	1.0	1.0	1.0	1.0	1.0	1.0	1.0	1.0	1.0	1.0	1.0	1.0	0.3542262604655193	1.0	1.0	0.47578087012754805	0.6837337970811185	0.47578087012754816	0.5208034359976922	1.0	1.0	1.0	1.0	1.0	1.0	1.0	1.0	1.0	1.0	1.0	1.0	1.0	1.0	1.0	1.0	1.0	1.0	1.0	1.0	1.0	1.0	0.5994109212898168	0.5994109212898168	0.5994109212898168	0.5994109212898168	0.5994109212898169	0.5994109212898169	1.0	1.0	1.0	1.0	1.0	1.0	1.0	1.0	1.0	1.0	1.0	1.0
R189	243349	0.24733243569772811	0.07437090635603702	0.15690161175469747	0.18869129675758992	1.0	0.05034814738204136	0.05913165297221741	0.10594226611359328	1.0	0.10977804935083789	0.06977787832756407	0.10880758726736062	1.0	0.07090426068345215	1.0	1.0	0.03615133909438372	1.0	0.10084266329510298	0	0.07581463151600865	0.6287412133862329	1.0	1.0	1.0	1.0	1.0	1.0	1.0	1.0	0.719573093292558	0.6665428178343803	1.0	0.5350598728832676	1.0	1.0	1.0	1.0	1.0	1.0	1.0	1.0	1.0	1.0	1.0	1.0	1.0	1.0	1.0	1.0	1.0	1.0	1.0	1.0	1.0	1.0	1.0	1.0	1.0	1.0	1.0	1.0	1.0	1.0	1.0	1.0	1.0	0.504595218707475	1.0	0.3944371979521362	1.0	0.5429952174972517	0.4988968342078178	1.0	0.4256844551533405	1.0	0.4689448576078877	0.5081251123751503	0.5277818275242461	0.2799589122350806	0.3658935627676616	0.4988968342078178	0.5288738731052939	0.9637974199879754	1.0	1.0	0.6224444345449462	1.0	0.5056140518959592	0.6007997234376138	0.5161086910427726	1.0	0.9365418465074646	1.0	1.0	1.0	1.0	0.110512031214687	1.0	1.0	1.0	1.0	1.0	1.0	1.0	1.0	1.0	1.0	1.0	1.0	0.3542262604655193	1.0	1.0	0.4988968342078178	0.6846579796618285	0.4988968342078178	0.5594171424561393	1.0	1.0	1.0	1.0	1.0	1.0	1.0	1.0	1.0	1.0	1.0	1.0	1.0	1.0	1.0	1.0	1.0	1.0	1.0	1.0	1.0	1.0	0.6224444345449466	0.6224444345449464	0.6224444345449464	0.6224444345449464	0.6224444345449466	0.6224444345449465	1.0	1.0	1.0	1.0	1.0	1.0	1.0	1.0	1.0	1.0	1.0	1.0
R190	243350	0.2569565985107442	0.12296029872037634	0.1567790486090329	0.17627570678084684	1.0	0.08575229462617988	0.08639542270286914	0.12400085607331984	1.0	0.120782063934393	0.10079945102280571	0.10721079134457227	1.0	0.10083208718107269	1.0	1.0	0.08179103596207138	1.0	0.15755672847070512	0.07581463151600865	0	0.6536258157544462	1.0	1.0	1.0	1.0	1.0	1.0	1.0	1.0	0.7195730932925578	0.6914274202025935	1.0	0.5599444752514809	1.0	1.0	1.0	1.0	1.0	1.0	1.0	1.0	1.0	1.0	1.0	1.0	1.0	1.0	1.0	1.0	1.0	1.0	1.0	1.0	1.0	1.0	1.0	1.0	1.0	1.0	1.0	1.0	1.0	1.0	1.0	1.0	1.0	0.5358188604453897	1.0	0.4289459631333656	1.0	0.577503982678481	0.5358188604453897	1.0	0.46209955640759054	1.0	0.5058668838454596	0.5426338775563798	0.5550796909488018	0.31019231832221256	0.39609566124983003	0.5358188604453897	0.5537584754735071	0.9637974199879754	1.0	1.0	0.649742297969502	1.0	0.5358188604453897	0.6256843258058272	0.5434065544673286	1.0	0.9365418465074644	1.0	1.0	1.0	1.0	0.1615635113376884	1.0	1.0	1.0	1.0	1.0	1.0	1.0	1.0	1.0	1.0	1.0	1.0	0.3050906723918412	1.0	1.0	0.5358188604453897	0.6870712407181712	0.5358188604453897	0.5843017448243523	1.0	1.0	1.0	1.0	1.0	1.0	1.0	1.0	1.0	1.0	1.0	1.0	1.0	1.0	1.0	1.0	1.0	1.0	1.0	1.0	1.0	1.0	0.6497422979695022	0.6497422979695021	0.6497422979695023	0.6497422979695022	0.6497422979695021	0.6497422979695022	1.0	1.0	1.0	1.0	1.0	1.0	1.0	1.0	1.0	1.0	1.0	1.0
R196	243356	0.6120042370462423	0.6475825272150993	0.6036536114005823	0.5166387738280441	1.0	0.6427883811245547	0.6488264020490562	0.6656200483645832	1.0	0.6403205368086182	0.6517849680900657	0.6736062802519411	1.0	0.6418712981525949	1.0	1.0	0.6375176605693182	1.0	0.6066318827118136	0.6287412133862329	0.6536258157544462	0	1.0	1.0	1.0	1.0	1.0	1.0	1.0	1.0	0.7276760476159698	0.6079633609397568	1.0	0.40814560134799166	1.0	1.0	1.0	1.0	1.0	1.0	1.0	1.0	1.0	1.0	1.0	1.0	1.0	1.0	1.0	1.0	1.0	1.0	1.0	1.0	1.0	1.0	1.0	1.0	1.0	1.0	1.0	1.0	1.0	1.0	1.0	1.0	1.0	0.5368238749819324	1.0	0.5402153456385821	1.0	0.5746254794300798	0.5701617564916093	1.0	0.5368238749819323	1.0	0.5703173074972898	0.5397553743079786	0.5368238749819323	0.5106646858753277	0.543152511566709	0.5701617564916094	0.5368238749819322	0.9637974199879754	1.0	1.0	0.29465973984158744	1.0	0.5701617564916094	0.6333202374981121	0.5701617564916094	1.0	0.9365418465074646	1.0	1.0	1.0	1.0	0.6117297849767936	1.0	1.0	1.0	1.0	1.0	1.0	1.0	1.0	1.0	1.0	1.0	1.0	0.7179272657441617	1.0	1.0	0.5701617564916093	0.6909547585031152	0.5701617564916093	0.5746254794300798	1.0	1.0	1.0	1.0	1.0	1.0	1.0	1.0	1.0	1.0	1.0	1.0	1.0	1.0	1.0	1.0	1.0	1.0	1.0	1.0	1.0	1.0	0.5368238749819324	0.5368238749819321	0.5368238749819324	0.5368238749819324	0.5701617564916093	0.5368238749819324	1.0	1.0	1.0	1.0	1.0	1.0	1.0	1.0	1.0	1.0	1.0	1.0
R214	243374	1.0	1.0	1.0	1.0	1.0	1.0	1.0	1.0	1.0	1.0	1.0	1.0	1.0	1.0	1.0	1.0	1.0	0.2543446813149763	1.0	1.0	1.0	1.0	0	0.3205192417099294	1.0	1.0	1.0	1.0	1.0	1.0	0.5200591000128787	1.0	1.0	0.887376755891331	0.2241956533891836	0.2478262200420207	0.25434468131497623	0.20622642282434017	0.2046288880668341	0.2269741529506069	0.23260566742361344	0.3808443397322863	0.25434468131497623	0.302659747788975	0.25434468131497634	0.4440370275491288	0.2342461962485781	0.20462888806683402	0.20462888806683396	0.20462888806683402	0.28123986483564	0.2046288880668341	0.20462888806683407	0.20462888806683407	0.3424850429612376	1.0	1.0	1.0	1.0	0.4440370275491288	0.3957219610751301	1.0	1.0	1.0	1.0	1.0	0.25434468131497623	1.0	1.0	1.0	1.0	1.0	1.0	1.0	1.0	1.0	1.0	1.0	1.0	1.0	1.0	1.0	1.0	1.0	1.0	1.0	0.9653595575743112	1.0	1.0	1.0	1.0	1.0	1.0	0.20345208031376136	1.0	1.0	1.0	1.0	1.0	1.0	1.0	1.0	1.0	1.0	1.0	1.0	0.863991647440855	1.0	1.0	1.0	1.0	1.0	0.4496306730544585	1.0	1.0	1.0	1.0	1.0	1.0	0.3943212343009866	1.0	1.0	0.9702840552097357	0.3943212343009865	0.39432123430098676	0.3943212343009866	0.3943212343009866	0.3943212343009867	0.39432123430098664	0.39432123430098676	0.39432123430098676	0.247694105023652	1.0	1.0	1.0	0.4865586758706526	1.0	1.0	1.0	1.0	1.0	1.0	1.0	1.0	1.0	1.0	1.0	1.0	1.0	1.0	0.2649526374263799	1.0	1.0	1.0	1.0	1.0	1.0
R217	243377	0.931277695521677	1.0	0.9412261939067347	0.9650702517981051	1.0	1.0	1.0	1.0	1.0	1.0	1.0	1.0	1.0	1.0	1.0	1.0	1.0	0.2483318790198095	0.9730033281283388	1.0	1.0	1.0	0.3205192417099294	0	1.0	1.0	1.0	1.0	1.0	1.0	0.4037674720648077	1.0	1.0	0.7967595076832177	0.32157185460896737	0.21468807297282005	0.25813866127167007	0.19869581706552095	0.22672233484287443	0.1756632759365327	0.3398435260239992	0.44701890012723955	0.246814075556157	0.3271376810533308	0.14960527614270705	0.5102115879440821	0.1500300815574961	0.18070718245839998	0.2076128038981634	0.27104189803184614	0.16603915467965358	0.2658961079999464	0.2542836262665842	0.2840490984299801	0.19589490361281317	1.0	1.0	1.0	1.0	0.5102115879440821	0.42988798244690823	1.0	1.0	1.0	1.0	1.0	0.20114006096163226	0.909382751791887	1.0	0.909382751791887	1.0	0.9093827517918868	0.9093827517918868	1.0	0.9093827517918869	1.0	0.909382751791887	0.9093827517918868	0.9093827517918871	0.9276042032335343	0.909382751791887	0.909382751791887	0.9093827517918868	1.0	1.0	1.0	0.9653595575743112	1.0	0.909382751791887	0.9388601641013111	0.9144928016146445	1.0	0.9365418465074646	0.36729391849556725	1.0	1.0	1.0	1.0	1.0	1.0	1.0	1.0	1.0	1.0	1.0	1.0	0.8933760490366358	1.0	1.0	1.0	1.0	1.0	0.49334763093815426	0.909382751791887	1.0	0.909382751791887	0.9093827517918868	1.0	1.0	0.5102115879440821	1.0	1.0	0.9702840552097359	0.5102115879440821	0.5102115879440821	0.5102115879440821	0.510211587944082	0.5102115879440821	0.5102115879440821	0.5102115879440821	0.5102115879440821	0.5102115879440821	1.0	1.0	1.0	0.5815405536435657	1.0	1.0	1.0	1.0	1.0	1.0	1.0	1.0	1.0	1.0	1.0	1.0	1.0	1.0	0.22720618437531606	1.0	1.0	1.0	1.0	1.0	1.0
R220	243380	1.0	1.0	1.0	1.0	0.2141069498144557	1.0	1.0	1.0	0.273425736218863	1.0	1.0	1.0	0.27746461118441684	1.0	0.29405176498427354	0.288860848873453	1.0	1.0	1.0	1.0	1.0	1.0	1.0	1.0	0	0.08105724228732451	0.11592401012955736	0.0853555385179451	0.11268198808190225	0.1917999900242224	1.0	0.8816544548096208	0.17656917342530146	1.0	0.935546907803015	1.0	0.945566454051047	1.0	1.0	0.9630887171678949	1.0	1.0	1.0	1.0	1.0	1.0	1.0	1.0	1.0	1.0	1.0	1.0	1.0	1.0	1.0	0.28374079085169146	0.2599166593265947	0.2242026331304035	0.21177089957173859	1.0	1.0	1.0	0.2174877387750425	0.2158980856151019	0.41876101662820153	0.16718546168525958	1.0	1.0	0.4796873765523527	1.0	0.6044940788953272	1.0	1.0	0.2731876365710333	1.0	0.4029477473710952	1.0	1.0	1.0	1.0	1.0	1.0	1.0	0.4029477473710952	0.27515281571127687	0.3471335486225883	1.0	0.4029477473710952	1.0	1.0	1.0	0.2615742424091096	0.7322890105551454	1.0	0.8242307998922251	0.40294774737109523	0.6044940788953274	1.0	0.7322890105551455	0.6623791543298609	0.7322890105551454	0.7322890105551454	0.7322890105551454	0.7322890105551454	0.7322890105551454	0.7322890105551454	0.6044940788953272	0.7322890105551454	0.7322890105551454	0.7322890105551454	1.0	0.4976988576335862	0.5917129736829624	1.0	0.5460834160395189	1.0	1.0	0.7322890105551455	0.7322890105551454	1.0	0.7322890105551454	0.7322890105551455	0.7322890105551454	1.0	1.0	1.0	1.0	1.0	0.8388375032770157	1.0	0.9227721026265594	1.0	0.6044940788953272	0.46053892463863294	0.2883667998827377	1.0	0.35583367698402907	0.7322890105551455	0.675147760482391	1.0	1.0	1.0	1.0	1.0	1.0	0.4780368564572742	0.2894556515228169	0.3676504647980097	0.4022282410305208	0.2891332352781483	1.0	0.28109285898227154	0.39562845201951313	0.3193685988009255	0.4540563811050863	0.3645849873668717	0.36099388826286916
R223	243383	1.0	1.0	1.0	1.0	0.23851201217555257	1.0	1.0	1.0	0.25579127878813773	1.0	1.0	1.0	0.2719427115583444	1.0	0.26666238495059813	0.2614714688397775	1.0	1.0	1.0	1.0	1.0	1.0	1.0	1.0	0.08105724228732451	0	0.03982855047657898	0.11520796469590912	0.11782986430025776	0.2292847735016309	1.0	0.8816544548096208	0.21719569376552408	1.0	0.935546907803015	1.0	0.9455664540510472	1.0	1.0	0.9630887171678949	1.0	1.0	1.0	1.0	1.0	1.0	1.0	1.0	1.0	1.0	1.0	1.0	1.0	1.0	1.0	0.27821889122561894	0.2759925074068693	0.21288910117700274	0.21564472845017513	1.0	1.0	1.0	0.21032860958167268	0.21912571781390483	0.41889427572634813	0.16708609568779392	1.0	1.0	0.47859040323350854	1.0	0.5864719914739479	1.0	1.0	0.3098231540261812	1.0	0.39248348143995493	1.0	1.0	1.0	1.0	1.0	1.0	1.0	0.39248348143995493	0.2588969174528084	0.3270495101048955	1.0	0.39248348143995476	1.0	1.0	1.0	0.28499318190217765	0.7200585554610943	1.0	0.8558962241433725	0.3924834814399549	0.586471991473948	1.0	0.7200585554610944	0.6501486992358099	0.7200585554610944	0.7200585554610944	0.7200585554610944	0.7200585554610944	0.7200585554610944	0.7200585554610944	0.5864719914739479	0.7200585554610944	0.7200585554610945	0.7200585554610944	1.0	0.48812609276592084	0.6538686438698262	1.0	0.5314689452961647	1.0	1.0	0.7200585554610943	0.7200585554610944	1.0	0.7200585554610944	0.7200585554610943	0.7200585554610943	1.0	1.0	1.0	1.0	1.0	0.8388375032770155	1.0	0.9227721026265594	1.0	0.5977999987776521	0.4389411769322858	0.2950753553507163	1.0	0.3284442969503536	0.7200585554610944	0.6641326870032671	1.0	1.0	1.0	1.0	1.0	1.0	0.4780368564572742	0.28562952929174346	0.3676504647980098	0.4022282410305207	0.29258849218816346	1.0	0.3113753278408611	0.39837401133863287	0.30505893988356175	0.45405638110508617	0.37400117270510613	0.3623073497035544
