R244	243397	0.0	0.03397972208025285	0.0328832627318084	0.03394956474749308	0.03206587427330888	0.03597795266261756	0.03496412640063031	0.03599935826178731	0.03420560796435603	0.03246013637361676	0.036509947918699354	0.03201674685749354	0.03244490242178226	0.0316339136746871	0.03481457978102051	0.029299823389990202	0.0328255820560634	0.03496412640063031	0.033752139861619845	0.03522483764347181	0.03349124447294818	0.03175885975809921	0.03303283145498036	0.03158511136478727	0.03757326868717752	0.03498210476468609	0.03338547661780554	0.03508315446036688	0.03397768849489256	0.03593172504309881	0.03533536744901515	0.035891355072987546	0.035356855539254176	0.035243014380328286	0.035294220042174466	0.03263881374569248	0.046120717570604534	0.041101105928414206	0.03676049514242867	0.036056150858496096	0.037076961664747166	0.03310559167714204	0.07648855030264747	0.06894482114194096	0.0367839752875964	0.0370488973465741	0.04900086674938	0.04057354335815352	0.04515029371483302	0.046684333343261636	0.04534611489561893	0.04655492553803073	0.04676164781750887	0.04663931684785011	0.04686737065839579	0.046840145599202826	0.046779813234353915	0.04688926687266748	0.04673518507947974	0.04674390338985493	0.046205025992621454	0.04658481764333931	0.04663317603835346	0.04327295391706388	0.0431152955610024	0.043486946514863	0.0431156938876221	0.04339489483702521	0.044150034155179124	0.04387972160928465	0.04327804840487556	0.059913033989204605	0.04335689367758738	0.044280323599586884	0.04324625438913084	0.04391343916740401	0.043311405356050915	0.04530957365978462	0.043400772413963944	0.043386688137535365	0.061518741380168405	0.04636256066575822	0.04634678731324722	0.04672391350053026	0.046476508043626935	0.0465930147111856	0.0465837483367984	0.04989181424484723	0.0401480576451616	0.04447629260212458	0.050194349487646284	0.04707201111207055	0.06463776564099047	0.06389393142501087	0.06397010427624863	0.06378756089640372	0.06362831706767913	0.06460012677490082	0.06435332316796398	0.06421996048418639	0.06456584982151076	0.06460488732479912	0.06512377673384545	0.06457444986782392	0.06395289840147676	0.06438206946017198	0.06442439966499248	0.06448612814021	0.06734948206364406	0.06446554211528764	0.06455161594475273	0.06921272111397427	0.07480436074061042	0.06732237078251474	0.07730322860858735	0.07426774099610611	0.07066247340151663	0.06984717276223272	0.0736080757111876	0.07411966513123862	0.0728655542241672	0.06754592095780228	0.06817893126083453	0.06596144091713374	0.06804685416573021	0.0652733636139961	0.06551454177544483	0.06730484241048293	0.06580362856994934	0.06583735901831854	0.0653144226806561	0.06541136511713894	0.06631597547025513	0.0673374665883689	0.07195492082571439	0.06385286449802333	0.06438197268850007	0.06363595872944472	0.06415524001490272	0.05923511444123061	0.05923511444123061	0.06108294775872236	0.06406428272945709	0.06854938469015508	0.07112129399130564	0.06405090048565949	0.06269274481207895	0.06775718104298098	0.07399056611846923	0.07263414722096644	0.06593821762890321	0.06371824649045507	0.06308260346613556	0.06014589167153364	0.07154177146713839	0.06779707403579845	0.07913231675102453
R303	243456	0.03397972208025285	0.0	0.004539409106651678	0.0027404227408902608	0.002859437799905553	0.004004304100220066	0.008834791306722017	0.002827793519735921	0.0013962103735300814	0.002021047826367916	0.0038876730180733418	0.0027366235064678612	0.0018867346203861163	0.002918307121146344	0.002907112991888839	0.008458861899179753	0.006601186045005846	0.008834791306722017	0.005552839126560221	0.003314621563459038	0.0023697860930106856	0.004101297909222767	0.009447294692017381	0.004785554662178655	0.07084065037573453	0.0018315483890646305	0.002179974085060955	0.0030194674752425732	0.0013438616591734114	0.009460097966820498	0.008618743275902249	0.009376739241578422	0.00872396132229689	0.008166529544589119	0.008417261910465705	0.0021516933063118935	0.07745032812871631	0.024765485067196318	0.014049294407578647	0.011406557241308395	0.009857452968272565	0.006611345580224068	0.060542840134990075	0.053789517499592515	0.008982782649184754	0.010053257537131141	0.08192878818949278	0.07154417437529481	0.07834572857968555	0.07765506901272909	0.07701530991719749	0.0794420421042184	0.07773238348697634	0.07761005251731756	0.07783810632786324	0.07781088126867028	0.07775054890382138	0.07786000254213493	0.0777059207489472	0.07771463905932238	0.07742111873982332	0.07755555331280677	0.07760391170782091	0.07494222458294955	0.07478456622688806	0.07515621718074866	0.07478496455350776	0.07506416550291087	0.07581930482106479	0.07554899227517031	0.07494731907076123	0.06325927398655601	0.07502616434347303	0.07594959426547254	0.0749155250550165	0.07558270983328969	0.07498067602193659	0.07737933188909199	0.07507004307984962	0.07505595880342103	0.05026203699483261	0.07733319168289952	0.07731741833038852	0.07769454451767155	0.07744713906076822	0.07756364572832689	0.07755437935393969	0.08126303747773639	0.059978515646893014	0.07610641643975294	0.0821228726278741	0.07804274678153801	0.04948222853615077	0.048738394320171186	0.04881456717140893	0.048632023791564026	0.04847277996283943	0.049444589670061115	0.04919778606312429	0.04906442337934669	0.049410312716671054	0.049449350219959415	0.04996823962900575	0.04941891276298421	0.04879736129663707	0.04922653235533228	0.0492688625601528	0.049330591035370304	0.05219404841960085	0.04931000501044795	0.04939607883991303	0.05405718400913457	0.05964932168262479	0.05216712014872214	0.06214833152198948	0.059112707893986684	0.055507341082595536	0.05469201156330361	0.05845304773294058	0.0589646344087954	0.057710482040791794	0.05239067824272156	0.05302369183617088	0.05080590381229405	0.05289142100852862	0.050117826509156416	0.05035900467060514	0.05214939854155556	0.05064809146510964	0.05068182191347885	0.0501588855758164	0.05025582801229923	0.05116043836541544	0.05218203900284078	0.0567996316043481	0.04869732739318364	0.04922643558366037	0.04848042162460503	0.04899970291006302	0.04407957733639091	0.04407957733639091	0.04592741065388267	0.04890874562461739	0.05339384758531538	0.05596596095056516	0.048895363380819803	0.04753720770723926	0.05260180046480661	0.058835407399942696	0.05747877511066291	0.05078268052406352	0.048562709385615375	0.04792706636129586	0.044990354566693945	0.05638661919550865	0.05264173589006238	0.06397677964618484
R318	243471	0.0328832627318084	0.004539409106651678	0.0	0.0045086764770154025	0.0034152962530206044	0.0065375884449873425	0.008376811785887176	0.006559089272265527	0.004829975327645528	0.0033233770608721747	0.00748565467693477	0.003343216831366274	0.0030753768831057043	0.003524940429741922	0.0053753815151600624	0.010347336937869668	0.006143206524171007	0.008376811785887176	0.005416255917303461	0.005806328757563848	0.004050361511952391	0.004792075076188396	0.006214252006894829	0.00539215596117135	0.06973793660754725	0.005541690482146429	0.0033310500477995598	0.0035716441244765178	0.004158869035697139	0.009099352107371474	0.009225341206367638	0.009015993382129401	0.009330549851822183	0.00877316787909491	0.009023877842731273	0.003442442194230601	0.07634761436052905	0.022372820978449746	0.011701947181136227	0.009059210014865975	0.010201729341517047	0.007218007222355945	0.05776166284129547	0.050217583661471256	0.009614687350863965	0.009916604181161475	0.0808260744213055	0.06797224053717354	0.07724301481149828	0.07655235524454182	0.0759125961490102	0.07833932833603112	0.07662966971878905	0.0765073387491303	0.07673539255967597	0.07670816750048301	0.0766478351356341	0.07675728877394766	0.07660320698075992	0.07661192529113511	0.07631840497163604	0.0764528395446195	0.07650119793963364	0.07383951081476227	0.07368185245870079	0.0740535034125614	0.0736822507853205	0.0739614517347236	0.0747165910528775	0.07444627850698304	0.07384460530257396	0.05968734014843474	0.07392345057528577	0.07484688049728527	0.07381281128682923	0.0744799960651024	0.0738779622537493	0.07627661812090472	0.07396732931166233	0.07395324503523375	0.04669010315671134	0.07623047791471226	0.07621470456220125	0.07659183074948428	0.07634442529258095	0.07646093196013962	0.07645166558575242	0.08016032370954912	0.05640658180877177	0.07500370267156567	0.08102015885968683	0.07694003301335073	0.04591029469802951	0.045166460482049926	0.04524263333328767	0.04506008995344277	0.044900846124718174	0.045872655831939856	0.045625852225003025	0.04549248954122543	0.045838378878549794	0.04587741638183815	0.04639630579088449	0.045846978924862954	0.0452254274585158	0.04565459851721102	0.045696928722031536	0.045758657197249045	0.04862211458147958	0.045738071172326686	0.04582414500179177	0.0504852501710133	0.05607738784450353	0.04859518631060089	0.058576397683868214	0.05554077405586542	0.05193540724447427	0.05112007772518235	0.05488111389481932	0.05539270057067415	0.05413854820267054	0.048818744404600295	0.04945175799804961	0.047233969974172785	0.04931948717040737	0.04654589267103515	0.046787070832483874	0.04857746470343431	0.04707615762698837	0.047109888075357584	0.046586951737695136	0.04668389417417797	0.04758850452729417	0.04861010516471952	0.05322769776622683	0.04512539355506238	0.04565450174553911	0.044908487786483764	0.045427769071941765	0.04050764349826966	0.04050764349826966	0.042355476815761406	0.04533681178649612	0.04982191374719412	0.05239402711244391	0.045323429542698544	0.04396527386911799	0.04902986662668535	0.05526347356182143	0.05390684127254164	0.04721074668594226	0.044990775547494116	0.0443551325231746	0.041418420728572686	0.0528146853573874	0.049069802051941114	0.06040636727779752
R333	243486	0.03394956474749308	0.0027404227408902608	0.0045086764770154025	0.0	0.0019393372825865173	0.0021480881078259134	0.007994222311152231	0.0029764858440817716	0.0025654789897179434	0.0032149163280456093	0.003947365174090434	0.003930568079655932	0.0030805026206550813	0.0041122328034999345	0.0010348242548430617	0.007429577419844499	0.0057606170494360585	0.007994222311152231	0.004711981405621124	0.001531557888200026	0.00045862890279055806	0.005295693661306763	0.010515232955936017	0.00597964084708301	0.07081028490820739	0.001898674476185237	0.0035804434925885173	0.003983873403569065	0.002563570821474295	0.010654297506651332	0.009812846351276243	0.010570938781409257	0.009918111535864702	0.009360430026023717	0.009611274721213236	0.0014205781757418853	0.07741996266118917	0.02591438934904386	0.015243493947409483	0.012600756781139229	0.01078942488927602	0.007805818149393188	0.06130323121188959	0.05375915203206537	0.010958156251749153	0.011247624074490719	0.08189842272196564	0.07151380890776766	0.0783153631121584	0.07762470354520194	0.07698494444967033	0.07941167663669124	0.07770201801944918	0.07757968704979043	0.0778077408603361	0.07778051580114315	0.07772018343629424	0.0778296370746078	0.07767555528142006	0.07768427359179524	0.07739075327229618	0.07752518784527962	0.07757354624029378	0.07491185911542239	0.07475420075936093	0.07512585171322152	0.07475459908598062	0.07503380003538374	0.07578893935353764	0.07551862680764317	0.07491695360323408	0.06322890851902886	0.0749957988759459	0.07591922879794541	0.07488515958748937	0.07555234436576254	0.07495031055440943	0.07734896642156486	0.07503967761232247	0.07502559333589388	0.05023167152730546	0.07730282621537238	0.07728705286286136	0.07766417905014442	0.07741677359324109	0.07753328026079974	0.07752401388641254	0.08123267201020926	0.059948150179365875	0.07607605097222579	0.08209250716034697	0.07801238131401086	0.04945186306862363	0.048708028852644046	0.048784201703881785	0.04860165832403688	0.04844241449531229	0.04941422420253397	0.049167420595597144	0.04903405791181955	0.04937994724914391	0.049418984752432275	0.0499378741614786	0.04938854729545707	0.04876699582910993	0.04919616688780514	0.049238497092625656	0.049300225567843164	0.0521636829520737	0.049279639542920806	0.04936571337238589	0.05402681854160742	0.05961895621509765	0.052136754681195004	0.062117966054462334	0.05908234242645954	0.0554769756150684	0.054661646095776464	0.05842268226541343	0.058934268941268256	0.05768011657326465	0.052360312775194415	0.052993326368643734	0.050775538344766905	0.052861055541001484	0.05008746104162927	0.05032863920307799	0.05211903307402842	0.05061772599758249	0.050651456445951704	0.05012852010828926	0.05022546254477209	0.05113007289788829	0.052151673535313636	0.056769266136820956	0.04866696192565649	0.04919607011613322	0.048450056157077884	0.04896933744253587	0.04404921186886377	0.04404921186886377	0.045897045186355526	0.04887838015709024	0.05336348211778824	0.055935595483038024	0.04886499791329266	0.04750684223971212	0.05257143499727946	0.05880504193241555	0.057448409643135766	0.05075231505653638	0.04853234391808823	0.04789670089376871	0.044959989099166806	0.0563562537279815	0.052611370422535234	0.0639464141786577
R334	243487	0.03206587427330888	0.002859437799905553	0.0034152962530206044	0.0019393372825865173	0.0	0.003974396440127471	0.0061095245396279255	0.00480280856379472	0.0033515164523804757	0.002688493428515703	0.005831905496680673	0.002464397784226846	0.002354833120645954	0.0022281167840492895	0.0028611993357346107	0.009255890744919056	0.003875919277911754	0.0061095245396279255	0.003274931717373475	0.0033578878690161385	0.001480912991158232	0.003411872573766204	0.008631573962593855	0.004095272259962063	0.06892639669859546	0.0037753109448889774	0.0031736788515703144	0.0049011560919531676	0.003036125491758352	0.008769599735127025	0.007928148579751937	0.008686241009884951	0.008033413764340396	0.007475732254499411	0.00772657694968893	0.0012478555519302842	0.07553607445157724	0.02403050113943194	0.013358796175885177	0.010716059009614922	0.008905641441193688	0.005922045317549338	0.059419343002277664	0.05187526382245346	0.009073728334195641	0.009363466010908001	0.08001453451235371	0.06962992069815574	0.07643147490254648	0.07574081533559002	0.07510105624005842	0.07752778842707933	0.07581812980983726	0.07569579884017849	0.07592385265072418	0.07589662759153121	0.07583629522668231	0.07594574886499587	0.07579166707180812	0.07580038538218331	0.07550686506268425	0.0756412996356677	0.07568965803068185	0.07302797090581048	0.072870312549749	0.07324196350360959	0.07287071087636869	0.07314991182577181	0.07390505114392572	0.07363473859803124	0.07303306539362216	0.06134502030941694	0.07311191066633396	0.07403534058833348	0.07300127137787743	0.07366845615615061	0.07306642234479752	0.07546507821195293	0.07315578940271054	0.07314170512628196	0.048347783317693536	0.07541893800576045	0.07540316465324945	0.07578029084053249	0.07553288538362916	0.07564939205118781	0.07564012567680062	0.07934878380059733	0.05806426196975395	0.07419216276261387	0.08020861895073503	0.07612849310439894	0.04756797485901171	0.04682414064303212	0.04690031349426986	0.04671777011442496	0.04655852628570036	0.04753033599292204	0.04728353238598522	0.047150169702207624	0.04749605903953198	0.04753509654282035	0.048053985951866676	0.04750465908584515	0.046883107619498	0.047312278678193216	0.04735460888301374	0.04741633735823124	0.050279794742461775	0.04739575133330888	0.047481825162773966	0.052142930331995505	0.057735068005485723	0.050252866471583085	0.06023407784485041	0.05719845421684761	0.05359308740545647	0.052777757886164546	0.056538794055801506	0.05705038073165633	0.05579622836365272	0.05047642456558249	0.05110943815903181	0.04889165013515498	0.05097716733138956	0.048203572832017344	0.04844475099346607	0.05023514486441649	0.04873383778797057	0.04876756823633978	0.04824463189867734	0.04834157433516016	0.049246184688276365	0.05026778532570171	0.05488537792720903	0.046783073716044565	0.0473121819065213	0.04656616794746596	0.04708544923292395	0.04216532365925185	0.04216532365925185	0.0440131569767436	0.04699449194747832	0.051479593908176316	0.0540517072734261	0.04698110970368073	0.04562295403010019	0.05068754678766754	0.056921153722803625	0.05556452143352385	0.048868426846924454	0.04664845570847631	0.04601281268415679	0.04307610088955488	0.05447236551836958	0.050727482212923315	0.062062525969045775
R337	243490	0.03597795266261756	0.004004304100220066	0.0065375884449873425	0.0021480881078259134	0.003974396440127471	0.0	0.010023155883445035	0.0020481466915974788	0.0033156854833150066	0.0052438499003384115	0.0023664089483939935	0.005959501651948735	0.005109436192947884	0.006141166375792737	0.0011641309269797384	0.007031695356066818	0.007789550621728861	0.010023155883445035	0.006741093009935234	0.0008282941748724614	0.002577413875034452	0.007324480042012604	0.012543838446803048	0.008008574419375813	0.07283888095809923	0.0025206226371262686	0.005402801631390494	0.004458096138951685	0.004045983660735124	0.012683231078944132	0.011841779923569044	0.012599872353702059	0.011947045108157505	0.011389363598316521	0.01164020829350604	0.0033399901316494944	0.07944855871108103	0.027942985398935714	0.017272427519702285	0.014629690353432031	0.012818020939167875	0.009834526706752025	0.06333182726178144	0.05578774808195723	0.012986977316574973	0.013276332631849554	0.08392701877185749	0.07354240495765951	0.08034395916205027	0.07965329959509379	0.07901354049956219	0.0814402726865831	0.07973061406934104	0.07960828309968228	0.07983633691022796	0.079809111851035	0.07974877948618608	0.07985823312449965	0.0797041513313119	0.07971286964168708	0.07941934932218803	0.07955378389517148	0.07960214229018563	0.07694045516531425	0.07678279680925278	0.07715444776311337	0.07678319513587248	0.07706239608527558	0.07781753540342949	0.07754722285753501	0.07694554965312593	0.06525750456892071	0.07702439492583775	0.07794782484783726	0.07691375563738122	0.07758094041565439	0.07697890660430129	0.0793775624714567	0.07706827366221432	0.07705418938578573	0.05226026757719732	0.07933142226526423	0.07931564891275322	0.07969277510003626	0.07944536964313294	0.07956187631069159	0.07955260993630439	0.0832612680601011	0.06197674622925772	0.07810464702211764	0.08412110321023882	0.08004097736390271	0.05148045911851548	0.0507366249025359	0.05081279775377364	0.050630254373928735	0.05047101054520414	0.051442820252425824	0.05119601664548899	0.051062653961711404	0.05140854329903576	0.05144758080232413	0.05196647021137046	0.05141714334534893	0.05079559187900178	0.051224762937696997	0.05126709314251751	0.05132882161773501	0.05419227900196555	0.051308235592812654	0.05139430942227774	0.05605541459149928	0.0616475522649895	0.05416535073108686	0.06414656210435418	0.06111093847635139	0.057505571664960245	0.05669024214566832	0.06045127831530528	0.06096286499116011	0.059708712623156496	0.05438890882508626	0.05502192241853558	0.05280413439465876	0.05488965159089333	0.052116057091521124	0.05235723525296984	0.054147629123920266	0.052646322047474346	0.05268005249584355	0.05215711615818111	0.05225405859466394	0.053158668947780145	0.05418026958520549	0.05879786218671282	0.050695557975548346	0.05122466616602508	0.05047865220696973	0.050997933492427726	0.046077807918755626	0.046077807918755626	0.047925641236247374	0.0509069762069821	0.05539207816768009	0.05796419153292988	0.05089359396318451	0.04953543828960397	0.054600031047171316	0.0608336379823074	0.05947700569302762	0.05278091110642823	0.050560939967980084	0.04992529694366057	0.046988585149058654	0.058384849777873365	0.054639966472427096	0.06597501022854955
R338	243491	0.03496412640063031	0.008834791306722017	0.008376811785887176	0.007994222311152231	0.0061095245396279255	0.010023155883445035	0.0	0.01088142942719816	0.009270269326555312	0.007418499969623925	0.011941275005492746	0.007128259940718144	0.007530545364279283	0.00672733934130239	0.008862408894867432	0.0152876449969991	0.002233605261716172	0.0	0.0070492507680636135	0.009269925029548865	0.007535817419683936	0.006229566909152745	0.011400895837002201	0.0055768698384815445	0.0628182740393436	0.009884722024144829	0.008505203678135627	0.010832335084215265	0.009064395767613522	0.002661005381536307	0.0018191112888488845	0.0025776123598459846	0.0019244046762576252	0.001366573751475147	0.0016174856533853386	0.006683216326327898	0.0694279517923254	0.02047182859803902	0.007250624306791359	0.004607486165156514	0.00806322701226736	0.006716645336320895	0.053311220343025816	0.0457671411632016	0.0029653564936480943	0.0032552257631089324	0.07390641185310187	0.06352179803890388	0.07032335224329464	0.06963269267633818	0.06899293358080656	0.07141966576782748	0.06971000715058541	0.06958767618092665	0.06981572999147233	0.06978850493227937	0.06972817256743047	0.06983762620574402	0.06968354441255628	0.06969226272293147	0.0693987424034324	0.06953317697641585	0.06958153537143	0.06691984824655862	0.06676218989049715	0.06713384084435775	0.06676258821711685	0.06704178916651996	0.06779692848467386	0.06752661593877939	0.06692494273437032	0.05523689765016508	0.06700378800708212	0.06792721792908163	0.06689314871862559	0.06756033349689876	0.06695829968554566	0.06935695555270108	0.06704766674345869	0.0670335824670301	0.04223966065844169	0.0693108153465086	0.06929504199399761	0.06967216818128064	0.06942476272437731	0.06954126939193597	0.06953200301754878	0.07324066114134548	0.051956139310502095	0.06808404010336203	0.07410049629148319	0.07002037044514708	0.04145985219975985	0.04071601798378027	0.04079219083501801	0.040609647455173106	0.040450403626448514	0.041422213333670195	0.041175409726733364	0.041042047042955776	0.041387936380280134	0.0414269738835685	0.04194586329261483	0.0413965364265933	0.040774984960246154	0.04120415601894137	0.04124648622376188	0.041308214698979384	0.04417167208320993	0.04128762867405703	0.04137370250352211	0.04603480767274365	0.05162694534623387	0.04414474381233123	0.054125955185598554	0.051090331557595764	0.047484964746204616	0.0466696352269127	0.05043067139654966	0.05094225807240448	0.049688105704400874	0.044368301906330634	0.045001315499779954	0.04278352747590313	0.0448690446721377	0.042095450172765496	0.04233662833421421	0.04412702220516464	0.042625715128718725	0.04265944557708792	0.04213650923942548	0.042233451675908314	0.04313806202902452	0.04415966266644986	0.04877725526795718	0.04067495105679272	0.04120405924726945	0.04045804528821411	0.040977326573672104	0.036057201	0.036057201	0.037905034317491745	0.04088636928822647	0.04537147124892446	0.04794358461417425	0.040872987044428884	0.03951483137084834	0.04457942412841569	0.050813031063551777	0.04945639877427199	0.0427603041876726	0.040540333049224456	0.03990469002490494	0.036967978230303025	0.04836424285911774	0.04461935955367147	0.055954403309793926
R343	243496	0.03599935826178731	0.002827793519735921	0.006559089272265527	0.0029764858440817716	0.00480280856379472	0.0020481466915974788	0.01088142942719816	0.0	0.002072309068596803	0.004000453033249735	0.001713969670800071	0.004715990492201525	0.0038660513979193764	0.004897714090577173	0.002021045785803632	0.006932938908922675	0.008647824165481988	0.01088142942719816	0.007599427414606636	0.002093513559117735	0.003405770150332027	0.006081088566960088	0.011466916360833284	0.006764929622006603	0.07286028655726899	0.0011752589951980535	0.00415896039014812	0.0033948023108332503	0.0027819043656354325	0.011439361508603032	0.010598114867202888	0.011356002783360958	0.010703355792352764	0.010145941539930162	0.010396651503566523	0.004198254726637991	0.07946996431025077	0.026785121248730778	0.016028738203897545	0.01338600103762729	0.01186414088260915	0.008590653735850756	0.06256247631652453	0.055809153681126974	0.011743101144253278	0.012032460660788237	0.08394842437102723	0.07356381055682927	0.08036536476122001	0.07967470519426355	0.07903494609873193	0.08146167828575285	0.07975201966851078	0.07962968869885204	0.0798577425093977	0.07983051745020474	0.07977018508535584	0.0798796387236694	0.07972555693048165	0.07973427524085684	0.07944075492135778	0.07957518949434123	0.07962354788935538	0.076961860764484	0.07680420240842253	0.07717585336228312	0.07680460073504222	0.07708380168444533	0.07783894100259925	0.07756862845670476	0.07696695525229569	0.06527891016809047	0.07704580052500751	0.07796923044700702	0.07693516123655096	0.07760234601482413	0.07700031220347103	0.07939896807062646	0.07708967926138408	0.07707559498495548	0.05228167317636707	0.07935282786443398	0.07933705451192297	0.07971418069920602	0.0794667752423027	0.07958328190986134	0.07957401553547415	0.08328267365927086	0.06199815182842748	0.07812605262128738	0.08414250880940857	0.08006238296307247	0.05150186471768523	0.050758030501705645	0.05083420335294339	0.050651659973098485	0.050492416144373886	0.051464225851595574	0.05121742224465874	0.05108405956088115	0.05142994889820551	0.051468986401493874	0.05198787581054021	0.05143854894451867	0.05081699747817153	0.05124616853686674	0.051288498741687255	0.05135022721690476	0.054213684601135306	0.05132964119198241	0.05141571502144749	0.05607682019066903	0.06166895786415925	0.0541867563302566	0.06416796770352393	0.06113234407552114	0.057526977264129996	0.05671164774483807	0.06047268391447504	0.06098427059032986	0.05973011822232625	0.05441031442425602	0.05504332801770533	0.05282553999382851	0.05491105719006308	0.052137462690690875	0.05237864085213959	0.054169034723090016	0.0526677276466441	0.0527014580950133	0.05217852175735086	0.05227546419383369	0.053180074546949896	0.05420167518437524	0.05881926778588256	0.050716963574718096	0.05124607176519483	0.05050005780613948	0.051019339091597476	0.04609921351792537	0.04609921351792537	0.04794704683541713	0.05092838180615185	0.05541348376684984	0.05798559713209962	0.05091499956235426	0.04955684388877372	0.05462143664634106	0.060855043581477156	0.05949841129219737	0.05280231670559798	0.050582345567149835	0.04994670254283032	0.047009990748228404	0.05840625537704311	0.05466137207159684	0.06599641582771931
R346	243499	0.03420560796435603	0.0013962103735300814	0.004829975327645528	0.0025654789897179434	0.0033515164523804757	0.0033156854833150066	0.009270269326555312	0.002072309068596803	0.0	0.001928236725965194	0.0026710056789374355	0.002643862023084618	0.0018407186717211798	0.0028254808924777306	0.0021540461220307156	0.007560487554820663	0.00703666406483914	0.009270269326555312	0.005988280825625124	0.0027594864584682697	0.002399297532816563	0.004344664450050115	0.009673061394318394	0.004692888936060806	0.0710665362598377	0.0011396602764452886	0.002087254722874575	0.002020587746280963	0.0008603612939887984	0.009367545595629126	0.008526094440254038	0.009284186870387054	0.008631359624842499	0.008073678115001513	0.008324522810191033	0.0025872033927970255	0.0776762140128195	0.0249913709512995	0.013956742036387278	0.011314004870117023	0.009977006410159141	0.006518993823888089	0.06076872601909326	0.0540154033836957	0.0096713681334855	0.009960799748985616	0.08215467407359596	0.071770060259398	0.07857161446378874	0.07788095489683226	0.07724119580130066	0.07966792798832158	0.07795826937107951	0.07783593840142075	0.07806399221196642	0.07803676715277347	0.07797643478792456	0.07808588842623812	0.07793180663305038	0.07794052494342557	0.0776470046239265	0.07778143919690994	0.0778297975919241	0.07516811046705273	0.07501045211099125	0.07538210306485184	0.07501085043761095	0.07529005138701406	0.07604519070516796	0.07577487815927349	0.0751732049548644	0.06348515987065918	0.07525205022757622	0.07617548014957573	0.07514141093911969	0.07580859571739286	0.07520656190603976	0.07760521777319518	0.07529592896395279	0.0752818446875242	0.05048792287893579	0.0775590775670027	0.0775433042144917	0.07792043040177474	0.07767302494487141	0.07778953161243007	0.07778026523804288	0.08148892336183958	0.060204401530996196	0.07633230232385611	0.08234875851197729	0.07826863266564119	0.049708114420253954	0.048964280204274374	0.049040453055512113	0.04885790967566721	0.048698665846942615	0.049670475554164296	0.049423671947227465	0.04929030926344988	0.049636198600774235	0.0496752361040626	0.05019412551310893	0.0496447986470874	0.04902324718074025	0.04945241823943547	0.049494748444255984	0.049556476919473486	0.05241993430370402	0.04953589089455113	0.04962196472401621	0.05428306989323775	0.05987520756672797	0.05239300603282533	0.062374217406092655	0.059338593778089865	0.05573322696669872	0.0549178974474068	0.05867893361704375	0.05919052029289858	0.05793636792489497	0.052616564126824736	0.053249577720274055	0.05103178969639723	0.053117306892631805	0.05034371239325959	0.050584890554708314	0.05237528442565874	0.050873977349212826	0.050907707797582025	0.05038477145991958	0.050481713896402415	0.05138632424951861	0.052407924886943964	0.057025517488451284	0.04892321327728682	0.04945232146776355	0.048706307508708205	0.0492255887941662	0.0443054632204941	0.0443054632204941	0.04615329653798585	0.04913463150872057	0.05361973346941856	0.05619184683466835	0.04912124926492298	0.04776309359134244	0.05282768634890979	0.05906129328404587	0.057704660994766094	0.0510085664081667	0.04878859526971856	0.04815295224539904	0.04521624045079713	0.05661250507961183	0.05286762177416557	0.06420266553028803
R350	243503	0.03246013637361676	0.002021047826367916	0.0033233770608721747	0.0032149163280456093	0.002688493428515703	0.0052438499003384115	0.007418499969623925	0.004000453033249735	0.001928236725965194	0.0	0.004522790678842568	0.0007211905722144432	0.0005842324788987961	0.0009686398566350108	0.004082149860510563	0.009458402976753757	0.005184894707907754	0.007418499969623925	0.004603126512422485	0.004490619046442244	0.0027563482334966995	0.0024929913895611728	0.007791138483636256	0.002764952478169227	0.06918461334915557	0.0029503351256351274	0.001519996336437287	0.003918508092038345	0.0016685245332566515	0.007439609137737547	0.00659815798236246	0.0073562504124954735	0.006703423166950918	0.006145741657109934	0.006396586352299454	0.0023023926788873204	0.07579429110213737	0.02310944804061736	0.0120288055784957	0.009386068412225446	0.008097953398036914	0.0045911585862405575	0.05888680310841112	0.05213348047301356	0.007743482285715945	0.008032964511338087	0.08027275116291382	0.06988813734871585	0.07668969155310659	0.07599903198615013	0.07535927289061853	0.07778600507763944	0.07607634646039738	0.0759540154907386	0.07618206930128428	0.07615484424209133	0.07609451187724242	0.07620396551555597	0.07604988372236823	0.07605860203274342	0.07576508171324436	0.0758995162862278	0.07594787468124196	0.07328618755637059	0.07312852920030911	0.0735001801541697	0.07312892752692882	0.07340812847633192	0.07416326779448583	0.07389295524859135	0.07329128204418227	0.06160323695997705	0.07337012731689409	0.0742935572388936	0.07325948802843754	0.07392667280671072	0.07332463899535763	0.07572329486251304	0.07341400605327066	0.07339992177684207	0.04860599996825365	0.07567715465632056	0.07566138130380956	0.0760385074910926	0.07579110203418928	0.07590760870174793	0.07589834232736073	0.07960700045115744	0.05832247862031406	0.07445037941317398	0.08046683560129514	0.07638670975495905	0.04782619150957182	0.04708235729359223	0.04715853014482998	0.04697598676498507	0.04681674293626047	0.04778855264348216	0.04754174903654533	0.047408386352767735	0.04775427569009209	0.04779331319338046	0.04831220260242679	0.04776287573640526	0.04714132427005811	0.04757049532875333	0.04761282553357385	0.04767455400879135	0.05053801139302189	0.04765396798386899	0.04774004181333408	0.052401146982555616	0.057993284656045835	0.0505110831221432	0.06049229449541052	0.05745667086740773	0.05385130405601658	0.053035974536724664	0.05679701070636162	0.05730859738221644	0.056054445014212834	0.0507346412161426	0.05136765480959192	0.0491498667857151	0.05123538398194967	0.048461789482577455	0.04870296764402618	0.050493361514976604	0.048992054438530684	0.04902578488689989	0.04850284854923745	0.04859979098572028	0.049504401338836476	0.05052600197626182	0.05514359457776914	0.047041290366604684	0.047570398557081416	0.04682438459802607	0.047343665883484064	0.04242354030981196	0.04242354030981196	0.04427137362730371	0.04725270859803843	0.05173781055873643	0.05430992392398622	0.04723932635424084	0.045881170680660305	0.050945763438227654	0.057179370373363736	0.05582273808408396	0.049126643497484565	0.04690667235903642	0.046271029334716905	0.04333431754011499	0.054730582168929696	0.050985698863483433	0.06232074261960589
R351	243504	0.036509947918699354	0.0038876730180733418	0.00748565467693477	0.003947365174090434	0.005831905496680673	0.0023664089483939935	0.011941275005492746	0.001713969670800071	0.0026710056789374355	0.004522790678842568	0.0	0.004813015064774602	0.004410741875290145	0.005213935664190356	0.003080565882571285	0.007337925528127419	0.009707669743776574	0.011941275005492746	0.008659266797225373	0.0027848246291092876	0.004405556768254987	0.007015514562444284	0.011977984586328174	0.006444364077951791	0.07337087621418104	0.0020566592587765477	0.004359252582864386	0.003916837411069576	0.0033270904483433316	0.011119020737520111	0.010277569582145023	0.011035662012278038	0.010382834766733483	0.010574701254017597	0.010323789352107407	0.005258124087496317	0.07998055396716282	0.02729571090564282	0.016070344576576183	0.01306548001200801	0.012619494969566977	0.008270101900988702	0.06307306597343658	0.05631974333803902	0.012032690985311848	0.012259335224343557	0.08445901402793929	0.07407440021374131	0.08087595441813206	0.08018529485117559	0.07954553575564399	0.08197226794266489	0.08026260932542283	0.08014027835576407	0.08036833216630974	0.08034110710711678	0.08028077474226789	0.08039022838058144	0.0802361465873937	0.08024486489776889	0.07995134457826983	0.08008577915125327	0.08013413754626743	0.07747245042139606	0.07731479206533456	0.07768644301919517	0.07731519039195427	0.07759439134135737	0.0783495306595113	0.07807921811361682	0.07747754490920773	0.06578949982500251	0.07755639018191954	0.07847982010391905	0.077445750893463	0.07811293567173618	0.07751090186038309	0.0799095577275385	0.07760026891829612	0.07758618464186753	0.052792262833279105	0.07986341752134603	0.07984764416883502	0.08022477035611805	0.07997736489921473	0.08009387156677339	0.0800846051923862	0.08379326331618289	0.06250874148533951	0.07863664227819944	0.0846530984663206	0.0805729726199845	0.05201245437459727	0.05126862015861769	0.051344793009855436	0.05116224963001052	0.05100300580128593	0.05197481550850762	0.05172801190157078	0.05159464921779319	0.05194053855511756	0.05197957605840592	0.05249846546745225	0.05194913860143072	0.05132758713508357	0.051756758193778785	0.0517990883985993	0.0518608168738168	0.05472427425804735	0.05184023084889445	0.05192630467835953	0.056587409847581066	0.062179547521071285	0.05469734598716865	0.06467855736043597	0.06164293373243318	0.05803756692104203	0.057222237401750115	0.060983273571387074	0.061494860247241906	0.06024070787923829	0.05492090408116805	0.05555391767461738	0.053336129650740555	0.05542164684697512	0.05264805234760292	0.05288923050905164	0.05467962438000206	0.05317831730355614	0.05321204775192535	0.0526891114142629	0.05278605385074574	0.05369066420386193	0.054712264841287286	0.059329857442794606	0.05122755323163014	0.05175666142210687	0.05101064746305153	0.05152992874850952	0.046609803174837414	0.046609803174837414	0.04845763649232916	0.05143897146306389	0.055924073423761884	0.05849618678901167	0.05142558921926631	0.050067433545685755	0.055132026303253104	0.0613656332383892	0.06000900094910941	0.053312906362510015	0.05109293522406187	0.050457292199742355	0.04752058040514044	0.058916845033955154	0.055171961728508884	0.06650700548463134
R355	243507	0.03201674685749354	0.0027366235064678612	0.003343216831366274	0.003930568079655932	0.002464397784226846	0.005959501651948735	0.007128259940718144	0.004715990492201525	0.002643862023084618	0.0007211905722144432	0.004813015064774602	0.0	0.0008500654590008503	0.0004932504451493497	0.004797647894177297	0.010004674656749757	0.004894654679001972	0.007128259940718144	0.004343086650010003	0.0052062707980525666	0.003472163188187638	0.002202906791741609	0.007331806489937516	0.002049072767427078	0.06872528135545683	0.0036659868772454494	0.0015875043263352678	0.0044647846418000665	0.002384057289187838	0.006723729426995399	0.005882278271620311	0.006640370701753324	0.00598754345620877	0.005761686189242997	0.0056807066415573045	0.0028154829814880525	0.07533495910843863	0.022650116046918623	0.011423533537787557	0.008670188701483296	0.007807912646543901	0.0038755003880613995	0.05842747111471238	0.05167414847931483	0.00722000881738457	0.007446862982946948	0.07981341916921508	0.06942880535501711	0.07623035955940785	0.07553969999245139	0.07489994089691979	0.0773266730839407	0.07561701446669863	0.07549468349703987	0.07572273730758555	0.07569551224839259	0.07563517988354368	0.07574463352185724	0.07559055172866949	0.07559927003904468	0.07530574971954562	0.07544018429252908	0.07548854268754322	0.07282685556267185	0.07266919720661037	0.07304084816047096	0.07266959553323007	0.07294879648263318	0.0737039358007871	0.07343362325489261	0.07283195005048354	0.061143904966278306	0.07291079532319535	0.07383422524519485	0.07280015603473881	0.07346734081301198	0.07286530700165889	0.0752639628688143	0.07295467405957191	0.07294058978314333	0.04814666797455491	0.07521782266262184	0.07520204931011082	0.07557917549739386	0.07533177004049053	0.0754482767080492	0.075439010333662	0.0791476684574587	0.05786314662661532	0.07399104741947524	0.08000750360759641	0.07592737776126031	0.04736685951587308	0.0466230252998935	0.04669919815113124	0.04651665477128633	0.04635741094256174	0.04732922064978342	0.04708241704284659	0.046949054359069	0.04729494369639336	0.04733398119968173	0.04785287060872805	0.047303543742706525	0.04668199227635937	0.04711116333505459	0.04715349353987511	0.04721522201509261	0.05007867939932315	0.04719463599017025	0.047280709819635336	0.051941814988856874	0.05753395266234709	0.050051751128444455	0.06003296250171178	0.05699733887370899	0.05339197206231784	0.05257664254302592	0.056337678712662875	0.0568492653885177	0.0555951130205141	0.05027530922244386	0.05090832281589318	0.048690534792016356	0.05077605198825093	0.04800245748887872	0.04824363565032744	0.05003402952127786	0.04853272244483194	0.04856645289320115	0.04804351655553871	0.04814045899202154	0.049045069345137735	0.05006666998256309	0.05468426258407041	0.04658195837290594	0.047111066563382674	0.04636505260432733	0.04688433388978532	0.04196420831611322	0.04196420831611322	0.04381204163360497	0.046793376604339694	0.051278478565037686	0.053850591930287475	0.04677999436054211	0.04542183868696156	0.05048643144452891	0.056720038379665	0.05536340609038522	0.04866731150378582	0.04644734036533768	0.045811697341018164	0.04287498554641625	0.054271250175230955	0.05052636686978469	0.06186141062590715
