R9	243173	0	0.12712418220453223	0.10515863587919934	0.1128181847978177	1.0	0.12729683446474446	0.12149231283585034	0.13360964263106254	1.0	0.14144210063521268	0.1295642762334792	0.1517185453204861	1.0	0.11828417788020482	1.0	1.0	0.12313775914574619	1.0	0.14707042922284716	0.11413416281355804	0.14269457350725614	0.29739600134040284	1.0	0.970649895178197	1.0	1.0	1.0	1.0	1.0	1.0	0.6708526908828021	0.3159122725151657	1.0	0.21240440896025511	1.0	1.0	1.0	1.0	1.0	1.0	1.0	1.0	1.0	1.0	1.0	1.0	1.0	1.0	1.0	1.0	1.0	1.0	1.0	1.0	1.0	1.0	1.0	1.0	1.0	1.0	1.0	1.0	1.0	1.0	1.0	1.0	1.0	0.2221782691448855	1.0	0.17114015455269918	1.0	0.223355771553764	0.14127800285012448	1.0	0.16319797763005958	1.0	0.13672521352080463	0.14140074360006175	0.24202080302183007	0.13406343737168447	0.09585405187149874	0.1677626629286305	0.23073587800480613	0.9932998324958123	1.0	1.0	0.30797946803546433	1.0	0.21840008350970694	0.26908499053348944	0.24250861601752718	1.0	0.9615149664019548	1.0	1.0	1.0	1.0	0.16376896756362927	1.0	1.0	1.0	1.0	1.0	1.0	1.0	1.0	1.0	1.0	1.0	1.0	0.1872476032817794	1.0	1.0	0.2112167886269089	0.6209015513485195	0.1979442892204746	0.2203273370292061	1.0	1.0	1.0	1.0	1.0	1.0	1.0	1.0	1.0	1.0	1.0	1.0	1.0	1.0	1.0	1.0	1.0	1.0	1.0	1.0	1.0	1.0	0.30911917882708184	0.30797946803546433	0.30797946803546433	0.3084759226286016	0.3079794680354644	0.30798350940221136	1.0	1.0	1.0	1.0	1.0	1.0	1.0	1.0	1.0	1.0	1.0	1.0
R11	243175	0.12712418220453223	0	0.06849243153381748	0.0719420644346288	1.0	0.054561934338771344	0.05970195931831363	0.07263725906171282	1.0	0.07104708659700378	0.06899494497536296	0.08255772523050986	1.0	0.053703781788197395	1.0	1.0	0.05029343987637283	1.0	0.08253948458385173	0.04705152178720181	0.06961041471698273	0.2873779113448536	1.0	1.0	1.0	1.0	1.0	1.0	1.0	1.0	0.7064989517819708	0.28737791134485347	1.0	0.23638856583496012	1.0	1.0	1.0	1.0	1.0	1.0	1.0	1.0	1.0	1.0	1.0	1.0	1.0	1.0	1.0	1.0	1.0	1.0	1.0	1.0	1.0	1.0	1.0	1.0	1.0	1.0	1.0	1.0	1.0	1.0	1.0	1.0	1.0	0.2501586217322562	1.0	0.19984439928051034	1.0	0.23879635106116553	0.24670363162488537	1.0	0.1965605551390008	1.0	0.23928895738147762	0.19984973703981967	0.26235556996862475	0.12034935544786315	0.15247182569496617	0.20805704650866833	0.2551322299628957	0.9932998324958123	1.0	1.0	0.28737791134485347	1.0	0.25296227636860186	0.26226762970250533	0.24761707427459936	1.0	0.9847281612706169	1.0	1.0	1.0	1.0	0.08850997180711423	1.0	1.0	1.0	1.0	1.0	1.0	1.0	1.0	1.0	1.0	1.0	1.0	0.13427045600694593	1.0	1.0	0.24168502744972248	0.6288343558282209	0.23235915495062814	0.25268891612954253	1.0	1.0	1.0	1.0	1.0	1.0	1.0	1.0	1.0	1.0	1.0	1.0	1.0	1.0	1.0	1.0	1.0	1.0	1.0	1.0	1.0	1.0	0.28737791134485347	0.2873779113448534	0.28737791134485347	0.2873779113448535	0.2873779113448534	0.2873779113448535	1.0	1.0	1.0	1.0	1.0	1.0	1.0	1.0	1.0	1.0	1.0	1.0
R39	243203	0.10515863587919934	0.06849243153381748	0	0.04783452590115129	1.0	0.09412276353896494	0.10480917597973675	0.11032035149044625	1.0	0.09991045868850006	0.10825257534795742	0.13442500287592185	1.0	0.08436468106652348	1.0	1.0	0.08854843952097577	1.0	0.07541872375467434	0.09012580874550695	0.1106354564335416	0.258420105806435	1.0	0.9776708373435995	1.0	1.0	1.0	1.0	1.0	1.0	0.6841697891255702	0.26948989412897023	1.0	0.17480468721387946	1.0	1.0	1.0	1.0	1.0	1.0	1.0	1.0	1.0	1.0	1.0	1.0	1.0	1.0	1.0	1.0	1.0	1.0	1.0	1.0	1.0	1.0	1.0	1.0	1.0	1.0	1.0	1.0	1.0	1.0	1.0	1.0	1.0	0.19819938218721025	1.0	0.1432733320087628	1.0	0.18494221803561794	0.22297097821095857	1.0	0.1354669406759002	1.0	0.21555630396755088	0.15320739340887854	0.21247280974952718	0.08003016632531888	0.1244853810210096	0.1536227976409102	0.203575710440609	0.9932998324958123	1.0	1.0	0.26014665204615356	1.0	0.20754779139525942	0.22266261214729394	0.1935329330979685	1.0	0.9694563225412342	1.0	1.0	1.0	1.0	0.09968625497122181	1.0	1.0	1.0	1.0	1.0	1.0	1.0	1.0	1.0	1.0	1.0	1.0	0.15196015343949104	1.0	1.0	0.18664590340034537	0.6236370507271621	0.1773200309012511	0.2059269816855553	1.0	1.0	1.0	1.0	1.0	1.0	1.0	1.0	1.0	1.0	1.0	1.0	1.0	1.0	1.0	1.0	1.0	1.0	1.0	1.0	1.0	1.0	0.25976385990252226	0.2581410724424763	0.25774783445620786	0.2584947569129632	0.2642925890279115	0.2594743406746546	1.0	1.0	1.0	1.0	1.0	1.0	1.0	1.0	1.0	1.0	1.0	1.0
R42	243206	0.1128181847978177	0.0719420644346288	0.04783452590115129	0	1.0	0.08863149227119575	0.10028657563005124	0.10175376366459384	1.0	0.09583616155388044	0.10375039081275217	0.12893373160815266	1.0	0.07986249653131829	1.0	1.0	0.08290460117582361	1.0	0.07126835079119849	0.08463453747773775	0.10556596876959692	0.2371998454577707	1.0	0.9913106444605357	1.0	1.0	1.0	1.0	1.0	1.0	0.6905684666262863	0.27661115133960895	1.0	0.17898319991800005	1.0	1.0	1.0	1.0	1.0	1.0	1.0	1.0	1.0	1.0	1.0	1.0	1.0	1.0	1.0	1.0	1.0	1.0	1.0	1.0	1.0	1.0	1.0	1.0	1.0	1.0	1.0	1.0	1.0	1.0	1.0	1.0	1.0	0.21911669880159534	1.0	0.17234412643439403	1.0	0.2157196707083468	0.23937300795743544	1.0	0.16551863220834	1.0	0.2319583337140277	0.18150891851954767	0.2330233042717488	0.10305122670226606	0.14507201734869601	0.18175235336712525	0.2261054536407872	0.9932998324958123	1.0	1.0	0.2650253439536568	1.0	0.22554091824605102	0.24281151415779667	0.2201957161520487	1.0	0.9760388057311528	1.0	1.0	1.0	1.0	0.08935746014643313	1.0	1.0	1.0	1.0	1.0	1.0	1.0	1.0	1.0	1.0	1.0	1.0	0.14735594429964508	1.0	1.0	0.21426366932717164	0.6208691132503787	0.20493779682807736	0.22961223577672382	1.0	1.0	1.0	1.0	1.0	1.0	1.0	1.0	1.0	1.0	1.0	1.0	1.0	1.0	1.0	1.0	1.0	1.0	1.0	1.0	1.0	1.0	0.26619749284341515	0.2650409343287828	0.2650253439536568	0.26555423664493477	0.2686459087617669	0.26506182341854456	1.0	1.0	1.0	1.0	1.0	1.0	1.0	1.0	1.0	1.0	1.0	1.0
R44	243208	1.0	1.0	1.0	1.0	0	1.0	1.0	1.0	0.1932887946839813	1.0	1.0	1.0	0.1763589318348237	1.0	0.19272129960139503	0.1990045832348711	1.0	1.0	1.0	1.0	1.0	1.0	1.0	1.0	0.1548580152191809	0.17749079265089582	0.1856539498291873	0.18278954613927373	0.13847245224890253	0.14441875410706767	1.0	0.9823008849557522	0.07515397962661312	1.0	0.9883286647992531	1.0	0.9929988331388564	1.0	1.0	0.9957972156553716	1.0	1.0	1.0	1.0	1.0	1.0	1.0	1.0	1.0	1.0	1.0	1.0	1.0	1.0	1.0	0.20789276424544587	0.11751511849317574	0.09281467740499287	0.06993788950284849	1.0	1.0	1.0	0.10723921037459506	0.12935318568269472	0.3773354804220852	0.09933350507912077	1.0	1.0	0.3363477566093221	1.0	0.39979513341001643	1.0	1.0	0.10938159311347037	1.0	0.31287985095637705	1.0	1.0	1.0	1.0	1.0	1.0	1.0	0.24742150468655336	0.19248311479606828	0.2517440426273552	1.0	0.24604473540643762	1.0	1.0	1.0	0.17525328714541694	0.4729950900163667	1.0	0.8286588897162239	0.2546961697898802	0.42163697550661783	1.0	0.4729950900163667	0.4673771124882766	0.4729950900163667	0.47299509001636664	0.4729950900163667	0.47299509001636664	0.47299509001636664	0.47299509001636664	0.2902345881069286	0.47299509001636664	0.4729950900163667	0.4729950900163667	1.0	0.37296140567875946	0.8751104565537554	1.0	0.6297514216193241	1.0	1.0	0.4729950900163667	0.4729950900163667	1.0	0.47299509001636664	0.4729950900163667	0.4729950900163667	1.0	1.0	1.0	1.0	1.0	0.9587690469076784	1.0	0.9917210820895521	1.0	0.34808932346890875	0.31941568957476063	0.21313962438998874	1.0	0.20059211513568015	0.4729950900163667	0.4616674959973363	1.0	1.0	1.0	1.0	1.0	1.0	0.487794252957797	0.2423902156128911	0.2840035843691864	0.3304083630372796	0.17964320117231394	1.0	0.1905827077221876	0.32970540098199674	0.30638579708219343	0.3980251203074307	0.27125767488899427	0.2558962216296396
R65	243227	0.12729683446474446	0.054561934338771344	0.09412276353896494	0.08863149227119575	1.0	0	0.03651286119952862	0.030387937460696793	1.0	0.02945002882598872	0.029184396771477425	0.06074334010473226	1.0	0.03902566930496087	1.0	1.0	0.01975334668921892	1.0	0.09024028579098138	0.021978781853143455	0.048653862589758144	0.3135214173813922	1.0	1.0	1.0	1.0	1.0	1.0	1.0	1.0	0.7064989517819708	0.3210717529518619	1.0	0.2639941273810858	1.0	1.0	1.0	1.0	1.0	1.0	1.0	1.0	1.0	1.0	1.0	1.0	1.0	1.0	1.0	1.0	1.0	1.0	1.0	1.0	1.0	1.0	1.0	1.0	1.0	1.0	1.0	1.0	1.0	1.0	1.0	1.0	1.0	0.27526339650558834	1.0	0.22911464839422124	1.0	0.272490192668174	0.24068048894535973	1.0	0.22134084141469412	1.0	0.23326581470195196	0.2319014423327357	0.289793826231576	0.15244532114277848	0.1803237518412372	0.23278176913293383	0.2828759756006144	0.9932998324958123	1.0	1.0	0.312102633969119	1.0	0.2776869989928673	0.29596147130951383	0.27234179689886495	1.0	0.984728161270617	1.0	1.0	1.0	1.0	0.0820594639724592	1.0	1.0	1.0	1.0	1.0	1.0	1.0	1.0	1.0	1.0	1.0	1.0	0.12182401641682832	1.0	1.0	0.2664097500739879	0.6198652368454779	0.25708387757489365	0.286382757736551	1.0	1.0	1.0	1.0	1.0	1.0	1.0	1.0	1.0	1.0	1.0	1.0	1.0	1.0	1.0	1.0	1.0	1.0	1.0	1.0	1.0	1.0	0.3142786592637782	0.31312210074914576	0.3127169971678003	0.3136354030652978	0.31210263396911897	0.3131429898389076	1.0	1.0	1.0	1.0	1.0	1.0	1.0	1.0	1.0	1.0	1.0	1.0
R67	243229	0.12149231283585034	0.05970195931831363	0.10480917597973675	0.10028657563005124	1.0	0.03651286119952862	0	0.02970664816945723	1.0	0.05040058510680523	0.04234116236170032	0.047472796639213055	1.0	0.05246691217603558	1.0	1.0	0.0393119849428332	1.0	0.10278814853994989	0.03250246113228638	0.04560487283869747	0.32420782982216406	1.0	1.0	1.0	1.0	1.0	1.0	1.0	1.0	0.7064989517819706	0.3317581653926337	1.0	0.27468053982185753	1.0	1.0	1.0	1.0	1.0	1.0	1.0	1.0	1.0	1.0	1.0	1.0	1.0	1.0	1.0	1.0	1.0	1.0	1.0	1.0	1.0	1.0	1.0	1.0	1.0	1.0	1.0	1.0	1.0	1.0	1.0	1.0	1.0	0.28594980894636013	1.0	0.23980106083499295	1.0	0.2831766051089458	0.23328931504420256	1.0	0.2320272538554659	1.0	0.2270227693268322	0.23682953852931987	0.3004802386723478	0.16177396318094342	0.18525184803782133	0.24020658478160498	0.293562388041386	0.9932998324958123	1.0	1.0	0.3218079166364149	1.0	0.2851118146415384	0.3066478837502857	0.2797666125475361	1.0	0.984728161270617	1.0	1.0	1.0	1.0	0.09413386852560719	1.0	1.0	1.0	1.0	1.0	1.0	1.0	1.0	1.0	1.0	1.0	1.0	0.12300098331173792	1.0	1.0	0.2738345657226591	0.6166036400533772	0.26450869322356485	0.29706917017732276	1.0	1.0	1.0	1.0	1.0	1.0	1.0	1.0	1.0	1.0	1.0	1.0	1.0	1.0	1.0	1.0	1.0	1.0	1.0	1.0	1.0	1.0	0.32496507170454997	0.32380851318991766	0.32340340960857206	0.32432181550606964	0.32153474628232054	0.3238294022796794	1.0	1.0	1.0	1.0	1.0	1.0	1.0	1.0	1.0	1.0	1.0	1.0
R68	243230	0.13360964263106254	0.07263725906171282	0.11032035149044625	0.10175376366459384	1.0	0.030387937460696793	0.02970664816945723	0	1.0	0.02590049300773733	0.033503656032301966	0.04936037741630573	1.0	0.04650387143668482	1.0	1.0	0.03178914851857981	1.0	0.102387334849623	0.03825556557804006	0.05384019385844308	0.3266436887747903	1.0	1.0	1.0	1.0	1.0	1.0	1.0	1.0	0.7064989517819708	0.3341940243452601	1.0	0.2771163987744839	1.0	1.0	1.0	1.0	1.0	1.0	1.0	1.0	1.0	1.0	1.0	1.0	1.0	1.0	1.0	1.0	1.0	1.0	1.0	1.0	1.0	1.0	1.0	1.0	1.0	1.0	1.0	1.0	1.0	1.0	1.0	1.0	1.0	0.2883856678989865	1.0	0.24223691978761935	1.0	0.2856124640615721	0.2429707858867885	1.0	0.23446311280809223	1.0	0.23914009912204448	0.24894686832453217	0.30291609762497407	0.16253972027833474	0.1973691778330336	0.24331530877748747	0.2959982469940125	0.9932998324958123	1.0	1.0	0.32424377558904105	1.0	0.288220538637421	0.309083742702912	0.28287533654341857	1.0	0.984728161270617	1.0	1.0	1.0	1.0	0.08918709282400118	1.0	1.0	1.0	1.0	1.0	1.0	1.0	1.0	1.0	1.0	1.0	1.0	0.11763748644207922	1.0	1.0	0.27694328971854165	0.6172765050966336	0.26761741721944743	0.29950502912994903	1.0	1.0	1.0	1.0	1.0	1.0	1.0	1.0	1.0	1.0	1.0	1.0	1.0	1.0	1.0	1.0	1.0	1.0	1.0	1.0	1.0	1.0	0.32740093065717624	0.32624437214254387	0.3258392685611983	0.3267576744586959	0.3239706052349469	0.3262652612323057	1.0	1.0	1.0	1.0	1.0	1.0	1.0	1.0	1.0	1.0	1.0	1.0
R70	243232	1.0	1.0	1.0	1.0	0.1932887946839813	1.0	1.0	1.0	0	1.0	1.0	1.0	0.2426715182114733	1.0	0.06661172781902062	0.044942409442984936	1.0	1.0	1.0	1.0	1.0	1.0	1.0	1.0	0.22588314014130242	0.21662628962110753	0.21547395801826874	0.21850014545921664	0.21683469481189044	0.2098958349950721	1.0	0.9823008849557522	0.20966732863465856	1.0	0.9883286647992531	1.0	0.9929988331388562	1.0	1.0	0.9957972156553716	1.0	1.0	1.0	1.0	1.0	1.0	1.0	1.0	1.0	1.0	1.0	1.0	1.0	1.0	1.0	0.21921543639992205	0.2927090642342285	0.19624528655095871	0.19608090552316212	1.0	1.0	1.0	0.21777674325807198	0.2159083461856962	0.40171447629309553	0.1944824138062531	1.0	1.0	0.4382513661202186	1.0	0.34649006154896267	1.0	1.0	0.22936674887567093	1.0	0.39849809280781473	1.0	1.0	1.0	1.0	1.0	1.0	1.0	0.3285974499089253	0.21883907760730673	0.228810146490113	1.0	0.3285974499089254	1.0	1.0	1.0	0.2131046675501736	0.5096539162112932	1.0	0.828658889716224	0.3638712008309624	0.368331903645564	1.0	0.5096539162112933	0.5040359386832033	0.5096539162112932	0.5096539162112932	0.5096539162112932	0.5096539162112932	0.5096539162112932	0.5096539162112932	0.2735883424408015	0.5096539162112932	0.5096539162112932	0.5096539162112932	1.0	0.4409936278400528	0.8795287187039763	1.0	0.6337915004414049	1.0	1.0	0.5096539162112932	0.5096539162112932	1.0	0.5096539162112932	0.5096539162112932	0.5096539162112932	1.0	1.0	1.0	1.0	1.0	0.9587690469076784	1.0	0.9917210820895521	1.0	0.28779938548445577	0.29258818729781133	0.25742944831199943	1.0	0.1579548700371322	0.5096539162112932	0.4998178506375226	1.0	1.0	1.0	1.0	1.0	1.0	0.5187459786676817	0.2374605013303556	0.30000502616051267	0.3405763092164406	0.20690633394421715	1.0	0.2899161622294591	0.3938979963570127	0.24044253557289672	0.45672888490869035	0.35924420024631193	0.29869446249889664
R75	243237	0.14144210063521268	0.07104708659700378	0.09991045868850006	0.09583616155388044	1.0	0.02945002882598872	0.05040058510680523	0.02590049300773733	1.0	0	0.02816170547761776	0.06445434231066442	1.0	0.04343897809205946	1.0	1.0	0.03178146289787968	1.0	0.10543385192421406	0.04159886906921833	0.05636150563671733	0.31805926124333805	1.0	1.0	1.0	1.0	1.0	1.0	1.0	1.0	0.7064989517819708	0.3305598646171202	1.0	0.26727719039312176	1.0	1.0	1.0	1.0	1.0	1.0	1.0	1.0	1.0	1.0	1.0	1.0	1.0	1.0	1.0	1.0	1.0	1.0	1.0	1.0	1.0	1.0	1.0	1.0	1.0	1.0	1.0	1.0	1.0	1.0	1.0	1.0	1.0	0.28050740619899484	1.0	0.23243654022033744	1.0	0.2757732556802099	0.24637395795361117	1.0	0.22705989784523845	1.0	0.23895928371020336	0.23911115869092822	0.2948136626510792	0.15581418093781071	0.18735783445847942	0.24461087962862935	0.28622205271692835	0.9932998324958123	1.0	1.0	0.3197858074830567	1.0	0.28951610948856293	0.30544958297477215	0.2841709073945605	1.0	0.9847281612706169	1.0	1.0	1.0	1.0	0.08821686929880801	1.0	1.0	1.0	1.0	1.0	1.0	1.0	1.0	1.0	1.0	1.0	1.0	0.12233329824671214	1.0	1.0	0.27823886056968344	0.6222062356759152	0.2689129880705892	0.2896658207485869	1.0	1.0	1.0	1.0	1.0	1.0	1.0	1.0	1.0	1.0	1.0	1.0	1.0	1.0	1.0	1.0	1.0	1.0	1.0	1.0	1.0	1.0	0.3194030153394254	0.3177802278793795	0.3177266958115922	0.3181339123498663	0.32393174446481465	0.3191134961115577	1.0	1.0	1.0	1.0	1.0	1.0	1.0	1.0	1.0	1.0	1.0	1.0
R76	243238	0.1295642762334792	0.06899494497536296	0.10825257534795742	0.10375039081275217	1.0	0.029184396771477425	0.04234116236170032	0.033503656032301966	1.0	0.02816170547761776	0	0.06243552282251071	1.0	0.04015112124757259	1.0	1.0	0.031382498572544486	1.0	0.09777495942430578	0.03029299780326892	0.05343342916256086	0.3234668425804663	1.0	1.0	1.0	1.0	1.0	1.0	1.0	1.0	0.7064989517819709	0.3310171781509362	1.0	0.27393955258015995	1.0	1.0	1.0	1.0	1.0	1.0	1.0	1.0	1.0	1.0	1.0	1.0	1.0	1.0	1.0	1.0	1.0	1.0	1.0	1.0	1.0	1.0	1.0	1.0	1.0	1.0	1.0	1.0	1.0	1.0	1.0	1.0	1.0	0.28520882170466255	1.0	0.23906007359329537	1.0	0.28243561786724813	0.2313696478580507	1.0	0.23128626661376833	1.0	0.22436211489898278	0.23416888410147044	0.29973925143065017	0.1627089868101732	0.1889466594261816	0.2399225244708984	0.2928214007996885	0.9932998324958123	1.0	1.0	0.3210669293947172	1.0	0.2848277543308319	0.305906896508588	0.27948255223682955	1.0	0.9847281612706169	1.0	1.0	1.0	1.0	0.09214180128631506	1.0	1.0	1.0	1.0	1.0	1.0	1.0	1.0	1.0	1.0	1.0	1.0	0.12544644669867241	1.0	1.0	0.2735505054119525	0.6170605669843684	0.2642246329128583	0.29632818293562513	1.0	1.0	1.0	1.0	1.0	1.0	1.0	1.0	1.0	1.0	1.0	1.0	1.0	1.0	1.0	1.0	1.0	1.0	1.0	1.0	1.0	1.0	0.3242240844628524	0.32306752594821997	0.3226624223668744	0.32358082826437207	0.320793759040623	0.3230884150379817	1.0	1.0	1.0	1.0	1.0	1.0	1.0	1.0	1.0	1.0	1.0	1.0
R81	243243	0.1517185453204861	0.08255772523050986	0.13442500287592185	0.12893373160815266	1.0	0.06074334010473226	0.047472796639213055	0.04936037741630573	1.0	0.06445434231066442	0.06243552282251071	0	1.0	0.07370419250770766	1.0	1.0	0.060666768245082395	1.0	0.13592184375847008	0.058179128536003585	0.04125582573200046	0.3538236567183489	1.0	1.0	1.0	1.0	1.0	1.0	1.0	1.0	0.7064989517819706	0.3613739922888188	1.0	0.3042963667180426	1.0	1.0	1.0	1.0	1.0	1.0	1.0	1.0	1.0	1.0	1.0	1.0	1.0	1.0	1.0	1.0	1.0	1.0	1.0	1.0	1.0	1.0	1.0	1.0	1.0	1.0	1.0	1.0	1.0	1.0	1.0	1.0	1.0	0.3155656358425452	1.0	0.26941688773117806	1.0	0.31279243200513085	0.26165439887837366	1.0	0.261643080751651	1.0	0.2577446778902806	0.2670557710139557	0.33009606556853294	0.18473013357520074	0.2154780805224571	0.2720636426997419	0.32317821493757126	0.9932998324958123	1.0	1.0	0.3514237435325999	1.0	0.31696887255967554	0.33626371064647065	0.3116236704656731	1.0	0.9847281612706169	1.0	1.0	1.0	1.0	0.11953569222823908	1.0	1.0	1.0	1.0	1.0	1.0	1.0	1.0	1.0	1.0	1.0	1.0	0.11130126435492854	1.0	1.0	0.30569162364079605	0.6188448710753293	0.2963657511417019	0.3266849970735078	1.0	1.0	1.0	1.0	1.0	1.0	1.0	1.0	1.0	1.0	1.0	1.0	1.0	1.0	1.0	1.0	1.0	1.0	1.0	1.0	1.0	1.0	0.354580898600735	0.3534243400861027	0.35301923650475714	0.35393764240225467	0.35138450753592715	0.35344522917586446	1.0	1.0	1.0	1.0	1.0	1.0	1.0	1.0	1.0	1.0	1.0	1.0
R94	243256	1.0	1.0	1.0	1.0	0.1763589318348237	1.0	1.0	1.0	0.2426715182114733	1.0	1.0	1.0	0	1.0	0.2593154188557692	0.25171560155344547	1.0	1.0	1.0	1.0	1.0	1.0	1.0	1.0	0.20341454072123138	0.20691991901569037	0.19949998596944138	0.21413353216662273	0.21004975468085194	0.2345461952290233	1.0	0.9823008849557522	0.16279653579954775	1.0	0.9883286647992531	1.0	0.9929988331388566	1.0	1.0	0.9957972156553715	1.0	1.0	1.0	1.0	1.0	1.0	1.0	1.0	1.0	1.0	1.0	1.0	1.0	1.0	1.0	0.09355456100097455	0.15873096837923586	0.12712839775643525	0.15318615784961698	1.0	1.0	1.0	0.14297696264817714	0.1594840812075753	0.39864615449350105	0.15927544378785452	1.0	1.0	0.29984072595350364	1.0	0.5126887151673631	1.0	1.0	0.1723106430229819	1.0	0.2688550155224637	1.0	1.0	1.0	1.0	1.0	1.0	1.0	0.16971406461967634	0.09756110567498108	0.14701860755635188	1.0	0.15268765181111763	1.0	1.0	1.0	0.07767935415154409	0.40518060836501907	1.0	0.828658889716224	0.1352102334355871	0.5345305572639647	1.0	0.405180608365019	0.39956263083692906	0.40518060836501896	0.40518060836501896	0.405180608365019	0.40518060836501896	0.40518060836501896	0.405180608365019	0.4001552856214098	0.405180608365019	0.40518060836501896	0.4051806083650189	1.0	0.30210203926785995	0.8887035424494754	1.0	0.6441003405724416	1.0	1.0	0.40518060836501896	0.405180608365019	1.0	0.405180608365019	0.40518060836501896	0.4238599348534202	1.0	1.0	1.0	1.0	1.0	0.9587690469076784	1.0	0.9917210820895521	1.0	0.45646769610078036	0.18029950462391003	0.13004844002291785	1.0	0.3136282219202987	0.405180608365019	0.3938530143459887	1.0	1.0	1.0	1.0	1.0	1.0	0.5577231519490282	0.2777604057461133	0.3294183551879918	0.4068480724424495	0.22098795264907795	1.0	0.08091503330730206	0.3711050211687297	0.2885077448683233	0.4490110606576389	0.33535685948967836	0.31451974745185096
R96	243258	0.11828417788020482	0.053703781788197395	0.08436468106652348	0.07986249653131829	1.0	0.03902566930496087	0.05246691217603558	0.04650387143668482	1.0	0.04343897809205946	0.04015112124757259	0.07370419250770766	1.0	0	1.0	1.0	0.026487055764464446	1.0	0.07242201198968116	0.031085935853401	0.05957629463268555	0.3021151973093488	1.0	1.0	1.0	1.0	1.0	1.0	1.0	1.0	0.7064989517819708	0.30966553287981863	1.0	0.2525879073090424	1.0	1.0	1.0	1.0	1.0	1.0	1.0	1.0	1.0	1.0	1.0	1.0	1.0	1.0	1.0	1.0	1.0	1.0	1.0	1.0	1.0	1.0	1.0	1.0	1.0	1.0	1.0	1.0	1.0	1.0	1.0	1.0	1.0	0.263857176433545	1.0	0.21770842832217777	1.0	0.26108397259613064	0.23601752021563338	1.0	0.20993462134265078	1.0	0.22860284597222572	0.216642046112849	0.2783876061595327	0.13867395299351973	0.16888357242724378	0.22056575647900753	0.27146975552857106	0.9932998324958123	1.0	1.0	0.2998866213151928	1.0	0.2654709863389411	0.2845552512374705	0.26012578424493865	1.0	0.9847281612706169	1.0	1.0	1.0	1.0	0.07286709661579603	1.0	1.0	1.0	1.0	1.0	1.0	1.0	1.0	1.0	1.0	1.0	1.0	0.12276305815313644	1.0	1.0	0.2541937374200617	0.619055444263595	0.2448678649209674	0.2749765376645076	1.0	1.0	1.0	1.0	1.0	1.0	1.0	1.0	1.0	1.0	1.0	1.0	1.0	1.0	1.0	1.0	1.0	1.0	1.0	1.0	1.0	1.0	0.3028724391917348	0.3017158806771025	0.3013107770957568	0.3022291829932544	0.29988662131519284	0.30173676976686425	1.0	1.0	1.0	1.0	1.0	1.0	1.0	1.0	1.0	1.0	1.0	1.0
R104	243266	1.0	1.0	1.0	1.0	0.19272129960139503	1.0	1.0	1.0	0.06661172781902062	1.0	1.0	1.0	0.2593154188557692	1.0	0	0.026831384658265796	1.0	1.0	1.0	1.0	1.0	1.0	1.0	1.0	0.2237439297440868	0.21448707922389196	0.21333474762105314	0.2388962110785262	0.233991315879899	0.2352115513042624	1.0	0.9823008849557522	0.20909983355207232	1.0	0.9883286647992531	1.0	0.9929988331388566	1.0	1.0	0.9957972156553716	1.0	1.0	1.0	1.0	1.0	1.0	1.0	1.0	1.0	1.0	1.0	1.0	1.0	1.0	1.0	0.226692365711685	0.2921415691516422	0.19567779146837247	0.19551341044057585	1.0	1.0	1.0	0.21720924817548576	0.23428036086411916	0.4209114785000003	0.19391491872366687	1.0	1.0	0.43221939016331534	1.0	0.33012478475776286	1.0	1.0	0.22381231051729775	1.0	0.41731874919550044	1.0	1.0	1.0	1.0	1.0	1.0	1.0	0.342490323798735	0.21782425078003512	0.2428347188569559	1.0	0.34249032379873506	1.0	1.0	1.0	0.222453862794918	0.4848012838667044	1.0	0.8286588897162239	0.35783922487405917	0.3519666268543642	1.0	0.4848012838667044	0.4791833063386145	0.4848012838667044	0.4848012838667044	0.4848012838667044	0.4848012838667044	0.4848012838667044	0.4848012838667044	0.23237043330501275	0.4848012838667044	0.4848012838667044	0.4848012838667043	1.0	0.43509335036018293	0.8795287187039763	1.0	0.656335153611686	1.0	1.0	0.4848012838667044	0.4848012838667044	1.0	0.4848012838667044	0.4848012838667044	0.4848012838667044	1.0	1.0	1.0	1.0	1.0	0.9587690469076784	1.0	0.9917210820895521	1.0	0.2714341086932559	0.3063112924105288	0.25755881694941996	1.0	0.11665401097926378	0.4848012838667044	0.47526668554705936	1.0	1.0	1.0	1.0	1.0	1.0	0.5469238814893718	0.2656384041520458	0.32818292898220286	0.36846401543621093	0.22432194307865194	1.0	0.2838841862725559	0.422075899178703	0.28277934011285744	0.48490678773038054	0.3824637741303503	0.3268723653205869
R109	243271	1.0	1.0	1.0	1.0	0.1990045832348711	1.0	1.0	1.0	0.044942409442984936	1.0	1.0	1.0	0.25171560155344547	1.0	0.026831384658265796	0	1.0	1.0	1.0	1.0	1.0	1.0	1.0	1.0	0.22735780529220487	0.21810095477201008	0.21694862316917118	0.2384378152061312	0.23353292000750397	0.23639198447003765	1.0	0.9823008849557522	0.21538311718554842	1.0	0.9883286647992531	1.0	0.9929988331388566	1.0	1.0	0.9957972156553716	1.0	1.0	1.0	1.0	1.0	1.0	1.0	1.0	1.0	1.0	1.0	1.0	1.0	1.0	1.0	0.21385531084515633	0.2984248527851183	0.2019610751018486	0.20179669407405196	1.0	1.0	1.0	0.22349253180896184	0.236491373077082	0.41925071213897147	0.20019820235714297	1.0	1.0	0.4385026737967914	1.0	0.3384638637134514	1.0	1.0	0.23009559415077369	1.0	0.4195297614084635	1.0	1.0	1.0	1.0	1.0	1.0	1.0	0.32965326893220637	0.21909038528387959	0.22637053275862132	1.0	0.3296532689322064	1.0	1.0	1.0	0.218654214843906	0.48887355528721754	1.0	0.828658889716224	0.36412250850753525	0.3603057058100527	1.0	0.48887355528721754	0.4832555777591276	0.48887355528721754	0.48887355528721754	0.48887355528721754	0.48887355528721754	0.48887355528721754	0.48887355528721754	0.24478178368121448	0.48887355528721754	0.48887355528721754	0.48887355528721743	1.0	0.4385026737967914	0.8795287187039766	1.0	0.6514264306373828	1.0	1.0	0.48887355528721765	0.48887355528721765	1.0	0.48887355528721754	0.48887355528721743	0.48887355528721754	1.0	1.0	1.0	1.0	1.0	0.9587690469076784	1.0	0.9917210820895521	1.0	0.27977318764894443	0.289023910442092	0.25768075598857226	1.0	0.13637924589130176	0.48887355528721754	0.4801621528376747	1.0	1.0	1.0	1.0	1.0	1.0	0.5464654856169767	0.26518000827965077	0.3277245331098077	0.3680056195638159	0.22489711238399965	1.0	0.290167469906032	0.4216175033063078	0.26237740987035546	0.4844483918579854	0.3820053782579553	0.3264139694481917
R115	243277	0.12313775914574619	0.05029343987637283	0.08854843952097577	0.08290460117582361	1.0	0.01975334668921892	0.0393119849428332	0.03178914851857981	1.0	0.03178146289787968	0.031382498572544486	0.060666768245082395	1.0	0.026487055764464446	1.0	1.0	0	1.0	0.08237872558558	0.01751423817291753	0.049264797490011614	0.30779452628602005	1.0	1.0	1.0	1.0	1.0	1.0	1.0	1.0	0.7064989517819706	0.31534486185648974	1.0	0.25826723628571363	1.0	1.0	1.0	1.0	1.0	1.0	1.0	1.0	1.0	1.0	1.0	1.0	1.0	1.0	1.0	1.0	1.0	1.0	1.0	1.0	1.0	1.0	1.0	1.0	1.0	1.0	1.0	1.0	1.0	1.0	1.0	1.0	1.0	0.2695365054102163	1.0	0.22338775729884905	1.0	0.2667633015728018	0.2400480364060882	1.0	0.21561395031932196	1.0	0.23275017797068873	0.22717495635506166	0.28406693513620385	0.14423776377926056	0.17672348537513022	0.2227065650982216	0.2771490845052423	0.9932998324958123	1.0	1.0	0.3053946131002709	1.0	0.2676117949581551	0.2902345802141417	0.2630279709745766	1.0	0.9847281612706169	1.0	1.0	1.0	1.0	0.07119568858964198	1.0	1.0	1.0	1.0	1.0	1.0	1.0	1.0	1.0	1.0	1.0	1.0	0.12028936444190116	1.0	1.0	0.25741727134462966	0.6155169239061378	0.24759449241236106	0.2806558666411788	1.0	1.0	1.0	1.0	1.0	1.0	1.0	1.0	1.0	1.0	1.0	1.0	1.0	1.0	1.0	1.0	1.0	1.0	1.0	1.0	1.0	1.0	0.30855176816840607	0.30739520965377365	0.3069901060724281	0.3079085119699257	0.30512144274617664	0.3074160987435355	1.0	1.0	1.0	1.0	1.0	1.0	1.0	1.0	1.0	1.0	1.0	1.0
R128	243289	1.0	1.0	1.0	1.0	1.0	1.0	1.0	1.0	1.0	1.0	1.0	1.0	1.0	1.0	1.0	1.0	1.0	0	1.0	1.0	1.0	1.0	0.04953308972797402	0.07646759544918222	1.0	1.0	1.0	1.0	1.0	1.0	0.36058700209643607	1.0	1.0	0.9322678843226786	0.04222492209735301	0.0504604037873184	0.02286257883676723	0.03194894411373226	0.029816021315762622	0.03219859060241874	0.05957518286072041	0.07177560415879546	0.03320392395977244	0.0317708079280685	0.03897352717987373	0.0763052208835341	0.04499180908015131	0.02751511082861382	0.029516970544237575	0.023269369270394625	0.083755754726222	0.0339549728865864	0.02287580105935684	0.043126483816106315	0.10012900853611767	1.0	1.0	1.0	1.0	0.0763052208835341	0.06253585771658059	1.0	1.0	1.0	1.0	1.0	0.04811818703384971	1.0	1.0	1.0	1.0	1.0	1.0	1.0	1.0	1.0	1.0	1.0	1.0	1.0	1.0	1.0	1.0	1.0	1.0	1.0	0.9950248756218906	1.0	1.0	1.0	1.0	1.0	1.0	0.1212534059945504	1.0	1.0	1.0	1.0	1.0	1.0	1.0	1.0	1.0	1.0	1.0	1.0	0.941524796447076	1.0	1.0	1.0	1.0	1.0	0.14167893961708403	1.0	1.0	1.0	1.0	1.0	1.0	0.07630522088353414	1.0	1.0	0.995928338762215	0.11820812345943629	0.0763052208835341	0.07630522088353409	0.0763052208835341	0.07630522088353409	0.07630522088353413	0.07630522088353414	0.07630522088353411	0.11504035216434332	1.0	1.0	1.0	0.16394927536231882	1.0	1.0	1.0	1.0	1.0	1.0	1.0	1.0	1.0	1.0	1.0	1.0	1.0	1.0	0.04170252438324727	1.0	1.0	1.0	1.0	1.0	1.0
R147	243307	0.14707042922284716	0.08253948458385173	0.07541872375467434	0.07126835079119849	1.0	0.09024028579098138	0.10278814853994989	0.102387334849623	1.0	0.10543385192421406	0.09777495942430578	0.13592184375847008	1.0	0.07242201198968116	1.0	1.0	0.08237872558558	1.0	0	0.08491320457937142	0.11704494336073283	0.24332685741198634	1.0	0.995681511470985	1.0	1.0	1.0	1.0	1.0	1.0	0.7021804632529558	0.2508771929824562	1.0	0.20648820857905212	1.0	1.0	1.0	1.0	1.0	1.0	1.0	1.0	1.0	1.0	1.0	1.0	1.0	1.0	1.0	1.0	1.0	1.0	1.0	1.0	1.0	1.0	1.0	1.0	1.0	1.0	1.0	1.0	1.0	1.0	1.0	1.0	1.0	0.20075034800716776	1.0	0.1621395983255726	1.0	0.1979771441697533	0.2639807064831891	1.0	0.16953281285959598	1.0	0.25668284804778957	0.1866399575581289	0.21528077773315532	0.11333985711635997	0.18134421346311175	0.17921727395411602	0.20836292710219367	0.9932998324958123	1.0	1.0	0.24092694422623723	1.0	0.20013227325586705	0.22144842281109314	0.19478707116186464	1.0	0.9804096727416021	1.0	1.0	1.0	1.0	0.07164149303912784	1.0	1.0	1.0	1.0	1.0	1.0	1.0	1.0	1.0	1.0	1.0	1.0	0.16585150528727058	1.0	1.0	0.1888550243369877	0.6168235596068984	0.1795291518378934	0.2118697092381302	1.0	1.0	1.0	1.0	1.0	1.0	1.0	1.0	1.0	1.0	1.0	1.0	1.0	1.0	1.0	1.0	1.0	1.0	1.0	1.0	1.0	1.0	0.2440840992943723	0.2429275407797399	0.2425224371983944	0.24344084309589203	0.24065377387214293	0.2429484298695018	1.0	1.0	1.0	1.0	1.0	1.0	1.0	1.0	1.0	1.0	1.0	1.0
R189	243349	0.11413416281355804	0.04705152178720181	0.09012580874550695	0.08463453747773775	1.0	0.021978781853143455	0.03250246113228638	0.03825556557804006	1.0	0.04159886906921833	0.03029299780326892	0.058179128536003585	1.0	0.031085935853401	1.0	1.0	0.01751423817291753	1.0	0.08491320457937142	0	0.04190577784815594	0.3095244625879342	1.0	1.0	1.0	1.0	1.0	1.0	1.0	1.0	0.7064989517819706	0.3170747981584039	1.0	0.2599971725876278	1.0	1.0	1.0	1.0	1.0	1.0	1.0	1.0	1.0	1.0	1.0	1.0	1.0	1.0	1.0	1.0	1.0	1.0	1.0	1.0	1.0	1.0	1.0	1.0	1.0	1.0	1.0	1.0	1.0	1.0	1.0	1.0	1.0	0.27126644171213027	1.0	0.2251176936007632	1.0	0.2684932378747159	0.22988191443066167	1.0	0.2173438866212361	1.0	0.22258405599526215	0.21873877068154934	0.28579687143811794	0.14709059594671356	0.16716108019005074	0.22581024879562903	0.2788790208071564	0.9932998324958123	1.0	1.0	0.30712454940218503	1.0	0.27071547865556256	0.2919645165160558	0.26537027656156015	1.0	0.9847281612706169	1.0	1.0	1.0	1.0	0.07826284174697247	1.0	1.0	1.0	1.0	1.0	1.0	1.0	1.0	1.0	1.0	1.0	1.0	0.11932310596176635	1.0	1.0	0.25943822973668307	0.6168906713016311	0.25011235723758884	0.2823858029430929	1.0	1.0	1.0	1.0	1.0	1.0	1.0	1.0	1.0	1.0	1.0	1.0	1.0	1.0	1.0	1.0	1.0	1.0	1.0	1.0	1.0	1.0	0.3102817044703201	0.30912514595568774	0.3087200423743422	0.3096384482718398	0.3068513790480907	0.3091460350454495	1.0	1.0	1.0	1.0	1.0	1.0	1.0	1.0	1.0	1.0	1.0	1.0
R190	243350	0.14269457350725614	0.06961041471698273	0.1106354564335416	0.10556596876959692	1.0	0.048653862589758144	0.04560487283869747	0.05384019385844308	1.0	0.05636150563671733	0.05343342916256086	0.04125582573200046	1.0	0.05957629463268555	1.0	1.0	0.049264797490011614	1.0	0.11704494336073283	0.04190577784815594	0	0.3340764586879034	1.0	1.0	1.0	1.0	1.0	1.0	1.0	1.0	0.7064989517819708	0.3416267942583732	1.0	0.28454916868759694	1.0	1.0	1.0	1.0	1.0	1.0	1.0	1.0	1.0	1.0	1.0	1.0	1.0	1.0	1.0	1.0	1.0	1.0	1.0	1.0	1.0	1.0	1.0	1.0	1.0	1.0	1.0	1.0	1.0	1.0	1.0	1.0	1.0	0.2958184378120996	1.0	0.24966968970073236	1.0	0.2930452339746851	0.24128531735284459	1.0	0.24189588272120532	1.0	0.2374924121727597	0.24729918137524742	0.31034886753808727	0.1716425920466828	0.19572149088374882	0.25029104372309174	0.30343101690712554	0.9932998324958123	1.0	1.0	0.33167654550215425	1.0	0.29519627358302536	0.316516512616025	0.28985107148902284	1.0	0.9847281612706169	1.0	1.0	1.0	1.0	0.10561490544097343	1.0	1.0	1.0	1.0	1.0	1.0	1.0	1.0	1.0	1.0	1.0	1.0	0.10439056115531173	1.0	1.0	0.28391902466414587	0.6168194701291247	0.27459315216505165	0.30693779904306223	1.0	1.0	1.0	1.0	1.0	1.0	1.0	1.0	1.0	1.0	1.0	1.0	1.0	1.0	1.0	1.0	1.0	1.0	1.0	1.0	1.0	1.0	0.33483370057028927	0.33367714205565696	0.33327203847431147	0.33419044437180906	0.33140337514806	0.3336980311454188	1.0	1.0	1.0	1.0	1.0	1.0	1.0	1.0	1.0	1.0	1.0	1.0
R196	243356	0.29739600134040284	0.2873779113448536	0.258420105806435	0.2371998454577707	1.0	0.3135214173813922	0.32420782982216406	0.3266436887747903	1.0	0.31805926124333805	0.3234668425804663	0.3538236567183489	1.0	0.3021151973093488	1.0	1.0	0.30779452628602005	1.0	0.24332685741198634	0.3095244625879342	0.3340764586879034	0	1.0	1.0	1.0	1.0	1.0	1.0	1.0	1.0	0.7106918238993712	0.18791946308724827	1.0	0.21338987465906656	1.0	1.0	1.0	1.0	1.0	1.0	1.0	1.0	1.0	1.0	1.0	1.0	1.0	1.0	1.0	1.0	1.0	1.0	1.0	1.0	1.0	1.0	1.0	1.0	1.0	1.0	1.0	1.0	1.0	1.0	1.0	1.0	1.0	0.17449664429530204	1.0	0.17762338737247418	1.0	0.18204697986577176	0.32668147035944944	1.0	0.1976434442420262	1.0	0.3231765171041348	0.21751824817518253	0.17719560249743602	0.19276562019572296	0.2791016100427722	0.1931394110802797	0.17609688389648198	0.9932998324958123	1.0	1.0	0.10120677373757603	1.0	0.1803691275167785	0.21886664404479128	0.18036912751677855	1.0	0.984728161270617	1.0	1.0	1.0	1.0	0.27313234732984554	1.0	1.0	1.0	1.0	1.0	1.0	1.0	1.0	1.0	1.0	1.0	1.0	0.3634871284064755	1.0	1.0	0.18036912751677855	0.6212840202577512	0.18036912751677847	0.1820469798657718	1.0	1.0	1.0	1.0	1.0	1.0	1.0	1.0	1.0	1.0	1.0	1.0	1.0	1.0	1.0	1.0	1.0	1.0	1.0	1.0	1.0	1.0	0.17659764027377534	0.17449664429530193	0.19448206552681982	0.19548777413662713	0.21008381563639242	0.20487952537122336	1.0	1.0	1.0	1.0	1.0	1.0	1.0	1.0	1.0	1.0	1.0	1.0
R214	243374	1.0	1.0	1.0	1.0	1.0	1.0	1.0	1.0	1.0	1.0	1.0	1.0	1.0	1.0	1.0	1.0	1.0	0.04953308972797402	1.0	1.0	1.0	1.0	0	0.10601684809392858	1.0	1.0	1.0	1.0	1.0	1.0	0.36626346660129666	1.0	1.0	0.9322678843226786	0.04929312366440692	0.07638730471076847	0.04953308972797396	0.06023338965070132	0.042224928948436886	0.04856557908103771	0.06203569482330888	0.08154427690092107	0.06659820955522902	0.056435241575314626	0.07357443297811453	0.08607389362565973	0.07263861195766891	0.04222492894843689	0.05074562991737176	0.04222492894843684	0.11621201093253321	0.04353411799477749	0.0422738829291072	0.045641675897105126	0.1347299143343585	1.0	1.0	1.0	1.0	0.08607389362565973	0.07917174177831911	1.0	1.0	1.0	1.0	1.0	0.07345919610231426	1.0	1.0	1.0	1.0	1.0	1.0	1.0	1.0	1.0	1.0	1.0	1.0	1.0	1.0	1.0	1.0	1.0	1.0	1.0	0.9950248756218906	1.0	1.0	1.0	1.0	1.0	1.0	0.09384780307128611	1.0	1.0	1.0	1.0	1.0	1.0	1.0	1.0	1.0	1.0	1.0	1.0	0.9370836417468543	1.0	1.0	1.0	1.0	1.0	0.13437077883754683	1.0	1.0	1.0	1.0	1.0	1.0	0.07876573284612262	1.0	1.0	0.995928338762215	0.11089996267989918	0.07876573284612255	0.07876573284612258	0.07876573284612257	0.08186963681563958	0.07950084313268097	0.0800424439236421	0.0787657328461226	0.07545448127518377	1.0	1.0	1.0	0.14724002188917723	1.0	1.0	1.0	1.0	1.0	1.0	1.0	1.0	1.0	1.0	1.0	1.0	1.0	1.0	0.05833840844498579	1.0	1.0	1.0	1.0	1.0	1.0
R217	243377	0.970649895178197	1.0	0.9776708373435995	0.9913106444605357	1.0	1.0	1.0	1.0	1.0	1.0	1.0	1.0	1.0	1.0	1.0	1.0	1.0	0.07646759544918222	0.995681511470985	1.0	1.0	1.0	0.10601684809392858	0	1.0	1.0	1.0	1.0	1.0	1.0	0.3228511530398322	1.0	1.0	0.902917779500876	0.10847735320543316	0.06488408151067593	0.08771517824598998	0.053715919205876685	0.08821935225454161	0.06795822987446166	0.1258276139688006	0.13802803526687563	0.06504592417106175	0.09925394036615488	0.05418253757344909	0.1425576519916143	0.04613106953228196	0.08347051506215372	0.06455860030835206	0.09468531156608238	0.06095963082272331	0.10020740399466659	0.08784802026356903	0.10937891492418648	0.07680658350417549	1.0	1.0	1.0	1.0	0.1425576519916143	0.11949685534591199	1.0	1.0	1.0	1.0	1.0	0.06385744234800843	0.9711908383287108	1.0	0.970649895178197	1.0	0.9706498951781972	0.970649895178197	1.0	0.970649895178197	1.0	0.9706498951781972	0.970649895178197	0.970649895178197	0.9766192733017377	0.970649895178197	0.970649895178197	0.970649895178197	1.0	1.0	1.0	0.9950248756218906	1.0	0.970649895178197	0.9782829996606719	0.9742899850523168	1.0	0.9847281612706169	0.12125340599455035	1.0	1.0	1.0	1.0	1.0	1.0	1.0	1.0	1.0	1.0	1.0	1.0	0.9415247964470762	1.0	1.0	1.0	1.0	1.0	0.141678939617084	0.970649895178197	1.0	0.970649895178197	0.970649895178197	1.0	1.0	0.14255765199161433	1.0	1.0	0.9959283387622152	0.1425576519916143	0.14255765199161427	0.14255765199161427	0.14255765199161424	0.14255765199161427	0.14255765199161427	0.1425576519916143	0.14255765199161427	0.14255765199161424	1.0	1.0	1.0	0.1639492753623188	1.0	1.0	1.0	1.0	1.0	1.0	1.0	1.0	1.0	1.0	1.0	1.0	1.0	1.0	0.10089098532494765	1.0	1.0	1.0	1.0	1.0	1.0
R220	243380	1.0	1.0	1.0	1.0	0.1548580152191809	1.0	1.0	1.0	0.22588314014130242	1.0	1.0	1.0	0.20341454072123138	1.0	0.2237439297440868	0.22735780529220487	1.0	1.0	1.0	1.0	1.0	1.0	1.0	1.0	0	0.037229006910915456	0.053231034111061414	0.06799447135387918	0.0614326280773352	0.12389106113710815	1.0	0.9823008849557522	0.11284794202716712	1.0	0.9883286647992532	1.0	0.9929988331388564	1.0	1.0	0.9957972156553716	1.0	1.0	1.0	1.0	1.0	1.0	1.0	1.0	1.0	1.0	1.0	1.0	1.0	1.0	1.0	0.21086752809667655	0.1754444244442868	0.12534712519849528	0.10973309249211788	1.0	1.0	1.0	0.103958824909274	0.14388018113772685	0.3198110230007496	0.08212975032349461	1.0	1.0	0.29250073674173593	1.0	0.4602066957436241	1.0	1.0	0.141353266970505	1.0	0.3149896428472032	1.0	1.0	1.0	1.0	1.0	1.0	1.0	0.25838546473865925	0.1653702264521124	0.228267548920216	1.0	0.24709883953581435	1.0	1.0	1.0	0.17559690086938895	0.4630852340936375	1.0	0.820385538181517	0.2470988395358143	0.4820485378402255	1.0	0.4630852340936375	0.45746725656554754	0.4630852340936375	0.4630852340936375	0.4630852340936375	0.4630852340936375	0.4630852340936375	0.4630852340936375	0.3476732661976707	0.4630852340936375	0.4630852340936375	0.46308523409363744	1.0	0.35825722551958417	0.8695139911634756	1.0	0.5407868668939969	1.0	1.0	0.4630852340936375	0.46308523409363744	1.0	0.4630852340936375	0.46308523409363744	0.46308523409363733	1.0	1.0	1.0	1.0	1.0	0.9587690469076784	1.0	0.9917210820895521	1.0	0.40850088580251664	0.2959391958676215	0.18017700230777242	1.0	0.2313230176389321	0.4630852340936375	0.45175764007460706	1.0	1.0	1.0	1.0	1.0	1.0	0.4249625223223618	0.15782228384311472	0.23039249743975712	0.30067421816955103	0.12576424137802136	1.0	0.20360489874962323	0.29784339267621945	0.2293249403082266	0.3371347527377162	0.2448470368208471	0.21043705270076543
R223	243383	1.0	1.0	1.0	1.0	0.17749079265089582	1.0	1.0	1.0	0.21662628962110753	1.0	1.0	1.0	0.20691991901569037	1.0	0.21448707922389196	0.21810095477201008	1.0	1.0	1.0	1.0	1.0	1.0	1.0	1.0	0.037229006910915456	0	0.024094139549745427	0.07944825477495325	0.07438070031968808	0.14421940014485332	1.0	0.9823008849557522	0.13008966522847606	1.0	0.9883286647992531	1.0	0.9929988331388564	1.0	1.0	0.9957972156553715	1.0	1.0	1.0	1.0	1.0	1.0	1.0	1.0	1.0	1.0	1.0	1.0	1.0	1.0	1.0	0.21437290639113554	0.1864115680943247	0.12705741832833836	0.12362297694624035	1.0	1.0	1.0	0.1100882870458117	0.15476385866440356	0.3271364435786354	0.09209868156729764	1.0	1.0	0.30130329136293355	1.0	0.45841161057900826	1.0	1.0	0.16398604440221992	1.0	0.32587332037387984	1.0	1.0	1.0	1.0	1.0	1.0	1.0	0.2692691422653359	0.16334058575233074	0.21619853852225096	1.0	0.2522427294567772	1.0	1.0	1.0	0.18610962833492978	0.4548265959796774	1.0	0.828658889716224	0.24972387894853101	0.48025345267560954	1.0	0.4548265959796775	0.4492086184515875	0.4548265959796774	0.4548265959796774	0.4548265959796774	0.4548265959796774	0.4548265959796774	0.4548265959796774	0.3458781810330549	0.4548265959796774	0.4548265959796774	0.4548265959796774	1.0	0.3499985874056242	0.8795287187039765	1.0	0.5342152944636203	1.0	1.0	0.4548265959796775	0.4548265959796774	1.0	0.4548265959796774	0.4548265959796774	0.4548265959796774	1.0	1.0	1.0	1.0	1.0	0.9587690469076784	1.0	0.9917210820895521	1.0	0.4067058006379007	0.28021879239808256	0.18368238060223138	1.0	0.2213572606065975	0.4548265959796774	0.4434990019606471	1.0	1.0	1.0	1.0	1.0	1.0	0.4241014205901499	0.15950299634515655	0.23640957021216585	0.3086343069490503	0.12950677760897605	1.0	0.21671411858069684	0.30872707020289614	0.22255968086519834	0.3528930949792729	0.25840107693443837	0.22275032791144617
