219
30721      0.0000000 0.0087047 0.1088836 0.0979622 0.0865444 0.0000010 0.0043133 0.0410016 0.0867838 0.0716932 0.0716346 0.0086588 0.0090107 0.0130585 0.0087000 0.0715965 0.0043141 0.0220743 0.0132052 0.0086993 0.0716346 0.0087000 0.0266284 0.0703453 0.0719911 0.0985601 0.0813490 0.1772243 0.0043186 0.0218955 0.0313351 0.0713146 0.0720416 0.0042922 0.0173663 0.0086784 0.0174572 0.0763834 0.0042959 0.0086751 0.0042976 0.0043133 0.0754135 0.0501974 0.0713415 0.0662460 0.0662563 0.0716932 0.0713146 0.0665268 0.0764844 0.0713415 0.0763834 0.0876219 0.0663360 0.0662460 0.0716574 0.0816580 0.0768574 0.0042976 0.0663112 0.0663347 0.0713397 0.0772293 0.0716845 0.0042922 0.0716574 0.0713312 0.0087030 0.0043133 0.0717314 0.0087000 0.0087000 0.0000010 0.0087000 0.0043141 0.0715965 0.0087030 0.0043141 0.0414373 0.0459715 0.0316429 0.0086228 0.0087034 0.0608901 0.0408249 0.0410359 0.0662460 0.0086685 0.0043155 0.0043155 0.0042922 0.0042922 0.0043155 0.0932737 0.0042922 0.0927469 0.0042922 0.0043155 0.0043155 0.0408100 0.0457752 0.0042922 0.0734454 0.0042976 0.0043133 0.0356557 0.0042976 0.0043186 0.0174828 0.0550120 0.0356109 0.0087030 0.0504968 0.0042976 0.0043155 0.0086751 0.0042976 0.0310106 0.0361106 0.0086678 0.0129947 0.0043186 0.0983758 0.0604585 0.0042974 0.0177094 0.0087109 0.0042922 0.0086333 0.0043141 0.0814621 0.0410081 0.0410081 0.0266284 0.0043141 0.1782754 0.0000010 0.0129838 0.0042922 0.0086257 0.0043133 0.0220018 0.0086645 0.0086260 0.0086365 0.0042959 0.0042922 0.0042922 0.0086260 0.0042959 0.0043141 0.0000010 0.0043141 0.0665473 0.0714106 0.0662460 0.0764762 0.0719911 0.0043155 0.0662460 0.0713146 0.0410016 0.0087883 0.0454682 0.1045265 0.0086661 0.0402551 0.0217837 0.0173515 0.0131666 0.0923095 0.0612843 0.0086573 0.0086228 0.0666619 0.0174578 0.0130312 0.0087109 0.0659231 0.0043147 0.0409390 0.0361106 0.0043155 0.0653266 0.0929718 0.0131737 0.0131022 0.0086645 0.0833222 0.0712440 0.0663347 0.0714358 0.0000010 0.0086675 0.0042976 0.0322997 0.0455687 0.0361106 0.0363041 0.0322997 0.0043133 0.0000010 0.0815444 0.0086685 0.0657019 0.0502623 0.0713146 0.0361106 0.0361106 0.0086365 0.0669018 0.0408246 0.0042959 0.0043155 0.0361106 0.0666381 0.0875317 0.0042974 
30726      0.0087047 0.0000000 0.1019285 0.0912855 0.0802046 0.0086712 0.0131173 0.0311719 0.0804217 0.0656665 0.0656134 0.0175558 0.0182799 0.0220648 0.0176427 0.0655796 0.0131198 0.0313395 0.0223162 0.0176391 0.0656134 0.0176427 0.0360079 0.0595562 0.0659334 0.0918307 0.0751359 0.1679542 0.0131327 0.0310808 0.0408655 0.0653263 0.0659781 0.0130534 0.0264076 0.0175958 0.0265489 0.0702765 0.0130645 0.0175892 0.0130694 0.0131173 0.0644546 0.0401460 0.0653504 0.0603793 0.0659334 0.0656665 0.0653263 0.0606307 0.0703680 0.0653504 0.0702765 0.0811812 0.0604594 0.0603793 0.0656333 0.0754111 0.0707031 0.0130694 0.0604372 0.0604586 0.0653492 0.0710387 0.0656576 0.0130534 0.0656333 0.0653404 0.0176488 0.0131173 0.0657005 0.0176427 0.0176427 0.0086712 0.0176427 0.0131198 0.0655796 0.0176488 0.0131198 0.0314939 0.0359405 0.0220966 0.0174811 0.0176473 0.0503298 0.0310412 0.0311969 0.0603793 0.0175749 0.0131234 0.0131234 0.0130534 0.0130534 0.0131234 0.0866707 0.0130534 0.0861916 0.0130534 0.0131234 0.0131234 0.0310299 0.0357910 0.0130534 0.0672389 0.0130694 0.0131173 0.0452047 0.0130694 0.0131327 0.0311317 0.0448068 0.0451471 0.0176488 0.0605573 0.0130694 0.0131234 0.0175892 0.0131209 0.0404349 0.0264789 0.0175740 0.0219557 0.0131327 0.0916630 0.0499824 0.0130689 0.0269406 0.0176647 0.0130534 0.0175027 0.0131198 0.0752379 0.0311764 0.0311764 0.0360079 0.0131198 0.1689247 0.0086712 0.0219367 0.0130534 0.0174871 0.0131173 0.0312348 0.0175674 0.0174877 0.0175093 0.0130645 0.0131047 0.0130534 0.0174877 0.0130645 0.0131198 0.0087156 0.0131198 0.0606484 0.0654126 0.0603793 0.0703595 0.0659334 0.0131234 0.0603793 0.0653263 0.0311719 0.0178223 0.0355581 0.0976128 0.0175709 0.0499048 0.0309193 0.0263855 0.0222515 0.0857939 0.0555303 0.0175522 0.0174811 0.0607509 0.0265495 0.0220187 0.0176647 0.0600907 0.0131209 0.0311263 0.0264789 0.0131234 0.0547050 0.0863961 0.0222640 0.0221406 0.0175674 0.0769203 0.0652631 0.0604586 0.0654355 0.0087047 0.0175734 0.0130694 0.0225447 0.0356342 0.0264789 0.0266175 0.0225447 0.0131173 0.0087093 0.0753120 0.0175749 0.0550108 0.0401963 0.0653263 0.0264789 0.0264789 0.0175093 0.0609650 0.0310407 0.0130645 0.0131234 0.0264789 0.0607293 0.0810996 0.0130689 
63502      0.1088836 0.1019285 0.0000000 0.0087239 0.0176820 0.1084091 0.1144264 0.1013285 0.0360579 0.0409551 0.0409219 0.1199088 0.1142217 0.1256453 0.1206119 0.0409025 0.1144732 0.1379169 0.1272510 0.1205608 0.0409219 0.1206119 0.1082652 0.0598305 0.0411144 0.0360116 0.0222092 0.2468220 0.1145874 0.0926065 0.1142737 0.0407492 0.0411396 0.1137674 0.0868804 0.1201974 0.1088882 0.0360574 0.1138893 0.1201583 0.1139266 0.1144264 0.0550283 0.0800252 0.0407637 0.0360579 0.0411144 0.0409551 0.0407492 0.0362043 0.0455159 0.0407637 0.0360574 0.0266803 0.0455158 0.0360579 0.0409321 0.0507111 0.0457218 0.1139266 0.0454995 0.0455159 0.0407640 0.0459320 0.0409468 0.1137674 0.0409321 0.0409468 0.1206603 0.1144264 0.0409745 0.1206119 0.1206119 0.1084091 0.1206119 0.1144732 0.0409025 0.1206603 0.1144732 0.1079412 0.1071817 0.0962331 0.1192932 0.1150167 0.0801957 0.1008548 0.1014193 0.0360579 0.1144739 0.1145187 0.1145187 0.1137674 0.1137674 0.1089629 0.0407117 0.1137674 0.0312383 0.1029467 0.1145187 0.1145187 0.1008217 0.0960390 0.1137674 0.0419014 0.1139266 0.1144264 0.0661095 0.1139266 0.1145874 0.1255619 0.0749412 0.0761226 0.1206603 0.0828344 0.1139266 0.1145187 0.1201583 0.1144271 0.0811839 0.0955711 0.1200277 0.1249218 0.1145874 0.0267138 0.0898491 0.1139343 0.1333703 0.1207833 0.1084091 0.1194608 0.1144732 0.0313965 0.1013580 0.1013580 0.1082652 0.1144732 0.2484109 0.1084091 0.1029525 0.1137674 0.1084159 0.1144264 0.1023702 0.1199887 0.1193318 0.1194995 0.1138893 0.1142666 0.1137674 0.1193318 0.1138893 0.1144732 0.1090360 0.1144732 0.0362130 0.0502960 0.0360579 0.0457218 0.0411144 0.1089607 0.0360579 0.0407492 0.0907835 0.1220172 0.0851568 0.0408793 0.1200391 0.0710979 0.0920542 0.0974045 0.1269228 0.0315352 0.0407640 0.1144264 0.1083733 0.0457305 0.1255077 0.1198585 0.1207833 0.0360579 0.1144271 0.0856309 0.0955711 0.1089629 0.0646668 0.0221541 0.1270301 0.1261741 0.1199887 0.0512658 0.0313970 0.0455159 0.0503140 0.1088836 0.1200366 0.1139266 0.0929569 0.1061619 0.0955711 0.0961075 0.0929569 0.1144264 0.1089698 0.0313970 0.1144739 0.0954469 0.0903425 0.0407492 0.0955711 0.0955711 0.1194995 0.0363955 0.1008602 0.1138893 0.1089629 0.0955711 0.0457139 0.0358745 0.1139343 
63503      0.0979622 0.0912855 0.0087239 0.0000000 0.0087560 0.0975387 0.1033918 0.0907570 0.0267810 0.0315424 0.0315168 0.1087723 0.1027060 0.1143889 0.1094014 0.0315024 0.1034316 0.1263541 0.1158378 0.1093578 0.0315168 0.1094014 0.0974095 0.0597528 0.0316633 0.0267467 0.0131971 0.2323068 0.1035358 0.0820034 0.1032540 0.0313854 0.0316820 0.1028043 0.0764381 0.1090337 0.0979623 0.0267804 0.1029124 0.1089976 0.1029467 0.1033918 0.0646668 0.0699105 0.0313965 0.0267810 0.0316633 0.0315424 0.0313854 0.0268888 0.0360579 0.0313965 0.0267804 0.0176160 0.0360574 0.0267810 0.0315241 0.0410810 0.0362181 0.1029467 0.0360447 0.0360579 0.0313970 0.0363828 0.0315352 0.1028043 0.0315241 0.0315352 0.1094448 0.1033918 0.0315569 0.1094014 0.1094014 0.0975387 0.1094014 0.1034316 0.0315024 0.1094448 0.1034316 0.0971239 0.0964491 0.0857392 0.1082227 0.1039196 0.0800890 0.0903386 0.0908376 0.0267810 0.1034353 0.1034722 0.1034722 0.1028043 0.1028043 0.0980319 0.0313568 0.1028043 0.0220983 0.0921846 0.1034722 0.1034722 0.0903084 0.0855672 0.1028043 0.0322626 0.1029467 0.1033918 0.0761226 0.1029467 0.1035358 0.1143125 0.0649254 0.0760204 0.1094448 0.0932905 0.1029467 0.1034722 0.1089976 0.1033954 0.0709079 0.0851568 0.1088813 0.1137379 0.1035358 0.0266803 0.0795965 0.1029525 0.1217957 0.1095554 0.0975387 0.1083733 0.1034316 0.0222086 0.0907814 0.0907814 0.0974095 0.1034316 0.2337791 0.0975387 0.0921889 0.1028043 0.0975437 0.1033918 0.0916744 0.1088452 0.1082584 0.1084091 0.1029124 0.1032518 0.1028043 0.1082584 0.1029124 0.1034316 0.0980980 0.1034316 0.0268948 0.0407492 0.0267810 0.0362181 0.0316633 0.0980270 0.0267810 0.0313854 0.0804154 0.1106628 0.0749433 0.0314835 0.1088884 0.0811839 0.0815224 0.0867655 0.1155341 0.0223053 0.0313970 0.1033918 0.0975059 0.0362259 0.1142659 0.1087293 0.1095554 0.0267810 0.1033954 0.0753571 0.0851568 0.0980319 0.0548861 0.0221264 0.1156284 0.1148618 0.1088452 0.0415250 0.0222092 0.0360579 0.0407640 0.0979622 0.1088882 0.1029467 0.0823203 0.0955441 0.0851568 0.0856309 0.0823203 0.1033918 0.0980370 0.0222092 0.1034353 0.0850464 0.0800278 0.0313854 0.0851568 0.0851568 0.1084091 0.0270287 0.0903425 0.1029124 0.0980319 0.0851568 0.0362126 0.0266463 0.1029525 
63504      0.0865444 0.0802046 0.0176820 0.0087560 0.0000000 0.0861765 0.0918139 0.0797519 0.0175546 0.0221494 0.0221314 0.0970457 0.0906461 0.1024914 0.0975943 0.0221218 0.0918468 0.1140391 0.1037668 0.0975581 0.0221314 0.0975943 0.0979623 0.0699090 0.0222324 0.0268817 0.0043263 0.2158650 0.0919395 0.0710402 0.1038469 0.0220410 0.0222448 0.0913039 0.0656807 0.0972766 0.0865410 0.0175536 0.0913972 0.0972439 0.0914280 0.0918139 0.0749412 0.0595310 0.0220486 0.0175546 0.0222324 0.0221494 0.0220410 0.0176247 0.0265865 0.0220486 0.0175536 0.0177035 0.0265859 0.0175546 0.0221361 0.0314041 0.0267016 0.0914280 0.0265767 0.0265865 0.0220492 0.0268208 0.0221438 0.0913039 0.0221361 0.0221438 0.0976322 0.0918139 0.0221591 0.0975943 0.0975943 0.0861765 0.0975943 0.0918468 0.0221218 0.0976322 0.0918468 0.0858185 0.0852349 0.0748532 0.0965675 0.0922738 0.0805257 0.0793924 0.0798214 0.0175546 0.0918528 0.0918821 0.0918821 0.0913039 0.0913039 0.0866041 0.0315162 0.0913039 0.0222086 0.0809766 0.0918821 0.0918821 0.0793656 0.0747050 0.0913039 0.0226453 0.0914280 0.0918139 0.0868804 0.0914280 0.0919395 0.1024232 0.0546834 0.0867620 0.0976322 0.1046485 0.0914280 0.0918821 0.0972439 0.0918199 0.0815224 0.0743553 0.0971431 0.1019201 0.0919395 0.0268147 0.0800278 0.0914321 0.1095096 0.0977291 0.0861765 0.0966994 0.0918468 0.0131030 0.0797714 0.0797714 0.0979623 0.0918468 0.2171954 0.0861765 0.0809794 0.0913039 0.0861799 0.0918139 0.0921889 0.0971105 0.0965998 0.0967317 0.0913972 0.0916947 0.0913039 0.0965998 0.0913972 0.0918468 0.0866622 0.0918468 0.0176282 0.0311558 0.0175546 0.0267016 0.0222324 0.0865972 0.0175546 0.0220410 0.0696985 0.0986977 0.0644250 0.0316443 0.0971463 0.0920542 0.0706340 0.0757265 0.1034924 0.0131586 0.0220492 0.0918139 0.0861471 0.0267080 0.1023843 0.0970100 0.0977291 0.0175546 0.0918199 0.0647750 0.0743553 0.0866041 0.0649254 0.0222362 0.1035730 0.1029037 0.0971105 0.0317370 0.0131034 0.0265865 0.0311672 0.0865444 0.0971480 0.0914280 0.0713184 0.0844531 0.0743553 0.0747625 0.0713184 0.0918139 0.0866076 0.0131034 0.0918528 0.0855124 0.0693678 0.0220410 0.0743553 0.0743553 0.0967317 0.0177143 0.0793950 0.0913972 0.0866041 0.0743553 0.0266981 0.0267804 0.0914321 
29206      0.0000010 0.0086712 0.1084091 0.0975387 0.0861765 0.0000000 0.0042967 0.0408348 0.0864138 0.0713892 0.0713310 0.0086252 0.0089742 0.0130075 0.0086666 0.0712933 0.0042974 0.0219871 0.0131531 0.0086650 0.0713310 0.0086666 0.0265226 0.0700524 0.0716845 0.0981313 0.0810044 0.1763688 0.0043019 0.0218096 0.0312094 0.0710138 0.0717345 0.0042761 0.0172986 0.0086440 0.0173890 0.0760602 0.0042796 0.0086407 0.0042813 0.0042967 0.0750983 0.0499932 0.0710404 0.0659676 0.0659778 0.0713892 0.0710138 0.0662460 0.0761603 0.0710404 0.0760602 0.0872446 0.0660568 0.0659676 0.0713536 0.0813106 0.0765301 0.0042813 0.0660322 0.0660556 0.0710387 0.0768988 0.0713805 0.0042761 0.0713536 0.0710301 0.0086696 0.0042967 0.0714270 0.0086666 0.0086666 0.0000010 0.0086666 0.0042974 0.0712933 0.0086696 0.0042974 0.0412670 0.0457828 0.0315155 0.0085894 0.0086694 0.0606363 0.0406595 0.0408687 0.0659676 0.0086348 0.0042989 0.0042989 0.0042761 0.0042761 0.0042983 0.0928690 0.0042761 0.0923469 0.0042761 0.0042989 0.0042989 0.0406447 0.0455881 0.0042761 0.0731263 0.0042813 0.0042967 0.0355137 0.0042813 0.0043019 0.0218438 0.0547874 0.0354693 0.0086696 0.0502903 0.0042813 0.0042989 0.0086407 0.0042976 0.0308877 0.0359650 0.0086333 0.0129441 0.0043019 0.0979487 0.0602083 0.0042811 0.0176391 0.0086773 0.0042761 0.0085998 0.0042974 0.0811165 0.0408412 0.0408412 0.0265226 0.0042974 0.1774096 0.0000010 0.0129332 0.0042761 0.0085923 0.0042967 0.0219151 0.0086299 0.0085926 0.0086030 0.0042796 0.0042922 0.0042761 0.0085926 0.0042796 0.0042974 0.0000010 0.0042974 0.0662663 0.0711089 0.0659676 0.0761522 0.0716845 0.0042989 0.0659676 0.0710138 0.0408348 0.0087536 0.0452838 0.1040676 0.0086315 0.0400944 0.0216986 0.0172839 0.0131147 0.0919133 0.0610274 0.0086236 0.0085894 0.0663800 0.0173895 0.0129807 0.0086773 0.0656474 0.0042976 0.0407727 0.0359650 0.0042983 0.0650557 0.0925697 0.0131208 0.0130508 0.0086299 0.0829606 0.0709437 0.0660556 0.0711339 0.0000010 0.0086329 0.0042813 0.0321664 0.0453834 0.0359650 0.0361569 0.0321664 0.0042967 0.0000010 0.0811980 0.0086348 0.0654278 0.0500575 0.0710138 0.0359650 0.0359650 0.0086030 0.0666179 0.0406592 0.0042796 0.0042983 0.0359650 0.0663564 0.0871551 0.0042811 
29207      0.0043133 0.0131173 0.1144264 0.1033918 0.0918139 0.0042967 0.0000000 0.0457752 0.0920696 0.0768574 0.0767945 0.0130464 0.0135792 0.0174897 0.0131103 0.0716845 0.0086666 0.0266105 0.0176870 0.0131077 0.0767945 0.0131103 0.0312094 0.0754050 0.0662460 0.1040271 0.0865671 0.1753411 0.0086757 0.0263937 0.0359784 0.0764494 0.0772343 0.0086236 0.0218051 0.0130759 0.0219200 0.0815649 0.0086299 0.0130710 0.0086333 0.0086650 0.0805239 0.0550223 0.0764783 0.0713310 0.0713415 0.0768574 0.0764494 0.0716346 0.0816727 0.0764783 0.0815649 0.0929657 0.0714287 0.0713310 0.0768198 0.0869015 0.0820747 0.0086333 0.0714018 0.0714270 0.0764761 0.0824739 0.0768490 0.0086236 0.0768198 0.0764679 0.0131147 0.0086650 0.0768988 0.0131103 0.0131103 0.0042967 0.0131103 0.0086666 0.0767532 0.0131147 0.0086666 0.0462652 0.0508144 0.0363354 0.0129917 0.0131139 0.0658979 0.0455764 0.0458136 0.0713310 0.0130610 0.0086696 0.0086696 0.0086236 0.0086236 0.0086694 0.0986926 0.0086236 0.0981313 0.0086236 0.0086696 0.0086696 0.0455600 0.0505951 0.0086236 0.0787473 0.0086333 0.0086650 0.0402978 0.0086333 0.0086757 0.0264361 0.0598825 0.0402470 0.0131147 0.0553496 0.0086333 0.0086696 0.0130710 0.0086678 0.0356033 0.0408164 0.0130599 0.0174038 0.0086757 0.1038311 0.0654278 0.0086329 0.0222390 0.0131255 0.0086236 0.0130075 0.0086666 0.0866884 0.0457828 0.0457828 0.0312094 0.0086666 0.1763688 0.0042967 0.0173890 0.0086236 0.0129961 0.0086650 0.0265226 0.0130550 0.0129965 0.0130124 0.0086299 0.0086573 0.0086236 0.0129965 0.0086299 0.0086666 0.0043186 0.0086666 0.0716574 0.0765528 0.0713310 0.0816652 0.0771791 0.0086696 0.0713310 0.0764494 0.0457752 0.0132425 0.0502531 0.1100819 0.0130575 0.0449351 0.0262578 0.0217863 0.0176355 0.0976651 0.0663256 0.0130439 0.0129917 0.0717815 0.0219206 0.0174530 0.0131255 0.0709812 0.0086678 0.0457043 0.0408164 0.0086694 0.0703364 0.0983709 0.0176452 0.0175487 0.0130550 0.0886807 0.0763729 0.0714270 0.0765795 0.0043133 0.0130594 0.0086333 0.0370928 0.0503652 0.0408164 0.0410363 0.0370928 0.0086650 0.0043155 0.0867769 0.0130610 0.0707443 0.0550941 0.0764494 0.0408164 0.0408164 0.0130124 0.0720416 0.0455763 0.0086299 0.0086694 0.0408164 0.0717561 0.0928690 0.0086329 
57368      0.0410016 0.0311719 0.1013285 0.0907570 0.0797519 0.0408348 0.0457752 0.0000000 0.0799665 0.0649879 0.0652491 0.0505524 0.0477201 0.0554614 0.0508182 0.0649028 0.0457871 0.0656885 0.0463572 0.0508044 0.0652491 0.0508182 0.0657218 0.0356482 0.0652491 0.0860494 0.0747152 0.1670841 0.0458344 0.0651187 0.0710644 0.0649652 0.0652928 0.0455383 0.0599096 0.0506702 0.0553367 0.0649028 0.0455805 0.0506519 0.0455970 0.0457752 0.0402986 0.0173672 0.0600483 0.0600483 0.0652491 0.0649879 0.0649652 0.0602968 0.0699757 0.0649891 0.0698851 0.0807170 0.0552280 0.0600483 0.0652687 0.0749875 0.0703069 0.0455970 0.0601055 0.0601267 0.0649879 0.0706386 0.0652928 0.0455383 0.0652687 0.0649791 0.0508367 0.0457752 0.0653352 0.0508182 0.0508182 0.0408348 0.0508182 0.0457871 0.0649028 0.0508367 0.0457871 0.0267336 0.0131138 0.0175103 0.0503227 0.0508274 0.0265783 0.0086333 0.0086752 0.0600483 0.0506089 0.0458036 0.0458036 0.0455383 0.0455383 0.0457960 0.0809675 0.0455383 0.0805257 0.0455383 0.0458036 0.0458036 0.0086301 0.0130609 0.0455383 0.0668559 0.0455970 0.0457752 0.0805613 0.0455970 0.0458344 0.0652273 0.0218041 0.0804535 0.0508367 0.0872323 0.0455970 0.0458036 0.0506519 0.0457840 0.0753395 0.0042958 0.0506044 0.0551710 0.0458344 0.0911300 0.0219960 0.0455969 0.0611996 0.0508846 0.0455383 0.0503878 0.0457871 0.0697917 0.0086691 0.0086691 0.0657218 0.0457871 0.1680437 0.0408348 0.0502757 0.0455383 0.0455383 0.0457752 0.0604761 0.0409935 0.0503407 0.0504059 0.0361193 0.0457249 0.0455383 0.0503407 0.0455805 0.0457871 0.0410544 0.0457871 0.0603143 0.0650505 0.0600483 0.0699672 0.0652491 0.0458036 0.0600483 0.0551559 0.0086301 0.0513616 0.0129798 0.0917090 0.0505998 0.0856181 0.0647545 0.0598527 0.0559615 0.0853029 0.0552280 0.0505387 0.0503227 0.0601267 0.0602480 0.0553367 0.0508846 0.0597629 0.0457840 0.0086564 0.0042958 0.0457960 0.0310420 0.0858979 0.0559979 0.0556653 0.0505862 0.0764787 0.0649028 0.0601267 0.0650733 0.0410016 0.0457752 0.0455970 0.0044079 0.0130053 0.0042958 0.0043181 0.0044079 0.0457752 0.0410266 0.0748892 0.0506089 0.0266219 0.0129798 0.0551559 0.0042958 0.0042958 0.0504059 0.0603364 0.0086330 0.0455805 0.0457960 0.0042958 0.0601055 0.0755099 0.0408348 
869401     0.0867838 0.0804217 0.0360579 0.0267810 0.0175546 0.0864138 0.0920696 0.0799665 0.0000000 0.0222042 0.0221862 0.0973175 0.0909092 0.1027806 0.0978693 0.0221765 0.0921027 0.1143672 0.1040633 0.0978328 0.0221862 0.0978693 0.1090475 0.0903386 0.0222876 0.0362418 0.0220486 0.2028531 0.0921959 0.0918468 0.1151093 0.0220953 0.0223002 0.0915566 0.0861765 0.0975497 0.0972865 0.0175974 0.0916505 0.0975169 0.0916815 0.0920696 0.0955711 0.0793950 0.0221030 0.0175979 0.0222876 0.0132108 0.0220953 0.0176680 0.0266525 0.0131402 0.0087180 0.0087915 0.0266519 0.0175979 0.0221909 0.0314832 0.0267681 0.0916815 0.0266426 0.0266525 0.0221036 0.0268880 0.0221986 0.0915566 0.0221909 0.0221986 0.0979075 0.0920696 0.0222138 0.0978693 0.0978693 0.0864138 0.0978693 0.0921027 0.0221765 0.0979075 0.0921027 0.0860538 0.0854669 0.0750536 0.0968366 0.0925321 0.0705544 0.0796050 0.0800363 0.0175979 0.0921087 0.0921382 0.0921382 0.0915566 0.0915566 0.0868438 0.0409739 0.0915566 0.0314357 0.0811980 0.0921382 0.0921382 0.0795781 0.0749047 0.0915566 0.0227028 0.0916815 0.0920696 0.1084091 0.0916815 0.0921959 0.1027120 0.0743553 0.1082584 0.0979075 0.1272510 0.0916815 0.0921382 0.0975169 0.0920756 0.1028043 0.0745530 0.0974154 0.1022060 0.0921959 0.0088024 0.0904680 0.0916856 0.1098256 0.0980049 0.0864138 0.0969692 0.0921027 0.0220754 0.0799861 0.0799861 0.1090475 0.0921027 0.2040879 0.0864138 0.0915608 0.0915566 0.0864172 0.0920696 0.1031012 0.0973827 0.0968690 0.0970017 0.0916505 0.0919497 0.0915566 0.0968690 0.0916505 0.0921027 0.0869022 0.0921027 0.0176716 0.0312337 0.0175979 0.0267681 0.0222876 0.0868368 0.0175979 0.0220953 0.0698836 0.0989791 0.0744550 0.0411437 0.0974188 0.1137674 0.0913039 0.0966046 0.1037875 0.0313028 0.0221036 0.0920696 0.0863843 0.0176997 0.1026729 0.0972816 0.0980049 0.0175979 0.0920756 0.0649459 0.0745530 0.0868438 0.0851568 0.0132510 0.1038686 0.1031954 0.0973827 0.0318178 0.0131351 0.0266525 0.0312452 0.0867838 0.0974204 0.0916815 0.0715123 0.0846807 0.0745530 0.0749624 0.0715123 0.0920696 0.0868473 0.0043386 0.0921087 0.0961120 0.0795024 0.0220953 0.0745530 0.0745530 0.0970017 0.0177581 0.0796076 0.0916505 0.0868438 0.0745530 0.0267646 0.0361029 0.0916856 
34349      0.0716932 0.0656665 0.0409551 0.0315424 0.0221494 0.0713892 0.0768574 0.0649879 0.0222042 0.0000000 0.0088006 0.0819985 0.0750624 0.0873302 0.0824570 0.0087577 0.0768828 0.0879179 0.0884130 0.0824287 0.0088006 0.0824570 0.0986307 0.0960488 0.0088006 0.0270511 0.0176409 0.2043382 0.0769619 0.0976735 0.1045617 0.0087652 0.0088053 0.0764351 0.0918881 0.0821947 0.0871212 0.0087577 0.0765117 0.0821661 0.0765384 0.0768574 0.1013619 0.0747407 0.0043632 0.0043632 0.0088006 0.0087685 0.0087652 0.0043804 0.0132163 0.0087681 0.0131994 0.0223948 0.0087685 0.0043632 0.0088022 0.0178397 0.0132724 0.0765384 0.0132112 0.0132163 0.0087685 0.0133313 0.0088053 0.0764351 0.0088022 0.0088053 0.0824887 0.0768574 0.0088116 0.0824570 0.0824570 0.0713892 0.0824570 0.0768828 0.0087577 0.0824887 0.0768828 0.0710964 0.0706177 0.0604677 0.0816001 0.0824647 0.0859270 0.0650106 0.0653581 0.0043632 0.0820896 0.0769121 0.0769121 0.0764351 0.0764351 0.0768910 0.0317156 0.0764351 0.0223474 0.0662911 0.0769121 0.0769121 0.0649879 0.0703069 0.0764351 0.0090035 0.0765384 0.0768574 0.1145193 0.0765384 0.0769619 0.0872712 0.0797789 0.1143585 0.0824887 0.1337630 0.0765384 0.0769121 0.0821661 0.0768657 0.1088175 0.0600694 0.0820825 0.0868473 0.0769619 0.0316626 0.0805533 0.0765407 0.0939993 0.0825702 0.0713892 0.0817109 0.0768828 0.0131835 0.0653157 0.0653157 0.0986307 0.0768828 0.2055923 0.0713892 0.0815177 0.0764351 0.0764351 0.0768574 0.0928123 0.0820540 0.0816283 0.0817392 0.0765117 0.0767614 0.0764351 0.0816283 0.0765117 0.0768828 0.0717902 0.0768828 0.0043812 0.0087750 0.0043632 0.0132724 0.0088006 0.0717327 0.0043632 0.0087652 0.0649879 0.0833836 0.0698158 0.0318453 0.0820819 0.1199556 0.0970881 0.0917938 0.0881718 0.0268341 0.0087685 0.0768574 0.0713641 0.0132163 0.0872406 0.0819706 0.0825702 0.0043632 0.0768657 0.0506019 0.0600694 0.0768910 0.0907875 0.0270061 0.0882377 0.0876757 0.0820540 0.0180271 0.0087577 0.0043686 0.0087786 0.0716932 0.0768574 0.0765384 0.0567188 0.0699773 0.0600694 0.0603973 0.0567188 0.0768574 0.0717433 0.0176776 0.0820896 0.0860786 0.0698158 0.0087652 0.0600694 0.0600694 0.0817392 0.0043827 0.0650118 0.0765117 0.0768910 0.0600694 0.0132112 0.0269484 0.0713892 
364589     0.0716346 0.0656134 0.0409219 0.0315168 0.0221314 0.0713310 0.0767945 0.0652491 0.0221862 0.0088006 0.0000000 0.0819315 0.0749982 0.0872590 0.0823892 0.0087895 0.0768198 0.0984943 0.0883400 0.0823610 0.0087936 0.0823892 0.1040271 0.0959723 0.0088332 0.0316891 0.0176258 0.2041603 0.0768988 0.0975943 0.1100376 0.0087580 0.0088380 0.0763729 0.0918139 0.0821274 0.0923656 0.0131887 0.0764494 0.0820989 0.0764761 0.0767945 0.1012812 0.0746813 0.0087610 0.0043588 0.0088332 0.0088006 0.0087580 0.0043769 0.0132055 0.0087610 0.0131887 0.0223765 0.0132050 0.0043588 0.0087952 0.0178251 0.0132613 0.0764761 0.0132005 0.0132055 0.0087613 0.0133203 0.0087982 0.0763729 0.0087952 0.0087982 0.0824209 0.0767945 0.0088045 0.0823892 0.0823892 0.0713310 0.0823892 0.0768198 0.0087895 0.0824209 0.0768198 0.0710387 0.0705608 0.0604189 0.0815338 0.0823970 0.0862859 0.0649586 0.0653055 0.0043588 0.0820226 0.0768490 0.0768490 0.0763729 0.0763729 0.0768282 0.0363958 0.0763729 0.0269258 0.0662370 0.0768490 0.0768490 0.0649359 0.0702505 0.0763729 0.0089960 0.0764761 0.0767945 0.1144264 0.0764761 0.0768988 0.0872001 0.0797157 0.1142659 0.0824209 0.1336529 0.0764761 0.0768490 0.0820989 0.0768029 0.1087293 0.0600213 0.0820154 0.0867769 0.0768988 0.0316368 0.0856563 0.0764783 0.0939224 0.0825022 0.0713310 0.0816445 0.0768198 0.0176479 0.0652631 0.0652631 0.1040271 0.0768198 0.2054121 0.0713310 0.0866884 0.0763729 0.0815649 0.0767945 0.0981313 0.0819869 0.0815620 0.0816727 0.0764494 0.0766988 0.0763729 0.0815620 0.0764494 0.0768198 0.0717314 0.0768198 0.0043777 0.0176859 0.0043588 0.0132613 0.0088332 0.0716739 0.0043588 0.0087580 0.0652491 0.0833145 0.0697602 0.0365459 0.0820148 0.1198585 0.0970100 0.0917198 0.0880991 0.0268123 0.0087613 0.0767945 0.0713059 0.0132652 0.0871695 0.0819037 0.0825022 0.0043588 0.0768029 0.0505611 0.0600213 0.0768282 0.0907151 0.0269840 0.0881647 0.0876039 0.0819869 0.0180122 0.0087505 0.0132055 0.0176926 0.0716346 0.0820183 0.0764761 0.0566722 0.0699214 0.0600213 0.0603486 0.0566722 0.0767945 0.0716845 0.0176633 0.0820226 0.0912532 0.0747820 0.0087580 0.0600213 0.0600213 0.0816727 0.0043988 0.0649597 0.0764494 0.0768282 0.0600213 0.0132601 0.0315680 0.0764783 
5737005    0.0086588 0.0175558 0.1199088 0.1087723 0.0970457 0.0086252 0.0130464 0.0505524 0.0973175 0.0819985 0.0819315 0.0000000 0.0135819 0.0219442 0.0175462 0.0818868 0.0130489 0.0311638 0.0221924 0.0175427 0.0819315 0.0175462 0.0358044 0.0804428 0.0823441 0.1094448 0.0917525 0.1903488 0.0130624 0.0309086 0.0406318 0.0815613 0.0824040 0.0129832 0.0262635 0.0174997 0.0264028 0.0867186 0.0129942 0.0174932 0.0129990 0.0130464 0.0856076 0.0598428 0.0815924 0.0763979 0.0764084 0.0819985 0.0815613 0.0767240 0.0868333 0.0815924 0.0867186 0.0982712 0.0765034 0.0763979 0.0819594 0.0921124 0.0872643 0.0129990 0.0764744 0.0765011 0.0815895 0.0876906 0.0819908 0.0129832 0.0819594 0.0815820 0.0175522 0.0130464 0.0820433 0.0175462 0.0175462 0.0086252 0.0175462 0.0130489 0.0818868 0.0175522 0.0130489 0.0510972 0.0556554 0.0410387 0.0173865 0.0175508 0.0708928 0.0503315 0.0505950 0.0763979 0.0174798 0.0130534 0.0130534 0.0129832 0.0129832 0.0130524 0.1040676 0.0129832 0.1034722 0.0129832 0.0130534 0.0130534 0.0503135 0.0554150 0.0129832 0.0840253 0.0129990 0.0130464 0.0449465 0.0129990 0.0130624 0.0309584 0.0647444 0.0448895 0.0175522 0.0601973 0.0129990 0.0130534 0.0174932 0.0130499 0.0402061 0.0455297 0.0174781 0.0218359 0.0130624 0.1092370 0.0703843 0.0129986 0.0267887 0.0175679 0.0129832 0.0174078 0.0130489 0.0918821 0.0505613 0.0505613 0.0358044 0.0130489 0.1914965 0.0086252 0.0218170 0.0129832 0.0173924 0.0130464 0.0310598 0.0174716 0.0173930 0.0174134 0.0129942 0.0130338 0.0129832 0.0173930 0.0129942 0.0130489 0.0086694 0.0130489 0.0767493 0.0816721 0.0763979 0.0868266 0.0823441 0.0130534 0.0763979 0.0815613 0.0505524 0.0177231 0.0550376 0.1155820 0.0174751 0.0496178 0.0307484 0.0262407 0.0221282 0.1029775 0.0713536 0.0174565 0.0173865 0.0768828 0.0264034 0.0218981 0.0175679 0.0760213 0.0130499 0.0504731 0.0455297 0.0130524 0.0753288 0.1037263 0.0221406 0.0220187 0.0174716 0.0940052 0.0814790 0.0765011 0.0817004 0.0086588 0.0174776 0.0129990 0.0371020 0.0551614 0.0455297 0.0457750 0.0371020 0.0130464 0.0086634 0.0919767 0.0174798 0.0757683 0.0599215 0.0815613 0.0455297 0.0455297 0.0174134 0.0771629 0.0503317 0.0129942 0.0130524 0.0455297 0.0768558 0.0981681 0.0129986 
5737006    0.0090107 0.0182799 0.1142217 0.1027060 0.0906461 0.0089742 0.0135792 0.0477201 0.0909092 0.0750624 0.0749982 0.0135819 0.0000000 0.0228493 0.0182695 0.0749563 0.0135819 0.0324698 0.0231189 0.0182656 0.0749982 0.0182695 0.0373140 0.0787166 0.0753897 0.1033648 0.0851821 0.1829958 0.0135965 0.0321929 0.0423612 0.0746471 0.0754456 0.0135106 0.0273444 0.0182188 0.0274955 0.0799712 0.0135225 0.0182116 0.0135278 0.0135792 0.0840802 0.0573658 0.0746766 0.0693236 0.0693345 0.0750624 0.0746471 0.0696311 0.0800816 0.0746766 0.0799712 0.0918318 0.0746766 0.0693236 0.0750237 0.0855241 0.0804920 0.0135278 0.0746471 0.0746744 0.0746744 0.0809002 0.0750534 0.0135106 0.0750237 0.0746658 0.0182760 0.0135792 0.0751044 0.0182695 0.0182695 0.0089742 0.0182695 0.0135819 0.0749563 0.0182760 0.0135819 0.0482536 0.0529946 0.0378653 0.0180964 0.0182745 0.0687866 0.0475039 0.0477619 0.0693236 0.0181971 0.0135867 0.0135867 0.0135106 0.0135106 0.0135850 0.1033648 0.0135106 0.0972189 0.0089742 0.0135867 0.0135867 0.0474861 0.0527570 0.0135106 0.0769875 0.0135278 0.0135792 0.0468509 0.0135278 0.0135965 0.0275381 0.0624464 0.0467890 0.0182760 0.0628310 0.0135278 0.0135867 0.0182116 0.0135822 0.0418983 0.0425330 0.0181950 0.0181189 0.0135965 0.1031615 0.0682740 0.0135273 0.0279157 0.0182931 0.0135106 0.0181195 0.0135819 0.0853064 0.0477286 0.0477286 0.0373140 0.0135819 0.1841192 0.0089742 0.0227117 0.0135106 0.0181028 0.0135792 0.0323575 0.0181878 0.0181034 0.0181265 0.0135225 0.0135657 0.0135106 0.0181034 0.0135225 0.0135819 0.0090221 0.0135819 0.0696540 0.0800526 0.0693236 0.0800735 0.0753897 0.0135867 0.0693236 0.0746471 0.0477201 0.0184623 0.0523845 0.1096820 0.0181917 0.0517286 0.0320190 0.0273197 0.0230487 0.0967373 0.0693236 0.0181726 0.0135225 0.0750624 0.0274962 0.0227997 0.0182931 0.0689697 0.0135822 0.0476427 0.0425330 0.0135850 0.0734079 0.0974665 0.0230623 0.0229305 0.0181878 0.0873516 0.0745694 0.0746744 0.0800816 0.0090107 0.0181944 0.0135278 0.0425330 0.0525065 0.0425330 0.0427710 0.0425330 0.0135792 0.0090156 0.0853970 0.0181971 0.0738529 0.0574440 0.0746471 0.0425330 0.0425330 0.0181265 0.0700430 0.0475039 0.0135225 0.0135850 0.0425330 0.0750348 0.0972189 0.0135273 
5737010    0.0130585 0.0220648 0.1256453 0.1143889 0.1024914 0.0130075 0.0174897 0.0554614 0.1027806 0.0873302 0.0872590 0.0219442 0.0228493 0.0000000 0.0086333 0.0872106 0.0130624 0.0358120 0.0267771 0.0130050 0.0872590 0.0130075 0.0309572 0.0856644 0.0877013 0.1151013 0.0971431 0.1972251 0.0175113 0.0355171 0.0356840 0.0868620 0.0877663 0.0174044 0.0308066 0.0219940 0.0217465 0.0920696 0.0174185 0.0219859 0.0174251 0.0085982 0.0908837 0.0648098 0.0868953 0.0816445 0.0816551 0.0873302 0.0868620 0.0819947 0.0921916 0.0868953 0.0920696 0.1037962 0.0817584 0.0816445 0.0872896 0.0975305 0.0926536 0.0174251 0.0817272 0.0817555 0.0868917 0.0931090 0.0873232 0.0130075 0.0872896 0.0868850 0.0130119 0.0085982 0.0873787 0.0130075 0.0086333 0.0130075 0.0086333 0.0174932 0.0872106 0.0130119 0.0174932 0.0560640 0.0606403 0.0458563 0.0218502 0.0130104 0.0760571 0.0552173 0.0555085 0.0816445 0.0219687 0.0174992 0.0174992 0.0174044 0.0174044 0.0174979 0.1096728 0.0174044 0.1090406 0.0174044 0.0174992 0.0174992 0.0551977 0.0603755 0.0174044 0.0895034 0.0174251 0.0085982 0.0497138 0.0174251 0.0175113 0.0355745 0.0697613 0.0496504 0.0130119 0.0651928 0.0174251 0.0174992 0.0219859 0.0174943 0.0449190 0.0503650 0.0129579 0.0263445 0.0175113 0.1148808 0.0755077 0.0174245 0.0220600 0.0220801 0.0174044 0.0218776 0.0174932 0.0972816 0.0554719 0.0554719 0.0405030 0.0174932 0.1984245 0.0130075 0.0263222 0.0174044 0.0218579 0.0085982 0.0356924 0.0129531 0.0218585 0.0218857 0.0174185 0.0174728 0.0174044 0.0218585 0.0174185 0.0174932 0.0130745 0.0130624 0.0820226 0.0869806 0.0816445 0.0921858 0.0877013 0.0174992 0.0816445 0.0868620 0.0554614 0.0131373 0.0599605 0.1213326 0.0219632 0.0544271 0.0353314 0.0307796 0.0174957 0.1085152 0.0765528 0.0129421 0.0218502 0.0821661 0.0217471 0.0173163 0.0220801 0.0812394 0.0174943 0.0553732 0.0503650 0.0174979 0.0804963 0.1093105 0.0175052 0.0174093 0.0129531 0.0995450 0.0867734 0.0817555 0.0870104 0.0086333 0.0129574 0.0174251 0.0468224 0.0600967 0.0503650 0.0506377 0.0468224 0.0174897 0.0130654 0.0973827 0.0219687 0.0809694 0.0648958 0.0868620 0.0503650 0.0503650 0.0218857 0.0824677 0.0552177 0.0174185 0.0174979 0.0503650 0.0821376 0.1036862 0.0174245 
4229683    0.0087000 0.0176427 0.1206119 0.1094014 0.0975943 0.0086666 0.0131103 0.0508182 0.0978693 0.0824570 0.0823892 0.0175462 0.0182695 0.0086333 0.0000000 0.0823441 0.0042543 0.0313213 0.0223036 0.0086650 0.0823892 0.0086666 0.0265226 0.0808847 0.0828065 0.1100819 0.0922678 0.1916249 0.0130099 0.0307828 0.0312094 0.0820148 0.0828672 0.0130464 0.0263937 0.0175862 0.0173890 0.0872037 0.0130575 0.0175796 0.0130624 0.0042967 0.0860809 0.0601592 0.0820462 0.0768198 0.0768305 0.0824570 0.0820148 0.0771497 0.0873196 0.0820462 0.0872037 0.0988342 0.0769265 0.0768198 0.0824174 0.0926323 0.0877556 0.0130624 0.0768972 0.0769242 0.0820433 0.0881868 0.0824492 0.0086666 0.0824174 0.0820358 0.0086696 0.0042967 0.0825022 0.0086666 0.0000010 0.0086666 0.0000010 0.0131128 0.0823441 0.0086696 0.0130544 0.0513690 0.0559527 0.0412521 0.0174716 0.0086694 0.0712806 0.0505950 0.0508623 0.0768198 0.0175651 0.0131173 0.0131173 0.0130464 0.0130464 0.0131164 0.1046700 0.0130464 0.1040676 0.0130464 0.0131173 0.0131173 0.0505768 0.0557095 0.0130464 0.0845082 0.0130624 0.0042967 0.0451770 0.0130624 0.0131255 0.0311139 0.0650890 0.0451195 0.0085937 0.0605174 0.0130624 0.0130009 0.0175796 0.0131139 0.0404107 0.0457663 0.0086333 0.0219436 0.0131255 0.1098716 0.0707665 0.0130619 0.0176391 0.0176550 0.0130464 0.0174932 0.0131128 0.0923989 0.0508283 0.0508283 0.0359870 0.0129965 0.1927889 0.0085908 0.0219246 0.0130464 0.0174776 0.0042588 0.0312166 0.0086299 0.0174781 0.0174997 0.0130575 0.0130977 0.0130464 0.0174781 0.0130575 0.0129965 0.0087109 0.0042922 0.0771752 0.0821268 0.0768198 0.0873129 0.0828065 0.0131173 0.0768198 0.0820148 0.0508182 0.0087536 0.0553270 0.1162641 0.0174048 0.0498738 0.0309016 0.0263707 0.0131147 0.1035670 0.0717454 0.0086236 0.0174716 0.0773102 0.0173895 0.0129807 0.0174967 0.0764390 0.0131139 0.0507381 0.0457663 0.0131164 0.0757398 0.1043247 0.0131208 0.0130508 0.0086299 0.0945469 0.0819315 0.0769242 0.0821554 0.0043141 0.0086329 0.0130624 0.0421199 0.0554521 0.0457663 0.0460150 0.0421199 0.0131103 0.0087047 0.0924946 0.0175651 0.0761834 0.0602387 0.0820148 0.0457663 0.0457663 0.0174997 0.0775936 0.0505951 0.0130575 0.0130001 0.0457663 0.0772830 0.0987299 0.0130619 
35893      0.0715965 0.0655796 0.0409025 0.0315024 0.0221218 0.0712933 0.0716845 0.0649028 0.0221765 0.0087577 0.0087895 0.0818868 0.0749563 0.0872106 0.0823441 0.0000000 0.0767785 0.0984379 0.0882905 0.0823159 0.0087895 0.0823441 0.0984934 0.0959187 0.0043792 0.0270167 0.0176190 0.1975075 0.0768574 0.0975389 0.1044148 0.0087544 0.0087942 0.0763320 0.0917627 0.0820825 0.0870022 0.0087469 0.0764084 0.0820540 0.0764351 0.0767532 0.1012239 0.0746422 0.0043579 0.0043579 0.0087895 0.0087577 0.0087544 0.0043749 0.0131999 0.0087573 0.0131830 0.0223666 0.0087577 0.0043579 0.0087912 0.0178173 0.0132558 0.0764351 0.0131949 0.0131999 0.0087577 0.0133146 0.0087942 0.0763320 0.0087912 0.0087942 0.0823757 0.0767532 0.0088006 0.0823441 0.0823441 0.0712933 0.0823441 0.0767785 0.0087469 0.0823757 0.0767785 0.0710013 0.0705239 0.0603883 0.0814895 0.0823517 0.0858113 0.0649254 0.0652720 0.0043579 0.0819777 0.0768077 0.0768077 0.0763320 0.0763320 0.0767867 0.0316751 0.0763320 0.0223193 0.0662025 0.0768077 0.0768077 0.0649028 0.0702139 0.0763320 0.0089921 0.0764351 0.0767532 0.1143585 0.0764351 0.0768574 0.0871518 0.0796733 0.1141982 0.0823757 0.1335692 0.0764351 0.0768077 0.0820540 0.0767614 0.1086657 0.0599911 0.0819706 0.0867290 0.0768574 0.0316223 0.0804456 0.0764373 0.0938680 0.0824570 0.0712933 0.0816001 0.0767785 0.0131666 0.0652297 0.0652297 0.0984934 0.0767785 0.1987099 0.0712933 0.0814073 0.0763320 0.0763320 0.0767532 0.0926843 0.0819422 0.0815177 0.0816283 0.0764084 0.0766575 0.0763320 0.0815177 0.0764084 0.0767785 0.0716932 0.0767785 0.0043757 0.0176782 0.0043579 0.0132558 0.0087895 0.0716359 0.0043579 0.0087544 0.0649028 0.0832681 0.0697241 0.0318045 0.0819700 0.1197866 0.0969551 0.0916686 0.0880499 0.0268003 0.0087577 0.0767532 0.0712682 0.0131999 0.0871212 0.0818590 0.0824570 0.0043579 0.0767614 0.0505363 0.0599911 0.0767867 0.0906651 0.0269719 0.0881155 0.0875552 0.0819422 0.0180043 0.0087469 0.0131999 0.0176849 0.0715965 0.0767532 0.0764351 0.0566432 0.0698851 0.0599911 0.0603181 0.0566432 0.0767532 0.0716464 0.0176557 0.0819777 0.0859625 0.0697241 0.0087544 0.0599911 0.0599911 0.0816283 0.0043772 0.0649266 0.0764084 0.0767867 0.0599911 0.0131949 0.0269143 0.0712933 
4229685    0.0043141 0.0131198 0.1144732 0.1034316 0.0918468 0.0042974 0.0086666 0.0457871 0.0921027 0.0768828 0.0768198 0.0130489 0.0135819 0.0130624 0.0042543 0.0767785 0.0000000 0.0266164 0.0176906 0.0131103 0.0768198 0.0131128 0.0312166 0.0754292 0.0772048 0.1040676 0.0865972 0.1839652 0.0086012 0.0261631 0.0359870 0.0764744 0.0772600 0.0086252 0.0218096 0.0130785 0.0219246 0.0815924 0.0086315 0.0130735 0.0086349 0.0086666 0.0805506 0.0550376 0.0765034 0.0713536 0.0713641 0.0768828 0.0764744 0.0716574 0.0817004 0.0765034 0.0815924 0.0929996 0.0714514 0.0713536 0.0768451 0.0869319 0.0821027 0.0086349 0.0714245 0.0714496 0.0765011 0.0825022 0.0768744 0.0086252 0.0768451 0.0764930 0.0131173 0.0086666 0.0769242 0.0131128 0.0042922 0.0042974 0.0042922 0.0086683 0.0767785 0.0131173 0.0086294 0.0462775 0.0508283 0.0363443 0.0129942 0.0131164 0.0659179 0.0455882 0.0458255 0.0713536 0.0130635 0.0086712 0.0086712 0.0086252 0.0086252 0.0086710 0.0987299 0.0086252 0.0981681 0.0086252 0.0086712 0.0086712 0.0455718 0.0506088 0.0086252 0.0787742 0.0086349 0.0086666 0.0403077 0.0086349 0.0086773 0.0264419 0.0598997 0.0402568 0.0130009 0.0553650 0.0086349 0.0085953 0.0130735 0.0086694 0.0356117 0.0408266 0.0130624 0.0174073 0.0086773 0.1038713 0.0654475 0.0086345 0.0222438 0.0131281 0.0086252 0.0130100 0.0086683 0.0867186 0.0457948 0.0457948 0.0312166 0.0085924 0.1850671 0.0042596 0.0173924 0.0086252 0.0129986 0.0085908 0.0265284 0.0130575 0.0129990 0.0130149 0.0086315 0.0086588 0.0086252 0.0129990 0.0086315 0.0085924 0.0043193 0.0000010 0.0716802 0.0765779 0.0713536 0.0816929 0.0772048 0.0086712 0.0713536 0.0764744 0.0457871 0.0132451 0.0502666 0.1101263 0.0129446 0.0449465 0.0262635 0.0217908 0.0176391 0.0977015 0.0663460 0.0130464 0.0129942 0.0718044 0.0219252 0.0174565 0.0130124 0.0710035 0.0086694 0.0457162 0.0408266 0.0086710 0.0703582 0.0984079 0.0176488 0.0175522 0.0130575 0.0887126 0.0763979 0.0714496 0.0766046 0.0043141 0.0130619 0.0086349 0.0371020 0.0503787 0.0408266 0.0410467 0.0371020 0.0086666 0.0043163 0.0868071 0.0130635 0.0707665 0.0551094 0.0764744 0.0408266 0.0408266 0.0130149 0.0720647 0.0455881 0.0086315 0.0085947 0.0408266 0.0717790 0.0929028 0.0086345 
4229686    0.0220743 0.0313395 0.1379169 0.1263541 0.1140391 0.0219871 0.0266105 0.0656885 0.1143672 0.0879179 0.0984943 0.0311638 0.0324698 0.0358120 0.0313213 0.0984379 0.0266164 0.0000000 0.0313823 0.0313141 0.0984943 0.0313213 0.0502330 0.0966668 0.0990027 0.1271566 0.1085511 0.2053619 0.0266439 0.0450409 0.0552879 0.0980380 0.0990794 0.0264782 0.0401776 0.0312351 0.0403961 0.1033735 0.0265014 0.0312236 0.0265112 0.0266105 0.1020226 0.0751917 0.0980762 0.0926852 0.0926956 0.0985750 0.0980380 0.0930882 0.1035115 0.0980762 0.1033735 0.1155217 0.0928176 0.0926852 0.0985314 0.1090010 0.1040429 0.0265112 0.0927815 0.0928132 0.0980711 0.1045624 0.0985700 0.0264782 0.0985314 0.0980664 0.0313323 0.0266105 0.0986315 0.0313213 0.0313213 0.0219871 0.0313213 0.0266164 0.0984379 0.0313323 0.0266164 0.0664169 0.0710449 0.0558599 0.0310282 0.0313283 0.0869023 0.0653935 0.0657464 0.0926852 0.0311985 0.0266256 0.0266256 0.0264782 0.0264782 0.0266228 0.1215952 0.0264782 0.1208804 0.0264782 0.0266256 0.0266256 0.0653706 0.0707300 0.0264782 0.1010727 0.0265112 0.0266105 0.0596188 0.0265112 0.0174377 0.0451143 0.0802668 0.0595417 0.0313323 0.0701758 0.0265112 0.0266256 0.0312236 0.0266169 0.0546935 0.0604182 0.0311953 0.0310282 0.0266439 0.1269074 0.0862632 0.0265106 0.0410051 0.0313604 0.0264782 0.0310672 0.0266164 0.1087094 0.0657034 0.0657034 0.0502330 0.0266164 0.1974676 0.0219871 0.0355993 0.0264782 0.0310391 0.0266105 0.0452669 0.0311844 0.0310397 0.0310782 0.0265014 0.0265834 0.0264782 0.0310397 0.0265014 0.0266164 0.0221019 0.0266164 0.0931222 0.0875634 0.0926852 0.1035080 0.0990027 0.0266256 0.0926852 0.0980380 0.0656885 0.0222859 0.0702318 0.1336186 0.0311907 0.0644368 0.0448003 0.0401414 0.0361213 0.1202860 0.0874733 0.0311567 0.0310282 0.0932878 0.0403964 0.0357348 0.0313604 0.0922171 0.0266169 0.0655805 0.0604182 0.0266228 0.0913640 0.1211855 0.0361429 0.0359377 0.0311844 0.0995791 0.0979354 0.0822994 0.0875936 0.0220743 0.0311947 0.0265112 0.0570540 0.0703952 0.0604182 0.0607510 0.0570540 0.0266105 0.0220866 0.1088253 0.0311985 0.0919105 0.0752938 0.0980380 0.0604182 0.0604182 0.0220144 0.0936368 0.0653947 0.0265014 0.0266228 0.0604182 0.0932559 0.1153961 0.0265106 
