CR-30	201434	0	0.7397202987955596	0.7891469164807898	0.6634967669095708	0.6948477481876261	0.7156169224448655	0.7756284460550428	0.800174429464662	0.6284309442823748	0.748334709798161	0.8273009538703749	0.6769444852825883	0.8375848485997712	0.6934506440662821	0.7080003983886254
CR-32	201436	0.7397202987955596	0	0.39822450499581885	0.3705634602455056	0.3195355181025663	0.4401446111467005	0.40435984207667663	0.5065458754965408	0.5519422785172261	0.3494487095641189	0.4656820855163115	0.3136157571470595	0.5095050062571819	0.29361859628580544	0.4168792532783944
CR-57	201454	0.7891469164807898	0.39822450499581885	0	0.4824548969355997	0.38433067054099257	0.4702681318051802	0.29119330460063625	0.4628885253089812	0.5182251240752062	0.33772824867463086	0.3096689673487335	0.45891021801221077	0.36542893727596065	0.4232429346288074	0.4159439929447792
Tri-10	201575	0.6634967669095708	0.3705634602455056	0.4824548969355997	0	0.3292661221445819	0.17218747412644306	0.4405118069412023	0.4468802534961754	0.5741129592223698	0.28679090274285035	0.49596968130044444	0.1428703079238655	0.5055631293505334	0.37061804160272704	0.18683690522549887
Tri-18	201583	0.6948477481876261	0.3195355181025663	0.38433067054099257	0.3292661221445819	0	0.4424323901747912	0.332026101700959	0.5085827777145168	0.4088273023455564	0.28379773675263226	0.45369495341965493	0.2980236860990758	0.4881399879632906	0.22874271179818675	0.3865304629371366
Tri-20	201585	0.7156169224448655	0.4401446111467005	0.4702681318051802	0.17218747412644306	0.4424323901747912	0	0.4194745457570818	0.3746267840263308	0.6262331147576646	0.2649511620222026	0.46518206075506324	0.26632996120405544	0.44569405125493256	0.4509657612466654	0.16935660741918226
Tri-51	201605	0.7756284460550428	0.40435984207667663	0.29119330460063625	0.4405118069412023	0.332026101700959	0.4194745457570818	0	0.39293328027387553	0.5105324906905134	0.21870866740253722	0.3021332229193567	0.40469771312633923	0.33163151984186645	0.3614930902734813	0.3764824554863078
KL-025	201669	0.800174429464662	0.5065458754965408	0.4628885253089812	0.4468802534961754	0.5085827777145168	0.3746267840263308	0.39293328027387553	0	0.6488998830175069	0.32572085625179803	0.34937272006704606	0.5010625651666155	0.302812958618632	0.482944802806182	0.39015723652435896
KL-37	201674	0.6284309442823748	0.5519422785172261	0.5182251240752062	0.5741129592223698	0.4088273023455564	0.6262331147576646	0.5105324906905134	0.6488998830175069	0	0.4903761717874533	0.5980804297221691	0.5507450849097262	0.5960081632620221	0.46396660637105036	0.6186165907014244
KL-704	201687	0.748334709798161	0.3494487095641189	0.33772824867463086	0.28679090274285035	0.28379773675263226	0.2649511620222026	0.21870866740253722	0.32572085625179803	0.4903761717874533	0	0.3482409602034095	0.3000595482822726	0.3862714533662379	0.3276921769481554	0.25076406213407065
KL-102	201749	0.8273009538703749	0.4656820855163115	0.3096689673487335	0.49596968130044444	0.45369495341965493	0.46518206075506324	0.3021332229193567	0.34937272006704606	0.5980804297221691	0.3482409602034095	0	0.49596968130044444	0.262908463935328	0.4396129764760088	0.3813988375634427
KL-98	201757	0.6769444852825883	0.3136157571470595	0.45891021801221077	0.1428703079238655	0.2980236860990758	0.26632996120405544	0.40469771312633923	0.5010625651666155	0.5507450849097262	0.3000595482822726	0.49596968130044444	0	0.5268187944762553	0.3255673463629592	0.29209630367646183
KL-105	201763	0.8375848485997712	0.5095050062571819	0.36542893727596065	0.5055631293505334	0.4881399879632906	0.44569405125493256	0.33163151984186645	0.302812958618632	0.5960081632620221	0.3862714533662379	0.262908463935328	0.5268187944762553	0	0.5181208564918377	0.3921377080216917
KL-121	201777	0.6934506440662821	0.29361859628580544	0.4232429346288074	0.37061804160272704	0.22874271179818675	0.4509657612466654	0.3614930902734813	0.482944802806182	0.46396660637105036	0.3276921769481554	0.4396129764760088	0.3255673463629592	0.5181208564918377	0	0.42770040337835935
KL-178	201802	0.7080003983886254	0.4168792532783944	0.4159439929447792	0.18683690522549887	0.3865304629371366	0.16935660741918226	0.3764824554863078	0.39015723652435896	0.6186165907014244	0.25076406213407065	0.3813988375634427	0.29209630367646183	0.3921377080216917	0.42770040337835935	0
