CR-30	201434	0.0	0.004534561000779951	0.0033369094080492956	0.004381940041607086	0.003557735137182142	0.0044803049959842925	0.005494162611284558	0.0032210711818599293	0.005418907394598854	0.004973012986156425	0.003943167392699724	0.0035687861339538346	0.006317364992743229	0.006582115113159535	0.0040631283780199
CR-57	201454	0.004534561000779951	0.0	0.0025145281760545883	0.002484081891064141	0.0014630465281123153	0.0016223800756692043	0.0026871169298240544	0.0021540848237827986	0.0025171035422785573	0.0033027698769390163	0.0027491763498760525	0.0031197721974419337	0.004271322848216551	0.004352146122191767	0.001996384577612233
Tri-10	201575	0.0033369094080492956	0.0025145281760545883	0.0	0.0021793480746629887	0.002066186501737771	0.0018464961368156525	0.0027550058378032574	0.0007080778490456688	0.0022269927414599613	0.003085258507408296	0.0006628144246143288	0.0006943556041241295	0.0029845117362357304	0.00563360173645143	0.0009895604142690511
CR-32	201436	0.004381940041607086	0.002484081891064141	0.0021793480746629887	0.0	0.0022162418332588186	0.002474103762302033	0.0029498475840571	0.001924524968412795	0.003205845664347371	0.001680702553523789	0.002585282788148578	0.0028714605326628255	0.004046748368640156	0.005005606322858038	0.002513799224269517
Tri-18	201583	0.003557735137182142	0.0014630465281123153	0.002066186501737771	0.0022162418332588186	0.0	0.0014891133796042068	0.0027710263112984304	0.0019099545820104973	0.002642667052015411	0.0027457800866406475	0.0024453286254851594	0.0027605421058619	0.003910825187777781	0.003971303193955376	0.0016519617623436407
Tri-51	201605	0.0044803049959842925	0.0016223800756692043	0.0018464961368156525	0.002474103762302033	0.0014891133796042068	0.0	0.0020241618676514646	0.0017100110970407845	0.0017704700604548578	0.0030879864251475895	0.002041167408778158	0.002205342640347562	0.003404990944783178	0.004542424859656777	0.0009808913671629446
KL-102	201749	0.005494162611284558	0.0026871169298240544	0.0027550058378032574	0.0029498475840571	0.0027710263112984304	0.0020241618676514646	0.0	0.0023801778046086144	0.0017883463494199159	0.002973923253190969	0.002923647583849819	0.0027382425422224476	0.0025711325755637324	0.005538008449703103	0.0023881110525087214
KL-98	201757	0.0032210711818599293	0.0021540848237827986	0.0007080778490456688	0.001924524968412795	0.0019099545820104973	0.0017100110970407845	0.0023801778046086144	0.0	0.0023594278277443035	0.002899742047923629	0.0010343342064774623	0.0011081846957909404	0.0033397081785603413	0.00526905176980306	0.001592096579304953
KL-105	201763	0.005418907394598854	0.0025171035422785573	0.0022269927414599613	0.003205845664347371	0.002642667052015411	0.0017704700604548578	0.0017883463494199159	0.0023594278277443035	0.0	0.003927469629243745	0.002391834938035247	0.0023879308368321226	0.002188435342828086	0.005131716648523671	0.0017910012260836312
KL-121	201777	0.004973012986156425	0.0033027698769390163	0.003085258507408296	0.001680702553523789	0.0027457800866406475	0.0030879864251475895	0.002973923253190969	0.002899742047923629	0.003927469629243745	0.0	0.003493355759739138	0.0037795655618210714	0.0035387476381670644	0.0053787039030021595	0.003233896784739317
KL-178	201802	0.003943167392699724	0.0027491763498760525	0.0006628144246143288	0.002585282788148578	0.0024453286254851594	0.002041167408778158	0.002923647583849819	0.0010343342064774623	0.002391834938035247	0.003493355759739138	0.0	0.0010962549806737953	0.003285565808095487	0.006039516184433873	0.0014749034178165139
Tri-20	201585	0.0035687861339538346	0.0031197721974419337	0.0006943556041241295	0.0028714605326628255	0.0027605421058619	0.002205342640347562	0.0027382425422224476	0.0011081846957909404	0.0023879308368321226	0.0037795655618210714	0.0010962549806737953	0.0	0.003154082903431716	0.006325191317914643	0.0015787936041918946
KL-025	201669	0.006317364992743229	0.004271322848216551	0.0029845117362357304	0.004046748368640156	0.003910825187777781	0.003404990944783178	0.0025711325755637324	0.0033397081785603413	0.002188435342828086	0.0035387476381670644	0.003285565808095487	0.003154082903431716	0.0	0.006689204353466491	0.002821449810310405
KL-37	201674	0.006582115113159535	0.004352146122191767	0.00563360173645143	0.005005606322858038	0.003971303193955376	0.004542424859656777	0.005538008449703103	0.00526905176980306	0.005131716648523671	0.0053787039030021595	0.006039516184433873	0.006325191317914643	0.006689204353466491	0.0	0.004823478448217792
KL-704	201687	0.0040631283780199	0.001996384577612233	0.0009895604142690511	0.002513799224269517	0.0016519617623436407	0.0009808913671629446	0.0023881110525087214	0.001592096579304953	0.0017910012260836312	0.003233896784739317	0.0014749034178165139	0.0015787936041918946	0.002821449810310405	0.004823478448217792	0.0
