CR-30	201434	0.0	0.008735958554089604	0.004413848299094219	0.00813464287244367	0.0070778150839834715	0.008326900375405613	0.009329514526992141	0.004524601283939672	0.008645370961484905	0.0092244463984382	0.005246595193012394	0.004807448982699815	0.009399165044257795	0.012592384161063556	0.007709392167842903
CR-57	201454	0.008735958554089604	0.0	0.005263715500282472	0.007053824817055166	0.003006956318741108	0.0035280023462837986	0.004722461797620735	0.005037763651658811	0.004326970523590402	0.007536540442058847	0.005921569802367222	0.005734223931244537	0.007002532112529881	0.00916567129927173	0.0042156897604868245
Tri-10	201575	0.004413848299094219	0.005263715500282472	0.0	0.0047307112530289505	0.004661774997241406	0.004750805562891433	0.00543415082473495	0.0009068496927578275	0.004703288031199939	0.0064522610720410215	0.0008954405074222265	0.0005481379216684666	0.005571822800228501	0.011977954262400605	0.0042048285052742095
CR-32	201436	0.00813464287244367	0.007053824817055166	0.0047307112530289505	0.0	0.006027330181114891	0.006012307067274224	0.005116893820127538	0.004137764024204904	0.006672150634777823	0.00403212458217343	0.005291999712458546	0.004813618424588947	0.006179706943969142	0.011216394859937856	0.006225562780268403
Tri-18	201583	0.0070778150839834715	0.003006956318741108	0.004661774997241406	0.006027330181114891	0.0	0.003133367938677743	0.0047715541713689155	0.004499217927653439	0.004627614439431545	0.00662684607199653	0.0053121594476313126	0.005078526735451109	0.006809273071439303	0.00842991345083396	0.0034054224418185422
Tri-51	201605	0.008326900375405613	0.0035280023462837986	0.004750805562891433	0.006012307067274224	0.003133367938677743	0.0	0.0032611591063418568	0.004502286281002785	0.003105922180978491	0.0063111630307390735	0.005324059319253147	0.005181247860883386	0.005322330541072172	0.008671822380590591	0.0018238289390867005
KL-102	201749	0.009329514526992141	0.004722461797620735	0.00543415082473495	0.005116893820127538	0.0047715541713689155	0.0032611591063418568	0.0	0.005543795310473703	0.0033275629763287046	0.00560357847664734	0.005529025125295323	0.005493228581381234	0.004094496286758889	0.009518525754475175	0.004170213044090064
KL-98	201757	0.004524601283939672	0.005037763651658811	0.0009068496927578275	0.004137764024204904	0.004499217927653439	0.004502286281002785	0.005543795310473703	0.0	0.004919619313059694	0.005870826186072684	0.0016900508567770328	0.001092355656320727	0.005817657342089489	0.011635900118998947	0.004214357354515939
KL-105	201763	0.008645370961484905	0.004326970523590402	0.004703288031199939	0.006672150634777823	0.004627614439431545	0.003105922180978491	0.0033275629763287046	0.004919619313059694	0.0	0.007323077732803431	0.005084201605072221	0.005087355605343262	0.0035638393984189745	0.009384807343713225	0.002834038123570708
KL-121	201777	0.0092244463984382	0.007536540442058847	0.0064522610720410215	0.00403212458217343	0.00662684607199653	0.0063111630307390735	0.00560357847664734	0.005870826186072684	0.007323077732803431	0.0	0.007104473516479936	0.0066849229707908134	0.005520826677459207	0.010403853143588835	0.006715863178129064
KL-178	201802	0.005246595193012394	0.005921569802367222	0.0008954405074222265	0.005291999712458546	0.0053121594476313126	0.005324059319253147	0.005529025125295323	0.0016900508567770328	0.005084201605072221	0.007104473516479936	0.0	0.0010370409913920166	0.0061307004637682315	0.01287031084446718	0.005096451250605019
Tri-20	201585	0.004807448982699815	0.005734223931244537	0.0005481379216684666	0.004813618424588947	0.005078526735451109	0.005181247860883386	0.005493228581381234	0.001092355656320727	0.005087355605343262	0.0066849229707908134	0.0010370409913920166	0.0	0.005654917267280652	0.012450808633305182	0.004676986304727808
KL-025	201669	0.009399165044257795	0.007002532112529881	0.005571822800228501	0.006179706943969142	0.006809273071439303	0.005322330541072172	0.004094496286758889	0.005817657342089489	0.0035638393984189745	0.005520826677459207	0.0061307004637682315	0.005654917267280652	0.0	0.01032769402609346	0.004491059406687086
KL-37	201674	0.012592384161063556	0.00916567129927173	0.011977954262400605	0.011216394859937856	0.00842991345083396	0.008671822380590591	0.009518525754475175	0.011635900118998947	0.009384807343713225	0.010403853143588835	0.01287031084446718	0.012450808633305182	0.01032769402609346	0.0	0.008155854076968368
KL-704	201687	0.007709392167842903	0.0042156897604868245	0.0042048285052742095	0.006225562780268403	0.0034054224418185422	0.0018238289390867005	0.004170213044090064	0.004214357354515939	0.002834038123570708	0.006715863178129064	0.005096451250605019	0.004676986304727808	0.004491059406687086	0.008155854076968368	0.0
