52
56961      0.0000000 0.0040576 0.0073878 0.0036808 0.0036915 0.0036619 0.0036511 0.0074658 0.0000010 0.0150834 0.0074068 0.0036511 0.0036428 0.0000010 0.0036605 0.0036605 0.0272816 0.0083928 0.0036564 0.0036511 0.0249996 0.0073654 0.0036428 0.0036511 0.0314716 0.0190252 0.0036511 0.0000010 0.0036511 0.0036511 0.0036649 0.0273895 0.0190252 0.0036808 0.0073878 0.0040692 0.0073868 0.0111838 0.0074039 0.0343894 0.0036757 0.0036757 0.0074266 0.0036619 0.0038324 0.0036511 0.0000010 0.0314848 0.0036564 0.0150894 0.0073654 0.0036428 
4227970    0.0040576 0.0000000 0.0081420 0.0081892 0.0082155 0.0081420 0.0000010 0.0124784 0.0081488 0.0164927 0.0123662 0.0081147 0.0122209 0.0040473 0.0040306 0.0081147 0.0164927 0.0142323 0.0081281 0.0122520 0.0329186 0.0164927 0.0080941 0.0081147 0.0208153 0.0208153 0.0122520 0.0040306 0.0040306 0.0122520 0.0123034 0.0165619 0.0164927 0.0081892 0.0081420 0.0081385 0.0123290 0.0123363 0.0123608 0.0276416 0.0081754 0.0081754 0.0081892 0.0081420 0.0042400 0.0081147 0.0081147 0.0164927 0.0081281 0.0122945 0.0081147 0.0080941 
2546949    0.0073878 0.0081420 0.0000000 0.0111748 0.0112071 0.0111157 0.0110811 0.0151155 0.0111229 0.0268823 0.0149910 0.0110811 0.0148285 0.0073707 0.0036384 0.0073209 0.0397151 0.0170215 0.0110972 0.0148628 0.0337791 0.0187422 0.0110556 0.0110811 0.0441012 0.0310034 0.0148628 0.0073664 0.0110811 0.0148628 0.0149198 0.0398732 0.0228259 0.0111748 0.0000010 0.0081660 0.0149503 0.0036398 0.0149851 0.0436090 0.0111578 0.0111578 0.0073813 0.0111157 0.0038082 0.0148628 0.0111168 0.0441203 0.0110972 0.0229134 0.0073209 0.0110556 
4227592    0.0036808 0.0081892 0.0111748 0.0000000 0.0074445 0.0073841 0.0073618 0.0112949 0.0073896 0.0229636 0.0036270 0.0073618 0.0110839 0.0036722 0.0073813 0.0111399 0.0356230 0.0083355 0.0073726 0.0111095 0.0294512 0.0149429 0.0073448 0.0073618 0.0399586 0.0270365 0.0111095 0.0036700 0.0073618 0.0111095 0.0111516 0.0357651 0.0270365 0.0074229 0.0111748 0.0082135 0.0111732 0.0150395 0.0111992 0.0390984 0.0074122 0.0074122 0.0112345 0.0073841 0.0077304 0.0111095 0.0073854 0.0399758 0.0073726 0.0190269 0.0111399 0.0073448 
4227593    0.0036915 0.0082155 0.0112071 0.0074445 0.0000000 0.0074056 0.0073831 0.0113279 0.0074111 0.0230292 0.0074445 0.0073831 0.0111157 0.0036830 0.0074027 0.0111720 0.0357237 0.0083355 0.0073939 0.0111415 0.0295416 0.0149857 0.0073660 0.0036691 0.0400709 0.0271133 0.0073831 0.0036808 0.0073831 0.0111415 0.0111838 0.0358666 0.0271133 0.0074445 0.0112071 0.0082400 0.0112055 0.0150829 0.0112317 0.0392185 0.0074338 0.0074338 0.0112672 0.0074056 0.0077539 0.0111415 0.0074068 0.0400882 0.0073939 0.0190818 0.0111720 0.0073660 
1341834    0.0036619 0.0081420 0.0111157 0.0073841 0.0074056 0.0000000 0.0073237 0.0112345 0.0073512 0.0228351 0.0111442 0.0073237 0.0110258 0.0036535 0.0073430 0.0110811 0.0354103 0.0126364 0.0073343 0.0110511 0.0292672 0.0148628 0.0073069 0.0073237 0.0397151 0.0268823 0.0110511 0.0036513 0.0073237 0.0110511 0.0110926 0.0355506 0.0268823 0.0073841 0.0111157 0.0081660 0.0111141 0.0149584 0.0111399 0.0388397 0.0073735 0.0073735 0.0111748 0.0073458 0.0076884 0.0110511 0.0073470 0.0397321 0.0073343 0.0189219 0.0110811 0.0073069 
738443     0.0036511 0.0000010 0.0110811 0.0073618 0.0073831 0.0073237 0.0000000 0.0111992 0.0073291 0.0227575 0.0111095 0.0073017 0.0109918 0.0036428 0.0073209 0.0110468 0.0352776 0.0125914 0.0073123 0.0110170 0.0291542 0.0148155 0.0072850 0.0073017 0.0395619 0.0267881 0.0110170 0.0036406 0.0073017 0.0110170 0.0110582 0.0354168 0.0267881 0.0073618 0.0110811 0.0081385 0.0110796 0.0149104 0.0111052 0.0386774 0.0073512 0.0073512 0.0111399 0.0073237 0.0076641 0.0110170 0.0073249 0.0395787 0.0073123 0.0188591 0.0110468 0.0072850 
1341836    0.0074658 0.0124784 0.0151155 0.0112949 0.0113279 0.0112345 0.0111992 0.0000000 0.0112420 0.0271926 0.0151549 0.0111992 0.0149888 0.0074483 0.0112301 0.0150665 0.0402054 0.0172342 0.0112158 0.0150238 0.0342160 0.0189482 0.0111732 0.0111992 0.0446570 0.0313684 0.0150238 0.0074440 0.0111992 0.0150238 0.0150811 0.0403677 0.0313684 0.0112949 0.0151155 0.0125171 0.0151133 0.0190755 0.0151488 0.0442076 0.0112776 0.0112776 0.0151984 0.0112345 0.0117685 0.0150238 0.0112357 0.0446766 0.0112158 0.0231738 0.0150665 0.0111732 
2533898    0.0000010 0.0081488 0.0111229 0.0073896 0.0074111 0.0073512 0.0073291 0.0112420 0.0000000 0.0150834 0.0111516 0.0073291 0.0036428 0.0036428 0.0073484 0.0036605 0.0272816 0.0126457 0.0073123 0.0036511 0.0292765 0.0073654 0.0073123 0.0073291 0.0314716 0.0190252 0.0036511 0.0036542 0.0073291 0.0036511 0.0036511 0.0272816 0.0190252 0.0073896 0.0111229 0.0081718 0.0073868 0.0149678 0.0111472 0.0388446 0.0073512 0.0073512 0.0111822 0.0073512 0.0076944 0.0036511 0.0000010 0.0314848 0.0073123 0.0189326 0.0110883 0.0073123 
2533899    0.0150834 0.0164927 0.0268823 0.0229636 0.0230292 0.0228351 0.0227575 0.0271926 0.0150834 0.0000000 0.0269522 0.0227575 0.0188516 0.0189250 0.0228259 0.0189511 0.0111858 0.0307291 0.0227920 0.0188957 0.0478371 0.0074156 0.0227046 0.0227575 0.0150487 0.0036446 0.0188957 0.0149914 0.0227575 0.0112270 0.0112700 0.0112285 0.0036446 0.0229636 0.0268823 0.0165445 0.0268779 0.0310162 0.0269411 0.0584825 0.0229236 0.0229236 0.0270365 0.0228351 0.0239315 0.0188957 0.0112020 0.0150547 0.0227920 0.0186430 0.0267881 0.0227046 
4227599    0.0074068 0.0123662 0.0149910 0.0036270 0.0074445 0.0111442 0.0111095 0.0151549 0.0111516 0.0269522 0.0000000 0.0111095 0.0148664 0.0073896 0.0111399 0.0149429 0.0398203 0.0083355 0.0111257 0.0149009 0.0338748 0.0187903 0.0110839 0.0036669 0.0442185 0.0310843 0.0073788 0.0073854 0.0111095 0.0149009 0.0149581 0.0399792 0.0310843 0.0112036 0.0149910 0.0124043 0.0149888 0.0189143 0.0150238 0.0437354 0.0111866 0.0111866 0.0150725 0.0111442 0.0116693 0.0149009 0.0111453 0.0442377 0.0111257 0.0229729 0.0149429 0.0110839 
1341841    0.0036511 0.0081147 0.0110811 0.0073618 0.0073831 0.0073237 0.0073017 0.0111992 0.0073291 0.0227575 0.0111095 0.0000000 0.0109918 0.0036428 0.0073209 0.0110468 0.0352776 0.0125914 0.0073123 0.0036375 0.0291542 0.0148155 0.0072850 0.0073017 0.0395619 0.0267881 0.0110170 0.0036406 0.0073017 0.0110170 0.0110582 0.0354168 0.0267881 0.0073618 0.0110811 0.0081385 0.0110796 0.0149104 0.0036655 0.0386774 0.0073512 0.0073512 0.0111399 0.0073237 0.0076641 0.0110170 0.0073249 0.0395787 0.0073123 0.0112052 0.0036468 0.0072850 
2533905    0.0036428 0.0122209 0.0148285 0.0110839 0.0111157 0.0110258 0.0109918 0.0149888 0.0036428 0.0188516 0.0148664 0.0109918 0.0000000 0.0073123 0.0110215 0.0073209 0.0311717 0.0168599 0.0110075 0.0073017 0.0291542 0.0110468 0.0036209 0.0109918 0.0353953 0.0228259 0.0073017 0.0073081 0.0109918 0.0073017 0.0073291 0.0312945 0.0228259 0.0110839 0.0148285 0.0122579 0.0148264 0.0187063 0.0148606 0.0431431 0.0110671 0.0110671 0.0149082 0.0110258 0.0076641 0.0073017 0.0036406 0.0354103 0.0110075 0.0227137 0.0147814 0.0109667 
1337491    0.0000010 0.0040473 0.0073707 0.0036722 0.0036830 0.0036535 0.0036428 0.0074483 0.0036428 0.0189250 0.0073896 0.0036428 0.0073123 0.0000000 0.0036521 0.0073484 0.0312945 0.0083717 0.0036344 0.0073291 0.0249359 0.0110883 0.0036344 0.0036428 0.0355355 0.0229143 0.0073291 0.0000010 0.0036428 0.0073291 0.0073291 0.0312945 0.0229143 0.0036722 0.0073707 0.0040588 0.0036708 0.0111578 0.0073868 0.0343001 0.0036535 0.0036535 0.0074093 0.0036535 0.0038232 0.0073291 0.0036542 0.0355506 0.0036344 0.0150540 0.0073484 0.0036344 
1337492    0.0036605 0.0040306 0.0036384 0.0073813 0.0074027 0.0073430 0.0073209 0.0112301 0.0073484 0.0228259 0.0111399 0.0073209 0.0110215 0.0036521 0.0000000 0.0036278 0.0353953 0.0126308 0.0073315 0.0110468 0.0292542 0.0148570 0.0073041 0.0073209 0.0396982 0.0268713 0.0110468 0.0036499 0.0073209 0.0110468 0.0110883 0.0355355 0.0188441 0.0073813 0.0036384 0.0040420 0.0111098 0.0073430 0.0111355 0.0388217 0.0073707 0.0073707 0.0036570 0.0073430 0.0000010 0.0110468 0.0073442 0.0397151 0.0073315 0.0189143 0.0036278 0.0073041 
2533906    0.0036605 0.0081147 0.0073209 0.0111399 0.0111720 0.0110811 0.0110468 0.0150665 0.0036605 0.0189511 0.0149429 0.0110468 0.0073209 0.0073484 0.0036278 0.0000000 0.0313474 0.0169588 0.0110628 0.0073377 0.0336444 0.0111024 0.0110215 0.0110468 0.0355989 0.0229486 0.0073377 0.0073442 0.0110468 0.0073377 0.0073654 0.0314716 0.0150201 0.0111399 0.0073209 0.0081385 0.0149024 0.0110811 0.0149370 0.0434207 0.0111229 0.0111229 0.0073590 0.0110811 0.0037966 0.0073377 0.0036583 0.0356140 0.0110628 0.0228351 0.0072989 0.0110215 
2533907    0.0272816 0.0164927 0.0397151 0.0356230 0.0357237 0.0354103 0.0352776 0.0402054 0.0272816 0.0111858 0.0398203 0.0352776 0.0311717 0.0312945 0.0353953 0.0313474 0.0000000 0.0456475 0.0353328 0.0312457 0.0632262 0.0191504 0.0351943 0.0352776 0.0036383 0.0150487 0.0312457 0.0271072 0.0352776 0.0232031 0.0232955 0.0000010 0.0150487 0.0356230 0.0397151 0.0165445 0.0397083 0.0441203 0.0398032 0.0694725 0.0355506 0.0355506 0.0399586 0.0354103 0.0371623 0.0312457 0.0231478 0.0036397 0.0353328 0.0308054 0.0395619 0.0351943 
2533908    0.0083928 0.0142323 0.0170215 0.0083355 0.0083355 0.0126364 0.0125914 0.0172342 0.0126457 0.0307291 0.0083355 0.0125914 0.0168599 0.0083717 0.0126308 0.0169588 0.0456475 0.0000000 0.0083717 0.0169041 0.0391799 0.0213441 0.0125586 0.0083355 0.0507689 0.0354910 0.0125914 0.0083663 0.0125914 0.0169041 0.0169772 0.0458557 0.0354910 0.0127122 0.0170215 0.0142831 0.0125586 0.0215077 0.0125914 0.0398938 0.0126910 0.0083717 0.0171272 0.0126364 0.0133151 0.0169041 0.0126378 0.0507944 0.0126126 0.0261695 0.0169588 0.0125586 
2547096    0.0036564 0.0081281 0.0110972 0.0073726 0.0073939 0.0073343 0.0073123 0.0112158 0.0073123 0.0227920 0.0111257 0.0073123 0.0110075 0.0036344 0.0073315 0.0110628 0.0353328 0.0083717 0.0000000 0.0110328 0.0292021 0.0148380 0.0072955 0.0073123 0.0396240 0.0268291 0.0110328 0.0036459 0.0073123 0.0110328 0.0110328 0.0353328 0.0268291 0.0073726 0.0110972 0.0081519 0.0073697 0.0149331 0.0111214 0.0387440 0.0073343 0.0073343 0.0111562 0.0073343 0.0076759 0.0110328 0.0073353 0.0396409 0.0072955 0.0188884 0.0110628 0.0072955 
2546844    0.0036511 0.0122520 0.0148628 0.0111095 0.0111415 0.0110511 0.0110170 0.0150238 0.0036511 0.0188957 0.0149009 0.0036375 0.0073017 0.0073291 0.0110468 0.0073377 0.0312457 0.0169041 0.0110328 0.0000000 0.0335260 0.0110723 0.0109918 0.0110170 0.0354796 0.0228794 0.0073185 0.0073249 0.0110170 0.0073185 0.0073460 0.0313691 0.0228794 0.0111095 0.0148628 0.0122892 0.0148606 0.0187497 0.0073760 0.0432545 0.0110926 0.0110926 0.0149429 0.0110511 0.0115671 0.0073185 0.0036490 0.0354946 0.0110328 0.0150320 0.0073377 0.0109918 
1337502    0.0249996 0.0329186 0.0337791 0.0294512 0.0295416 0.0292672 0.0291542 0.0342160 0.0292765 0.0478371 0.0338748 0.0291542 0.0291542 0.0249359 0.0292542 0.0336444 0.0632262 0.0391799 0.0292021 0.0335260 0.0000000 0.0380849 0.0248317 0.0291542 0.0684544 0.0527150 0.0335260 0.0249229 0.0291542 0.0335260 0.0336683 0.0635075 0.0527150 0.0294512 0.0337791 0.0330486 0.0337729 0.0383993 0.0338595 0.0684447 0.0293906 0.0293906 0.0339960 0.0292672 0.0293779 0.0335260 0.0292620 0.0684887 0.0292021 0.0432396 0.0336444 0.0290805 
2546849    0.0073654 0.0164927 0.0187422 0.0149429 0.0149857 0.0148628 0.0148155 0.0189482 0.0073654 0.0074156 0.0187903 0.0148155 0.0110468 0.0110883 0.0148570 0.0111024 0.0191504 0.0213441 0.0148380 0.0110723 0.0380849 0.0000000 0.0147814 0.0148155 0.0231936 0.0112226 0.0110723 0.0110822 0.0148155 0.0036552 0.0036690 0.0192258 0.0112226 0.0149429 0.0187422 0.0165445 0.0187394 0.0226991 0.0187829 0.0480716 0.0149198 0.0149198 0.0188441 0.0148628 0.0155620 0.0110723 0.0073612 0.0232031 0.0148380 0.0267990 0.0186809 0.0147814 
1337518    0.0036428 0.0080941 0.0110556 0.0073448 0.0073660 0.0073069 0.0072850 0.0111732 0.0073123 0.0227046 0.0110839 0.0072850 0.0036209 0.0036344 0.0073041 0.0110215 0.0351943 0.0125586 0.0072955 0.0109918 0.0248317 0.0147814 0.0000000 0.0072850 0.0394682 0.0267256 0.0109918 0.0036323 0.0072850 0.0109918 0.0110328 0.0353328 0.0267256 0.0073448 0.0110556 0.0081178 0.0110541 0.0148759 0.0110796 0.0385776 0.0073343 0.0073343 0.0111141 0.0073069 0.0038082 0.0109918 0.0073081 0.0394849 0.0072955 0.0188152 0.0110215 0.0072684 
2546996    0.0036511 0.0081147 0.0110811 0.0073618 0.0036691 0.0073237 0.0073017 0.0111992 0.0073291 0.0227575 0.0036669 0.0073017 0.0109918 0.0036428 0.0073209 0.0110468 0.0352776 0.0083355 0.0073123 0.0110170 0.0291542 0.0148155 0.0072850 0.0000000 0.0395619 0.0267881 0.0036375 0.0036406 0.0073017 0.0110170 0.0110582 0.0354168 0.0267881 0.0073618 0.0110811 0.0081385 0.0110796 0.0149104 0.0111052 0.0386774 0.0073512 0.0073512 0.0111399 0.0073237 0.0076641 0.0110170 0.0073249 0.0395787 0.0073123 0.0188591 0.0110468 0.0072850 
4227893    0.0314716 0.0208153 0.0441012 0.0399586 0.0400709 0.0397151 0.0395619 0.0446570 0.0314716 0.0150487 0.0442185 0.0395619 0.0353953 0.0355355 0.0396982 0.0355989 0.0036383 0.0507689 0.0396240 0.0354796 0.0684544 0.0231936 0.0394682 0.0395619 0.0000000 0.0111814 0.0354796 0.0312673 0.0395619 0.0273256 0.0274339 0.0036520 0.0189818 0.0399586 0.0441012 0.0208832 0.0440937 0.0485924 0.0441993 0.0749272 0.0398732 0.0398732 0.0443772 0.0397151 0.0416955 0.0354796 0.0272573 0.0073430 0.0396240 0.0349723 0.0439259 0.0394682 
4227894    0.0190252 0.0208153 0.0310034 0.0270365 0.0271133 0.0268823 0.0267881 0.0313684 0.0190252 0.0036446 0.0310843 0.0267881 0.0228259 0.0229143 0.0268713 0.0229486 0.0150487 0.0354910 0.0268291 0.0228794 0.0527150 0.0112226 0.0267256 0.0267881 0.0111814 0.0000000 0.0228794 0.0189077 0.0267881 0.0151041 0.0151622 0.0151063 0.0073529 0.0270365 0.0310034 0.0208832 0.0309982 0.0352150 0.0310714 0.0636598 0.0269870 0.0269870 0.0311847 0.0268823 0.0281836 0.0228794 0.0150692 0.0189894 0.0268291 0.0225681 0.0308915 0.0267256 
4227895    0.0036511 0.0122520 0.0148628 0.0111095 0.0073831 0.0110511 0.0110170 0.0150238 0.0036511 0.0188957 0.0073788 0.0110170 0.0073017 0.0073291 0.0110468 0.0073377 0.0312457 0.0125914 0.0110328 0.0073185 0.0335260 0.0110723 0.0109918 0.0036375 0.0354796 0.0228794 0.0000000 0.0073249 0.0110170 0.0073185 0.0073460 0.0313691 0.0228794 0.0111095 0.0148628 0.0122892 0.0148606 0.0187497 0.0148950 0.0432545 0.0110926 0.0110926 0.0149429 0.0110511 0.0115671 0.0073185 0.0036490 0.0354946 0.0110328 0.0227667 0.0148155 0.0109918 
1391932    0.0000010 0.0040306 0.0073664 0.0036700 0.0036808 0.0036513 0.0036406 0.0074440 0.0036542 0.0149914 0.0073854 0.0036406 0.0073081 0.0000010 0.0036499 0.0073442 0.0271072 0.0083663 0.0036459 0.0073249 0.0249229 0.0110822 0.0036323 0.0036406 0.0312673 0.0189077 0.0073249 0.0000000 0.0036406 0.0073249 0.0073523 0.0272136 0.0189077 0.0036700 0.0073664 0.0040420 0.0073655 0.0111515 0.0073825 0.0342839 0.0036650 0.0036650 0.0074050 0.0036513 0.0038208 0.0073249 0.0036406 0.0312804 0.0036459 0.0111803 0.0073442 0.0036323 
1391933    0.0036511 0.0040306 0.0110811 0.0073618 0.0073831 0.0073237 0.0073017 0.0111992 0.0073291 0.0227575 0.0111095 0.0073017 0.0109918 0.0036428 0.0073209 0.0110468 0.0352776 0.0125914 0.0073123 0.0110170 0.0291542 0.0148155 0.0072850 0.0073017 0.0395619 0.0267881 0.0110170 0.0036406 0.0000000 0.0110170 0.0110582 0.0354168 0.0267881 0.0073618 0.0110811 0.0040420 0.0110796 0.0149104 0.0111052 0.0386774 0.0073512 0.0073512 0.0111399 0.0073237 0.0076641 0.0036375 0.0073249 0.0395787 0.0073123 0.0188591 0.0110468 0.0072850 
2533949    0.0036511 0.0122520 0.0148628 0.0111095 0.0111415 0.0110511 0.0110170 0.0150238 0.0036511 0.0112270 0.0149009 0.0110170 0.0073017 0.0073291 0.0110468 0.0073377 0.0232031 0.0169041 0.0110328 0.0073185 0.0335260 0.0036552 0.0109918 0.0110170 0.0273256 0.0151041 0.0073185 0.0073249 0.0110170 0.0000000 0.0000010 0.0232955 0.0151041 0.0111095 0.0148628 0.0122892 0.0148606 0.0187497 0.0148950 0.0432545 0.0110926 0.0110926 0.0149429 0.0110511 0.0115671 0.0073185 0.0036490 0.0273370 0.0110328 0.0227667 0.0148155 0.0109918 
2533950    0.0036649 0.0123034 0.0149198 0.0111516 0.0111838 0.0110926 0.0110582 0.0150811 0.0036511 0.0112700 0.0149581 0.0110582 0.0073291 0.0073291 0.0110883 0.0073654 0.0232955 0.0169772 0.0110328 0.0073460 0.0336683 0.0036690 0.0110328 0.0110582 0.0274339 0.0151622 0.0073460 0.0073523 0.0110582 0.0000010 0.0000000 0.0232955 0.0151622 0.0111516 0.0149198 0.0123408 0.0111472 0.0188214 0.0149523 0.0434419 0.0110926 0.0110926 0.0149994 0.0110926 0.0116128 0.0073460 0.0036627 0.0274453 0.0110328 0.0228545 0.0148722 0.0110328 
2533952    0.0273895 0.0165619 0.0398732 0.0357651 0.0358666 0.0355506 0.0354168 0.0403677 0.0272816 0.0112285 0.0399792 0.0354168 0.0312945 0.0312945 0.0355355 0.0314716 0.0000010 0.0458557 0.0353328 0.0313691 0.0635075 0.0192258 0.0353328 0.0354168 0.0036520 0.0151063 0.0313691 0.0272136 0.0354168 0.0232955 0.0232955 0.0000000 0.0151063 0.0357651 0.0398732 0.0166143 0.0357499 0.0442976 0.0399620 0.0697892 0.0355506 0.0355506 0.0401188 0.0355506 0.0373166 0.0313691 0.0232387 0.0036533 0.0353328 0.0309252 0.0397185 0.0353328 
2533953    0.0190252 0.0164927 0.0228259 0.0270365 0.0271133 0.0268823 0.0267881 0.0313684 0.0190252 0.0036446 0.0310843 0.0267881 0.0228259 0.0229143 0.0188441 0.0150201 0.0150487 0.0354910 0.0268291 0.0228794 0.0527150 0.0112226 0.0267256 0.0267881 0.0189818 0.0073529 0.0228794 0.0189077 0.0267881 0.0151041 0.0151622 0.0151063 0.0000000 0.0270365 0.0228259 0.0165445 0.0309982 0.0268823 0.0310714 0.0636598 0.0269870 0.0269870 0.0229543 0.0268823 0.0197508 0.0228794 0.0150692 0.0189894 0.0268291 0.0225681 0.0227484 0.0267256 
892101     0.0036808 0.0081892 0.0111748 0.0074229 0.0074445 0.0073841 0.0073618 0.0112949 0.0073896 0.0229636 0.0112036 0.0073618 0.0110839 0.0036722 0.0073813 0.0111399 0.0356230 0.0127122 0.0073726 0.0111095 0.0294512 0.0149429 0.0073448 0.0073618 0.0399586 0.0270365 0.0111095 0.0036700 0.0073618 0.0111095 0.0111516 0.0357651 0.0270365 0.0000000 0.0111748 0.0082135 0.0111732 0.0150395 0.0111992 0.0390984 0.0074122 0.0074122 0.0112345 0.0073841 0.0077304 0.0111095 0.0073854 0.0399758 0.0073726 0.0190269 0.0111399 0.0073448 
4228166    0.0073878 0.0081420 0.0000010 0.0111748 0.0112071 0.0111157 0.0110811 0.0151155 0.0111229 0.0268823 0.0149910 0.0110811 0.0148285 0.0073707 0.0036384 0.0073209 0.0397151 0.0170215 0.0110972 0.0148628 0.0337791 0.0187422 0.0110556 0.0110811 0.0441012 0.0310034 0.0148628 0.0073664 0.0110811 0.0148628 0.0149198 0.0398732 0.0228259 0.0111748 0.0000000 0.0081660 0.0149503 0.0036398 0.0149851 0.0436090 0.0111578 0.0111578 0.0073813 0.0111157 0.0038082 0.0148628 0.0111168 0.0441203 0.0110972 0.0229134 0.0073209 0.0110556 
4228167    0.0040692 0.0081385 0.0081660 0.0082135 0.0082400 0.0081660 0.0081385 0.0125171 0.0081718 0.0165445 0.0124043 0.0081385 0.0122579 0.0040588 0.0040420 0.0081385 0.0165445 0.0142831 0.0081519 0.0122892 0.0330486 0.0165445 0.0081178 0.0081385 0.0208832 0.0208832 0.0122892 0.0040420 0.0040420 0.0122892 0.0123408 0.0166143 0.0165445 0.0082135 0.0081660 0.0000000 0.0123668 0.0123742 0.0123988 0.0228699 0.0081997 0.0081997 0.0082135 0.0081660 0.0042526 0.0081385 0.0081385 0.0165445 0.0081519 0.0123309 0.0081385 0.0081178 
4228168    0.0073868 0.0123290 0.0149503 0.0111732 0.0112055 0.0111141 0.0110796 0.0151133 0.0073868 0.0268779 0.0149888 0.0110796 0.0148264 0.0036708 0.0111098 0.0149024 0.0397083 0.0125586 0.0073697 0.0148606 0.0337729 0.0187394 0.0110541 0.0110796 0.0440937 0.0309982 0.0148606 0.0073655 0.0110796 0.0148606 0.0111472 0.0357499 0.0309982 0.0111732 0.0149503 0.0123668 0.0000000 0.0188626 0.0149829 0.0436008 0.0074093 0.0074093 0.0150313 0.0111141 0.0116363 0.0148606 0.0111152 0.0441128 0.0073697 0.0229097 0.0149024 0.0110541 
4228169    0.0111838 0.0123363 0.0036398 0.0150395 0.0150829 0.0149584 0.0149104 0.0190755 0.0149678 0.0310162 0.0189143 0.0149104 0.0187063 0.0111578 0.0073430 0.0110811 0.0441203 0.0215077 0.0149331 0.0187497 0.0383993 0.0226991 0.0148759 0.0149104 0.0485924 0.0352150 0.0187497 0.0111515 0.0149104 0.0187497 0.0188214 0.0442976 0.0268823 0.0150395 0.0036398 0.0123742 0.0188626 0.0000000 0.0189068 0.0485021 0.0150151 0.0150151 0.0073813 0.0149584 0.0076884 0.0187497 0.0149598 0.0486137 0.0149331 0.0269883 0.0110811 0.0148759 
4224849    0.0074039 0.0123608 0.0149851 0.0111992 0.0112317 0.0111399 0.0111052 0.0151488 0.0111472 0.0269411 0.0150238 0.0036655 0.0148606 0.0073868 0.0111355 0.0149370 0.0398032 0.0125914 0.0111214 0.0073760 0.0338595 0.0187829 0.0110796 0.0111052 0.0441993 0.0310714 0.0148950 0.0073825 0.0111052 0.0148950 0.0149523 0.0399620 0.0310714 0.0111992 0.0149851 0.0123988 0.0149829 0.0189068 0.0000000 0.0437148 0.0111822 0.0111822 0.0150665 0.0111399 0.0116645 0.0148950 0.0111410 0.0442185 0.0111214 0.0151572 0.0073955 0.0110796 
484569     0.0343894 0.0276416 0.0436090 0.0390984 0.0392185 0.0388397 0.0386774 0.0442076 0.0388446 0.0584825 0.0437354 0.0386774 0.0431431 0.0343001 0.0388217 0.0434207 0.0694725 0.0398938 0.0387440 0.0432545 0.0684447 0.0480716 0.0385776 0.0386774 0.0749272 0.0636598 0.0432545 0.0342839 0.0386774 0.0432545 0.0434419 0.0697892 0.0636598 0.0390984 0.0436090 0.0228699 0.0436008 0.0485021 0.0437148 0.0000000 0.0390085 0.0390085 0.0439060 0.0341528 0.0409568 0.0432545 0.0388274 0.0749659 0.0387440 0.0536616 0.0434207 0.0385776 
4228058    0.0036757 0.0081754 0.0111578 0.0074122 0.0074338 0.0073735 0.0073512 0.0112776 0.0073512 0.0229236 0.0111866 0.0073512 0.0110671 0.0036535 0.0073707 0.0111229 0.0355506 0.0126910 0.0073343 0.0110926 0.0293906 0.0149198 0.0073343 0.0073512 0.0398732 0.0269870 0.0110926 0.0036650 0.0073512 0.0110926 0.0110926 0.0355506 0.0269870 0.0074122 0.0111578 0.0081997 0.0074093 0.0150151 0.0111822 0.0390085 0.0000000 0.0073735 0.0112174 0.0073735 0.0077188 0.0110926 0.0073746 0.0398903 0.0073343 0.0189958 0.0111229 0.0073343 
4227808    0.0036757 0.0081754 0.0111578 0.0074122 0.0074338 0.0073735 0.0073512 0.0112776 0.0073512 0.0229236 0.0111866 0.0073512 0.0110671 0.0036535 0.0073707 0.0111229 0.0355506 0.0083717 0.0073343 0.0110926 0.0293906 0.0149198 0.0073343 0.0073512 0.0398732 0.0269870 0.0110926 0.0036650 0.0073512 0.0110926 0.0110926 0.0355506 0.0269870 0.0074122 0.0111578 0.0081997 0.0074093 0.0150151 0.0111822 0.0390085 0.0073735 0.0000000 0.0112174 0.0073735 0.0077188 0.0110926 0.0073746 0.0398903 0.0073343 0.0189958 0.0111229 0.0073343 
2769895    0.0074266 0.0081892 0.0073813 0.0112345 0.0112672 0.0111748 0.0111399 0.0151984 0.0111822 0.0270365 0.0150725 0.0111399 0.0149082 0.0074093 0.0036570 0.0073590 0.0399586 0.0171272 0.0111562 0.0149429 0.0339960 0.0188441 0.0111141 0.0111399 0.0443772 0.0311847 0.0149429 0.0074050 0.0111399 0.0149429 0.0149994 0.0401188 0.0229543 0.0112345 0.0073813 0.0082135 0.0150313 0.0073813 0.0150665 0.0439060 0.0112174 0.0112174 0.0000000 0.0111748 0.0038286 0.0149429 0.0111759 0.0443965 0.0111562 0.0230428 0.0073590 0.0111141 
2769007    0.0036619 0.0081420 0.0111157 0.0073841 0.0074056 0.0073458 0.0073237 0.0112345 0.0073512 0.0228351 0.0111442 0.0073237 0.0110258 0.0036535 0.0073430 0.0110811 0.0354103 0.0126364 0.0073343 0.0110511 0.0292672 0.0148628 0.0073069 0.0073237 0.0397151 0.0268823 0.0110511 0.0036513 0.0073237 0.0110511 0.0110926 0.0355506 0.0268823 0.0073841 0.0111157 0.0081660 0.0111141 0.0149584 0.0111399 0.0341528 0.0073735 0.0073735 0.0111748 0.0000000 0.0076884 0.0110511 0.0073470 0.0397321 0.0073343 0.0189219 0.0110811 0.0073069 
2769008    0.0038324 0.0042400 0.0038082 0.0077304 0.0077539 0.0076884 0.0076641 0.0117685 0.0076944 0.0239315 0.0116693 0.0076641 0.0076641 0.0038232 0.0000010 0.0037966 0.0371623 0.0133151 0.0076759 0.0115671 0.0293779 0.0155620 0.0038082 0.0076641 0.0416955 0.0281836 0.0115671 0.0038208 0.0076641 0.0115671 0.0116128 0.0373166 0.0197508 0.0077304 0.0038082 0.0042526 0.0116363 0.0076884 0.0116645 0.0409568 0.0077188 0.0077188 0.0038286 0.0076884 0.0000000 0.0115671 0.0076898 0.0417142 0.0076759 0.0198282 0.0037966 0.0076458 
2547187    0.0036511 0.0081147 0.0148628 0.0111095 0.0111415 0.0110511 0.0110170 0.0150238 0.0036511 0.0188957 0.0149009 0.0110170 0.0073017 0.0073291 0.0110468 0.0073377 0.0312457 0.0169041 0.0110328 0.0073185 0.0335260 0.0110723 0.0109918 0.0110170 0.0354796 0.0228794 0.0073185 0.0073249 0.0036375 0.0073185 0.0073460 0.0313691 0.0228794 0.0111095 0.0148628 0.0081385 0.0148606 0.0187497 0.0148950 0.0432545 0.0110926 0.0110926 0.0149429 0.0110511 0.0115671 0.0000000 0.0036490 0.0354946 0.0110328 0.0227667 0.0148155 0.0109918 
2546935    0.0000010 0.0081147 0.0111168 0.0073854 0.0074068 0.0073470 0.0073249 0.0112357 0.0000010 0.0112020 0.0111453 0.0073249 0.0036406 0.0036542 0.0073442 0.0036583 0.0231478 0.0126378 0.0073353 0.0036490 0.0292620 0.0073612 0.0073081 0.0073249 0.0272573 0.0150692 0.0036490 0.0036406 0.0073249 0.0036490 0.0036627 0.0232387 0.0150692 0.0073854 0.0111168 0.0081385 0.0111152 0.0149598 0.0111410 0.0388274 0.0073746 0.0073746 0.0111759 0.0073470 0.0076898 0.0036490 0.0000000 0.0272687 0.0073353 0.0149973 0.0110822 0.0073081 
4227705    0.0314848 0.0164927 0.0441203 0.0399758 0.0400882 0.0397321 0.0395787 0.0446766 0.0314848 0.0150547 0.0442377 0.0395787 0.0354103 0.0355506 0.0397151 0.0356140 0.0036397 0.0507944 0.0396409 0.0354946 0.0684887 0.0232031 0.0394849 0.0395787 0.0073430 0.0189894 0.0354946 0.0312804 0.0395787 0.0273370 0.0274453 0.0036533 0.0189894 0.0399758 0.0441203 0.0165445 0.0441128 0.0486137 0.0442185 0.0749659 0.0398903 0.0398903 0.0443965 0.0397321 0.0417142 0.0354946 0.0272687 0.0000000 0.0396409 0.0349868 0.0439448 0.0394849 
4227706    0.0036564 0.0081281 0.0110972 0.0073726 0.0073939 0.0073343 0.0073123 0.0112158 0.0073123 0.0227920 0.0111257 0.0073123 0.0110075 0.0036344 0.0073315 0.0110628 0.0353328 0.0126126 0.0072955 0.0110328 0.0292021 0.0148380 0.0072955 0.0073123 0.0396240 0.0268291 0.0110328 0.0036459 0.0073123 0.0110328 0.0110328 0.0353328 0.0268291 0.0073726 0.0110972 0.0081519 0.0073697 0.0149331 0.0111214 0.0387440 0.0073343 0.0073343 0.0111562 0.0073343 0.0076759 0.0110328 0.0073353 0.0396409 0.0000000 0.0188884 0.0110628 0.0072955 
481020     0.0150894 0.0122945 0.0229134 0.0190269 0.0190818 0.0189219 0.0188591 0.0231738 0.0189326 0.0186430 0.0229729 0.0112052 0.0227137 0.0150540 0.0189143 0.0228351 0.0308054 0.0261695 0.0188884 0.0150320 0.0432396 0.0267990 0.0188152 0.0188591 0.0349723 0.0225681 0.0227667 0.0111803 0.0188591 0.0227667 0.0228545 0.0309252 0.0225681 0.0190269 0.0229134 0.0123309 0.0229097 0.0269883 0.0151572 0.0536616 0.0189958 0.0189958 0.0230428 0.0189219 0.0198282 0.0227667 0.0149973 0.0349868 0.0188884 0.0000000 0.0150747 0.0188152 
2546942    0.0073654 0.0081147 0.0073209 0.0111399 0.0111720 0.0110811 0.0110468 0.0150665 0.0110883 0.0267881 0.0149429 0.0036468 0.0147814 0.0073484 0.0036278 0.0072989 0.0395619 0.0169588 0.0110628 0.0073377 0.0336444 0.0186809 0.0110215 0.0110468 0.0439259 0.0308915 0.0148155 0.0073442 0.0110468 0.0148155 0.0148722 0.0397185 0.0227484 0.0111399 0.0073209 0.0081385 0.0149024 0.0110811 0.0073955 0.0434207 0.0111229 0.0111229 0.0073590 0.0110811 0.0037966 0.0148155 0.0110822 0.0439448 0.0110628 0.0150747 0.0000000 0.0110215 
1162879    0.0036428 0.0080941 0.0110556 0.0073448 0.0073660 0.0073069 0.0072850 0.0111732 0.0073123 0.0227046 0.0110839 0.0072850 0.0109667 0.0036344 0.0073041 0.0110215 0.0351943 0.0125586 0.0072955 0.0109918 0.0290805 0.0147814 0.0072684 0.0072850 0.0394682 0.0267256 0.0109918 0.0036323 0.0072850 0.0109918 0.0110328 0.0353328 0.0267256 0.0073448 0.0110556 0.0081178 0.0110541 0.0148759 0.0110796 0.0385776 0.0073343 0.0073343 0.0111141 0.0073069 0.0076458 0.0109918 0.0073081 0.0394849 0.0072955 0.0188152 0.0110215 0.0000000 
