B6/B19i-B6b-B19af-B6a-B6e-B6g	868864	0.0	0.0019876998131229816	0.005174406403967638	0.002712782796484048	0.00440778161122551	0.031525953229885065	0.03354665654246778	0.033526573803230396	0.03237427202713238	0.03129127297023454	0.03549759238208463	0.03349189585657737	0.03283554793020855	0.03225483234241733	0.03775527864065291	0.029795422832264593	0.01772597127602597	0.036240050914900075	0.03052677379477209	0.030669080098651703	0.028709226715789987	0.0308104072376578	0.03385041669761067	0.033680076175591676	0.033018579064174325	0.030526640308120755	0.03082099839119245	0.03540363473932318	0.0314623362466869	0.03335990738354546	0.020084718883166243	0.03169255810847798	0.031036121640312983	0.031011718124906062	0.03087271824429714	0.03255537024966464	0.03155447031664553	0.03156921190010995	0.032438278711345456	0.03318965723615726	0.03294014187244655	0.03348713654536691	0.031139834842382568	0.03081718670718085	0.0331090656452519	0.03347712222688567	0.03318465853961967	0.033763248659199205	0.03125161530359033	0.031924174813114756	0.033325942697870536	0.03218459251757753	0.031555619409899066	0.03271947626488807	0.03427102269477209	0.0358983245227437	0.034269807045936976	0.028794877686533736	0.028627159761598728	0.02677907109880169	0.02677203540661091	0.026779651894772095	0.031388007296091563	0.029112512842507772	0.028724731579503615	0.028757455545451952	0.02852896319129279	0.02730511839004304	0.028493712180117953	0.02814408875454416	0.034609453940347534	0.03427624469477209	0.00639383264835066	0.017807506676839266	0.015615848129878047	0.010559620287386547
B6/B6e/B19af-B6b-B19i-B6a-B6g-B19ag	868865	0.0019876998131229816	0.0	0.004499723896612136	0.004126798736089001	0.002880397847006497	0.02999975845205451	0.03202046176463722	0.032000379025399844	0.030848077249301824	0.029765078192403985	0.03397139760425407	0.03196570107874681	0.03130935315237799	0.030728637564586766	0.03622908386282235	0.02826922805443403	0.01713881087772631	0.03471385613706952	0.02900057901694153	0.029142885320821144	0.027183031937959432	0.029284212459827243	0.03232422191978011	0.032153881397761125	0.031492384286343766	0.029000445530290197	0.02929480361336189	0.033877439961492624	0.02993614146885634	0.0318337126057149	0.019497558484866583	0.03016636333064742	0.02950992686248242	0.0294855233470755	0.029346523466466577	0.031029175471834085	0.030028275538814965	0.030043017122279393	0.030912083933514904	0.031663462458326706	0.03141394709461599	0.03196094176753635	0.02961364006455201	0.02929099192935029	0.03158287086742134	0.03195092744905511	0.03165846376178911	0.032237053881368646	0.029725420525759765	0.03039798003528419	0.03179974792003998	0.03065839773974697	0.030029424632068504	0.031193281487057512	0.032744827916941534	0.03437212974491314	0.03274361226810642	0.027268682908703178	0.02710096498376817	0.02525287632097113	0.025245840628780346	0.025253457116941533	0.029861812518261005	0.02758631806467721	0.027198536801673057	0.027231260767621394	0.027002768413462226	0.025778923612212474	0.02696751740228739	0.0266178939767136	0.033083259162516976	0.03275004991694153	0.0058070412556121935	0.01722002045084458	0.01502975596571714	0.00997352812322564
B6e-B6o-B6p-B19i-B6	868895	0.005174406403967638	0.004499723896612136	0.0	0.005793206872432358	0.005118380915466907	0.0322395222960308	0.03426022560861351	0.03424014286937613	0.03308784109327811	0.03200484203638027	0.036211161448230354	0.0342054649227231	0.033549116996354274	0.03296840140856305	0.03846884770679864	0.030508991898410318	0.019213535188631215	0.03695361998104581	0.031240342860917817	0.03138264916479743	0.02942279578193572	0.031523976303803526	0.0345639857637564	0.03439364524173741	0.03373214813032006	0.031240209374266484	0.031534567457338174	0.03611720380546891	0.032175905312832626	0.034073476449691185	0.021572225908598773	0.032406127174623704	0.03174969070645871	0.03172528719105179	0.031586287310442863	0.03326893931581037	0.03226803938279125	0.03228278096625568	0.03315184777749119	0.03390322630230298	0.033653710938592284	0.03420070561151264	0.0318534039085283	0.03153075577332658	0.033822634711397626	0.03419069129303139	0.03389822760576539	0.03447681772534493	0.031965184369736055	0.03263774387926049	0.03403951176401627	0.03289816158372326	0.03226918847604479	0.03343304533103379	0.03498459176091782	0.03661189358888943	0.0349833761120827	0.02950844675267946	0.02934072882774445	0.027492640164947416	0.027485604472756636	0.027493220960917816	0.03210157636223729	0.029826081908653494	0.029438300645649347	0.02947102461159768	0.02924253225743851	0.02801868745618876	0.029207281246263678	0.028857657820689886	0.03532302300649326	0.034989813760917816	0.00788231169925015	0.019295413056658668	0.017104903474415116	0.012048675631923616
B19i/B6g-B6-B6a-B6i-B6b-B19af-B6h-B19as-B6c	868661	0.002712782796484048	0.004126798736089001	0.005793206872432358	0.0	0.0061780221723993205	0.03265749107230694	0.03467819438488966	0.03465811164565228	0.03350580986955425	0.03242281081265642	0.036629130224506506	0.03462343369899924	0.033967085772630426	0.033386370184839205	0.03888681648307479	0.03092696067468647	0.018876184987421565	0.03737158875732195	0.031658311637193966	0.031800617941073576	0.02984076455821186	0.03194194508007968	0.03498195454003254	0.034811614018013554	0.0341501169065962	0.03165817815054263	0.031952536233614326	0.03653517258174506	0.03259387408910878	0.03449144522596734	0.021234932594561835	0.03282409595089985	0.03216765948273486	0.032143255967327936	0.032004256086719016	0.03368690809208652	0.0326860081590674	0.03270074974253183	0.03356981655376734	0.034321195078579135	0.03407167971486843	0.03461867438778878	0.03227137268480444	0.03194872454960273	0.03424060348767377	0.03460866006930754	0.034316196382041544	0.03489478650162108	0.0323831531460122	0.03305571265553663	0.03445748054029242	0.033316130359999405	0.03268715725232094	0.033851014107309944	0.03540256053719397	0.037029862365165575	0.03540134488835885	0.029926415528955613	0.029758697604020598	0.02791060894122356	0.027903573249032778	0.02791118973719396	0.032519545138513434	0.030244050684929646	0.029856269421925492	0.02988899338787383	0.029660501033714662	0.02843665623246491	0.029625250022539826	0.02927562659696603	0.03574099178276941	0.03540778253719397	0.00818249700388728	0.01959615721327071	0.017404526391935644	0.012348298549444144
B6e	869002	0.00440778161122551	0.002880397847006497	0.005118380915466907	0.0061780221723993205	0.0	0.02712466743511298	0.02914537074769569	0.029125288008458306	0.027972986232360296	0.026889987175462454	0.031096306587312536	0.029090610061805276	0.028434262135436456	0.027853546547645235	0.03335399284588082	0.025394137037492503	0.015118141389381064	0.03183876512012799	0.026125488	0.026267794303879613	0.024307940921017897	0.02640912144288571	0.029449130902838582	0.029278790380819594	0.02861729326940224	0.026125354513348666	0.02641971259642036	0.03100234894455109	0.027061050451914807	0.028958621588773367	0.017476516511166648	0.02729127231370589	0.02663483584554089	0.026610432330133976	0.026471432449525045	0.028154084454892557	0.027153184521873437	0.027167926105337862	0.02803699291657337	0.02878837144138517	0.028538856077674465	0.029085850750594826	0.02673854904761048	0.02641590091240876	0.028707779850479807	0.02907583643211358	0.028783372744847577	0.029361962864427115	0.026850329508818237	0.02752288901834266	0.02892465690309845	0.027783306722805438	0.027154333615126973	0.028318190470115977	0.0298697369	0.031497038727971605	0.029868521251164883	0.024393591891761643	0.024225873966826635	0.0223777853040296	0.022370749611838818	0.022378366099999998	0.02698672150131947	0.024711227047735682	0.02432344578473153	0.024356169750679862	0.0241276773965207	0.02290383259527095	0.024092426385345863	0.023742802959772068	0.03020816814557544	0.029874958899999998	0.0037869179000000006	0.0151992656	0.0130102681	0.007954040257508498
B1-B1fu-B1fv	868866	0.031525953229885065	0.02999975845205451	0.0322395222960308	0.03265749107230694	0.02712466743511298	0.0	0.004021723432224286	0.004001881463167366	0.002851060352667711	0.0017649871896955236	0.005973214379154169	0.003967598006468804	0.003310330896144209	0.002728773547698019	0.008231388740101979	0.0038434665150769848	0.015735170978358654	0.006714883022572235	0.0010004167876424715	0.0011427230915220835	0.002822359611125376	0.001284083269455844	0.004325641429545533	0.004155563675003033	0.003493974508593585	0.0010002833009911366	0.0012946413840628293	0.005880531481443711	0.0019361101135324699	0.003834254255594018	0.013407695274361203	0.002168015033433481	0.0015107414378224355	0.0014861837532493503	0.0013474701825817157	0.0030307542008501088	0.0020292009072917657	0.002044400427296104	0.002913457042609979	0.0036656759086788377	0.0034155961030693863	0.0039621136283521895	0.0016134154477304538	0.0012907655064705887	0.0035840658477679153	0.005347826232473506	0.003659355634233417	0.004238749280543891	0.0017268315818036392	0.0027932311276859484	0.0038003516799119037	0.002658681221305739	0.0020293401872125577	0.0031949648886322735	0.004746328555068987	0.006374955109677792	0.004749716121857118	0.007740395641571685	0.006605422601939612	0.004755405132023286	0.005230936950821406	0.004757914735112978	0.009366549721318495	0.007091158606451576	0.006703273527013787	0.006733761177234553	0.006505701136612677	0.005279384497530493	0.006469599970478831	0.006119130709830562	0.005092000352534051	0.004758791106958608	0.030904749935112975	0.04231709763511297	0.040128100135112976	0.03507187229262148
B1do-B1-B1fw-B1ei	868868	0.03354665654246778	0.03202046176463722	0.03426022560861351	0.03467819438488966	0.02914537074769569	0.004021723432224286	0.0	2.0244456149224127e-05	0.004871740872088373	0.002257301115298485	0.001953513991186372	0.005989078112979737	0.005331845527598702	0.004750230000870053	0.01025234935845637	0.0037570056040170975	0.017756644462789524	0.0030223619614738674	0.0030222086499250224	0.0031644387614238726	0.004843848494016399	0.0033054513314669945	0.006346493917535431	0.006176513986709398	0.005515113008413011	0.003022075163273688	0.003315998753194696	0.0035166884058797773	0.0039581292945320085	0.005855784705958213	0.015428398586943916	0.004189052212336299	0.0035318037048069394	0.003507346212035494	0.003369440684737327	0.005051946819914241	0.004049898402389284	0.0040655685292903835	0.004934601322717289	0.0056866397488798	0.0054372658610514135	0.005983687665640307	0.003635227306013805	0.003312274522537761	0.005605072746027965	0.007369137890586954	0.00568054625429705	0.006259905084293872	0.003748065463121	0.004814276899492303	0.005821376610937283	0.004680186840626946	0.004049663055933821	0.00521625812191924	0.0007253012717684695	0.0028580412936818956	0.004300765917720136	0.0097610989541544	0.008626125914522328	0.006776108444606001	0.007251640263404121	0.006778618047695691	0.011387253033901208	0.00911186191903429	0.008723976839596501	0.008754464489817267	0.00852640444919539	0.007300087810113208	0.008490303283061546	0.008139834022413276	0.007112277778805474	0.006779068533230031	0.03292545324769569	0.04433780094769568	0.04214880344769569	0.037092575605204195
B1do-B1-B1fw-B1ei-B1ej	868870	0.033526573803230396	0.032000379025399844	0.03424014286937613	0.03465811164565228	0.029125288008458306	0.004001881463167366	2.0244456149224127e-05	0.0	0.004851780041269467	0.0022375773368591653	0.0019734234978704256	0.005969117282160831	0.0053120773437847334	0.00473041674053705	0.010232569801349728	0.0037369566335932816	0.017736595492365708	0.003002638183034548	0.0030024848714857028	0.003144714982984553	0.0048237995235925835	0.0032857787822778333	0.006326371161868664	0.006156420610910933	0.005495019632614546	0.003002351384834368	0.003296274974755376	0.0034967826169966	0.003938361110718041	0.005835971445625208	0.015408315847706532	0.004169032621780786	0.0035117547343831235	0.0034874292152169565	0.003349396439055994	0.00503185181641818	0.00402987881183377	0.004045529132401681	0.004914581732161776	0.005666546373081336	0.00541717248525295	0.005963726834821401	0.0036154411400519896	0.0032924865505178	0.005585053155472451	0.0073491770597680466	0.005660454893250909	0.006240136900479904	0.003728045872565487	0.004794250697325711	0.005801430805624721	0.004660373580293941	0.004029951475054989	0.005196164746120776	0.0007453555102179565	0.002838135504798718	0.0042808601288369585	0.009741016214917016	0.008606043175284944	0.0067560257053686165	0.007231557524166737	0.006758535308458309	0.011367170294663827	0.009091779179796908	0.008703894100359117	0.008734381750579884	0.008506321709958008	0.007280005070875824	0.008470220543824163	0.008119751283175894	0.007092401369790599	0.006759192124215157	0.032905370508458306	0.04431771820845831	0.042128720708458314	0.03707249286596681
B1-B14b-B1x-B1bh-B1be-B1g-B6n	868873	0.03237427202713238	0.030848077249301824	0.03308784109327811	0.03350580986955425	0.027972986232360296	0.002851060352667711	0.004871740872088373	0.004851780041269467	0.0	0.0026160162021844372	0.006822471216021311	0.004270874118500172	0.004161055734906403	0.003034288266497764	0.009082309939592026	0.004691421421491549	0.016583491178084935	0.007565333490296411	0.0018518809175547338	0.001993897050371452	0.003670695209311811	0.0015900155003123401	0.004109065646237097	0.0038412894910519564	0.0031792678893738362	0.0018517474309033988	0.002145728173149174	0.006728298909624561	0.0027874433694695423	0.004138803732740178	0.014256014071608517	0.002302851477926622	0.002361006800608123	0.002336873238090626	0.002198036326729592	0.002708588974062141	0.0020025151614115762	0.002496585650961371	0.0022604242116518003	0.0032369047182593683	0.002945805456896485	0.004266418921273617	0.0024648371861210206	0.0021422028390625826	0.0029328613528713816	0.005650556505259502	0.002813181018450146	0.005089474119306085	0.0022585318658596503	0.003199368346740171	0.0026843297568210577	0.0029639020564011472	0.001905709352737697	0.0028638612273175004	0.005596779022793162	0.00722313041549535	0.005597483550037969	0.008588714438819	0.007453741399186926	0.005603723929270601	0.006079255748068721	0.005606233532360292	0.01021486851856581	0.00793947740369889	0.007551592324261101	0.007582079974481868	0.007354019933859992	0.006127703294777809	0.007317918767726146	0.006967449507077877	0.0059403785178937475	0.005607169272318305	0.03175306873236029	0.04316541643236029	0.040976418932360294	0.03592019108986879
B1/B1do	868874	0.03129127297023454	0.029765078192403985	0.03200484203638027	0.03242281081265642	0.026889987175462454	0.0017649871896955236	0.002257301115298485	0.0022375773368591653	0.0026160162021844372	0.0	0.004208926449606616	0.0037328873308303057	0.0030752839098390165	0.0024939267862013796	0.00799653811452464	0.0020793795453374697	0.01550049071870813	0.00495071255120488	0.0007649075346265373	0.000907518608029197	0.0025876793514748525	0.00104914811679832	0.0040905329195367515	0.003920475056188425	0.0032588938091189915	0.0007650410212778721	0.0010590895987001299	0.004116303739858567	0.0017010631272272774	0.0035994814912895384	0.01317301501471068	0.0019326859349146181	0.0012751260078019023	0.0012506153256683292	0.0011127097983701629	0.002795697129605382	0.0017934233575978133	0.0018091845816399824	0.002678390919904677	0.0034305872898642304	0.0031810150235828294	0.0037274137605069406	0.0013784900779378751	0.0010552301815618438	0.003348876415078858	0.005113145972822982	0.0034244043467531425	0.004003702294238698	0.0014915250835608339	0.002557988113777128	0.0035653006989070654	0.0024238836259582713	0.0017929953731129237	0.0029599784902095043	0.0029813413653734626	0.004610727368092647	0.0029854883802719724	0.007505715381921162	0.006370742342289089	0.004520724872372763	0.004996256691170883	0.004523234475462454	0.009131869461667972	0.006856478346801052	0.006468593267363263	0.0064990809175840296	0.0062710208769621535	0.00504470423787997	0.006234919710828308	0.0058844504501800385	0.004857179321037896	0.0045239700754624535	0.03067006967546245	0.04208241737546244	0.03989341987546245	0.034837192032970955
B1do/B1ec-B5aj-B1	868875	0.03549759238208463	0.03397139760425407	0.036211161448230354	0.036629130224506506	0.031096306587312536	0.005973214379154169	0.001953513991186372	0.0019734234978704256	0.006822471216021311	0.004208926449606616	0.0	0.007940080252131384	0.007283336474528585	0.006701652355895987	0.012203828932093581	0.005708093388812238	0.019707732247584663	0.0021729501628485848	0.004973833984233154	0.0051156360164599304	0.0067949362788115395	0.0052573156422973475	0.008297263950326574	0.008126923648037718	0.007465782978109914	0.004973700497581819	0.004974271387252852	0.0020048659966506693	0.005909620241461891	0.007807023217840765	0.017379334426560762	0.006139531001670078	0.005483023656288742	0.0054589258984503106	0.005320893122289348	0.007002638818202635	0.006000343687854222	0.006016311580458974	0.006885030697772049	0.007637223812354902	0.007387787982323535	0.007934926177522861	0.005586905029844031	0.005263899856845893	0.007555599577140302	0.009320376402469506	0.007631261831356058	0.008211396031223755	0.005698713236462707	0.006764982894603316	0.007771991061790841	0.006631425352509498	0.0060009362873025395	0.007166777197080584	0.0026123918665366926	0.00145267103000579	0.00521401227517769	0.011712034793771246	0.010577061754139173	0.008727044284222846	0.009202576103020967	0.008729553887312539	0.013338188873518056	0.011062797758651138	0.010674912679213347	0.010705400329434114	0.010477340288812238	0.009251023649730055	0.010441239122678393	0.010090769862030124	0.009063221788276902	0.008730012542701459	0.03487638908731253	0.04628873678731253	0.04409973928731254	0.039043511444821044
B1-B1br-B1dr-B1by-B1bw-B1dq	868887	0.03349189585657737	0.03196570107874681	0.0342054649227231	0.03462343369899924	0.029090610061805276	0.003967598006468804	0.005989078112979737	0.005969117282160831	0.004270874118500172	0.0037328873308303057	0.007940080252131384	0.0	0.005278131306377762	0.0012391958001548374	0.010199385511063386	0.005809409141769285	0.017701113605050955	0.008682670731187775	0.002968388155367853	0.003110404288184571	0.0047883022378176765	0.002684352391634226	0.006292165395482378	0.00612148849984137	0.005460245136805278	0.002968254668716518	0.0032623142030830813	0.007846348662879745	0.003903950607282661	0.0026889161978129635	0.015373637901053505	0.003721589499319284	0.0030653533042802657	0.0030413919397631693	0.0029025829324484374	0.00499705198101961	0.0036652028926297494	0.0035982671402139147	0.004879704280177928	0.005631592480392002	0.005381743884798796	0.0005327018968007527	0.0035813444239341397	0.003258801067776612	0.00555052879905038	0.0017931429426703523	0.005626199174629561	0.006206549690777444	0.003280620753348265	0.0043469558973810475	0.005767365991551101	0.0013092321953908238	0.003996787856505438	0.0051610604207956035	0.0067141162636845265	0.008340772291113826	0.006715533303293152	0.009706338268263986	0.008571365228631913	0.006721347758715587	0.007196879577513707	0.006723857361805277	0.011332492348010795	0.009057101233143877	0.008669216153706088	0.008699703803926855	0.008471643763304977	0.007245327124222794	0.008435542597171133	0.008085073336522863	0.007057727637208789	0.006724518391633347	0.032870692561805276	0.04428304026180528	0.042094042761805284	0.03703781491931378
B1/B1cg-B1fc	868903	0.03283554793020855	0.03130935315237799	0.033549116996354274	0.033967085772630426	0.028434262135436456	0.003310330896144209	0.005331845527598702	0.0053120773437847334	0.004161055734906403	0.0030752839098390165	0.007283336474528585	0.005278131306377762	0.0	0.004039563809969004	0.00953980777502859	0.005153113905392412	0.01704480527472253	0.008024582802409759	0.0023107847343765624	0.0024533196153984603	0.004132024704409559	0.0025948735317268276	0.005636014243911795	0.005465880218644428	0.004804425269672444	0.0023108292299270075	0.002605244507279272	0.007190354836566179	0.003245345686441356	0.005144998599067155	0.014717289974684682	0.0034784658790331653	0.00282167247193905	0.002797114787365965	0.00265840121669833	0.004341239060333583	0.0033398950321172406	0.00335480460700751	0.004223603271901553	0.004975915027650597	0.004726090424528533	0.0052728239820222685	0.0029242525006433085	0.0026014544211078895	0.004894691538874764	0.006657992219599518	0.004969955236345578	0.0009284183843996824	0.003037677033036831	0.0041034365868855595	0.0051109105590142435	0.0039694714835767225	0.003340006474278582	0.00450544221349074	0.00605602833490651	0.0076848932939387994	0.006059170050334966	0.009049990341895166	0.007915017302263093	0.006064999832346766	0.006540531651144886	0.006067509435436456	0.010676144421641973	0.008400753306775055	0.008012868227337266	0.008043355877558032	0.007815295836936156	0.006588979197853973	0.007779194670802311	0.0074287254101540415	0.006401454281011899	0.006068245035436456	0.03221434463543645	0.04362669233543645	0.04143769483543646	0.036381466992944964
B1-B1br-B1dq	868908	0.03225483234241733	0.030728637564586766	0.03296840140856305	0.033386370184839205	0.027853546547645235	0.002728773547698019	0.004750230000870053	0.00473041674053705	0.003034288266497764	0.0024939267862013796	0.006701652355895987	0.0012391958001548374	0.004039563809969004	0.0	0.008960818014654627	0.004572345627609243	0.01646405009089091	0.007443822619078092	0.0017292594275572443	0.001871489539056094	0.0035512387236576338	0.0014452236638236179	0.005054387507455332	0.004884227295281417	0.0042227064799823	0.0017291259409059092	0.002023405631816818	0.006609029646147936	0.0026653430273572646	0.0024813131212733	0.01413657438689346	0.002896778580635338	0.002239560258483461	0.0022151473449561663	0.002076318565613438	0.0037594923838471348	0.002757778862380815	0.002773273542227403	0.0036422885741746237	0.0043943853230300044	0.004144577395165732	0.0012337330178045914	0.0023422780836460265	0.002019736533546645	0.004312950558061069	0.0026194215194310804	0.004388239544366874	0.004967982194368685	0.002455616913092146	0.0035221478251842198	0.004529106711113501	0.0007618292276838853	0.002758154408793399	0.003923657238517061	0.005475268151574842	0.007103453274382018	0.005478214286561343	0.008469274754103943	0.00733430171447187	0.005484284244555545	0.005959816063353664	0.0054867938476452355	0.010095428833850752	0.007820037718983834	0.0074321526395460455	0.007462640289766811	0.007234580249144935	0.006008263610062752	0.00719847908301109	0.006848009822362821	0.005820258341255874	0.005487049095680431	0.03163362904764523	0.04304597674764523	0.04085697924764524	0.03580075140515374
B10-B10a-B1	868909	0.03775527864065291	0.03622908386282235	0.03846884770679864	0.03888681648307479	0.03335399284588082	0.008231388740101979	0.01025234935845637	0.010232569801349728	0.009082309939592026	0.00799653811452464	0.012203828932093581	0.010199385511063386	0.00953980777502859	0.008960818014654627	0.0	0.010073858112607479	0.02196605947940815	0.012945316059190172	0.007232038939062187	0.0073745738200840846	0.009053278909095184	0.007516127736412452	0.01055726844859742	0.01038713442333005	0.009725679474358068	0.007232083434612632	0.007526498711964896	0.012110847294131174	0.008167100641051988	0.01006625280375278	0.01963702068512905	0.00839980185918615	0.007742926676624675	0.007718368992051589	0.007579655421383955	0.00926249326501921	0.008261149236802864	0.008276175564991814	0.009145145415011807	0.009897169232336222	0.009647151867766445	0.010194078186707893	0.007845506705328933	0.007522708625793513	0.009815945743560386	0.011579246424285141	0.009891209441031204	0.010467149676314735	0.007958931237722455	0.009024864322158948	0.010032164763699867	0.008890725688262347	0.008261260678964205	0.009426696418176363	0.010976520792471505	0.012605385751503797	0.010979327141436608	0.013969721052339531	0.012834748012707458	0.010984730542791133	0.011460262361589252	0.010987240145880824	0.01559587513208634	0.01332048401721942	0.012932598937781634	0.012963086588002399	0.012735026547380523	0.011508709908298338	0.012698925381246676	0.012348456120598407	0.011321184991456266	0.010987975745880823	0.03713407534588082	0.04854642304588082	0.04635742554588082	0.04130119770338933
B5/B1-B1do	868917	0.029795422832264593	0.02826922805443403	0.030508991898410318	0.03092696067468647	0.025394137037492503	0.0038434665150769848	0.0037570056040170975	0.0037369566335932816	0.004691421421491549	0.0020793795453374697	0.005708093388812238	0.005809409141769285	0.005153113905392412	0.004572345627609243	0.010073858112607479	0.0	0.014005170376228933	0.00645129592545166	0.0028442870799640072	0.0029865933838436193	0.0010868428899993025	0.0031279205228497186	0.0061673672953400805	0.005997108301363308	0.005335691909542176	0.0028441535933126723	0.003138155575394464	0.00561411375044991	0.0037798495318788154	0.005677420668737375	0.01167322683469334	0.004009340779334196	0.003352759102429514	0.003328455178944211	0.0031902315294890546	0.0048725067232623575	0.003870981331078673	0.0038860728459975936	0.004755243398576562	0.0055067241891484965	0.005257466195430914	0.005804649830558829	0.0034573481275744847	0.003134288758996104	0.00542587195903238	0.005792846816076784	0.0055017040586946425	0.006081173462087583	0.0035684431620275946	0.004439070427594955	0.005642931245431274	0.004502105802769447	0.0038718668608978208	0.005036683411307738	0.004481616083023395	0.006108917910995004	0.004481952660009488	0.006004333726494701	0.004869360686862628	0.0030193432169463024	0.0034948750357444228	0.0030218528200359933	0.00763048780624151	0.005355096691374591	0.0049672116119368025	0.004998617478514297	0.004770118725634874	0.0035441610002099585	0.004734383888634241	0.004384055184619462	0.00693164149068642	0.006598432245110979	0.029174219537492503	0.0405865672374925	0.038397569737492504	0.033341341895001
B1/B19	868918	0.01772597127602597	0.01713881087772631	0.019213535188631215	0.018876184987421565	0.015118141389381064	0.015735170978358654	0.017756644462789524	0.017736595492365708	0.016583491178084935	0.01550049071870813	0.019707732247584663	0.017701113605050955	0.01704480527472253	0.01646405009089091	0.02196605947940815	0.014005170376228933	0.0	0.02044980940929907	0.014735991543245676	0.014878297847125287	0.012918444464263575	0.015019624986131387	0.018059634446084258	0.017889293924065266	0.017227796812647914	0.014735858056594341	0.015030216139666033	0.019613673824979184	0.015671553995160483	0.017569125132019043	0.007414481844679945	0.015901775856951565	0.01524533938878657	0.015220935873379651	0.015081935992770724	0.01676458799813823	0.015763688065119116	0.01577842964858354	0.01664749645981905	0.017398874984630844	0.01714935962092014	0.017696354293840498	0.015349052590856154	0.015026404455654434	0.017318283393725483	0.017686339975359254	0.017393876288093253	0.01797322365912221	0.015460833052063912	0.016133392561588338	0.017535160446344126	0.016393810266051113	0.015764837158372652	0.016928694013361653	0.01848125494179582	0.02010855676976743	0.01848145995089491	0.016811436058504974	0.016643718133569962	0.014793700663653634	0.014788593778582142	0.014796210266743326	0.019404565668062798	0.017129071214479003	0.016741289951474853	0.0167720567088649	0.016543996668243025	0.01531783609649752	0.01650789550210918	0.016157426241460913	0.018823744181571844	0.0184905349359964	0.015169578956754326	0.026585669689811024	0.02439391465820418	0.019337686815712678
B1ec-B1	868930	0.036240050914900075	0.03471385613706952	0.03695361998104581	0.03737158875732195	0.03183876512012799	0.006714883022572235	0.0030223619614738674	0.003002638183034548	0.007565333490296411	0.00495071255120488	0.0021729501628485848	0.008682670731187775	0.008024582802409759	0.007443822619078092	0.012945316059190172	0.00645129592545166	0.02044980940929907	0.0	0.005714803367503249	0.005857414440905909	0.007537013440525948	0.005999043949675032	0.009039772007473265	0.008869821490451773	0.008208420512155389	0.005714936854154584	0.006008985431576842	0.0037861023796960727	0.006650866569343065	0.00854937732416625	0.01812179295937621	0.006882359716078677	0.006225021840678614	0.0062005111585450405	0.006062605631246875	0.0077452526959590215	0.0067432059061316605	0.006758856226699571	0.007627908826459666	0.008379947252622177	0.008130573364793791	0.008677280283848345	0.006328385910814587	0.006005126014438556	0.00829838024977034	0.01006273050879499	0.008373843734539732	0.008952642359104928	0.006441372966863378	0.007507577791623601	0.008514684114679661	0.007373779458834983	0.0067428846481371214	0.007909565625661618	0.003746402211548845	0.0032344407584664857	0.006995621515518448	0.012454493326586696	0.011319520286954623	0.009469502817038296	0.009945034635836417	0.009472012420127988	0.014080647406333505	0.011805256291466587	0.011417371212028796	0.011447858862249563	0.011219798821627687	0.009993482182545504	0.011183697655493843	0.010833228394845573	0.00980595726570343	0.009472748020127987	0.035618847620127986	0.04703119532012798	0.04484219782012799	0.03978596997763649
B1	868931	0.03052677379477209	0.02900057901694153	0.031240342860917817	0.031658311637193966	0.026125488	0.0010004167876424715	0.0030222086499250224	0.0030024848714857028	0.0018518809175547338	0.0007649075346265373	0.004973833984233154	0.002968388155367853	0.0023107847343765624	0.0017292594275572443	0.007232038939062187	0.0028442870799640072	0.014735991543245676	0.005714803367503249	0.0	0.00014268726578342168	0.0018231801760123986	0.00028439236699330067	0.0033264421032383807	0.0031563842398900552	0.002494795073480608	2.224777522247773e-07	0.00029469534934506545	0.004881211274485103	0.0009365639517648236	0.002834934048635409	0.012408515839248227	0.0011689173737878635	0.0005114204310237953	0.00048674397020595885	0.00034798804516548336	0.0020315747657371312	0.001029926452894132	0.001045337745481807	0.001914440342403039	0.0026664964735658605	0.002416704810327934	0.002962914585044487	0.0006136973203559289	0.00029088906479352066	0.00258507673652539	0.004348646797360529	0.002660313530454772	0.003239203118776245	0.0007277113348530294	0.0017942252231607358	0.0028012098826086956	0.0016592654334633074	0.0010297620318436313	0.0021957854535192963	0.0037462489	0.005375634902719183	0.0037503959148985104	0.006741216206458708	0.005606243166826635	0.003756225696910309	0.004231757515708429	0.0037587353	0.008367370286205518	0.006091979171338599	0.00570409409190081	0.005734581742121576	0.0055065217014997	0.004280205062417516	0.005470420535365854	0.005119951274717585	0.004092680145575443	0.0037594709000000003	0.029905570499999996	0.04131791819999999	0.0391289207	0.0340726928575085
B1-B1a	868603	0.030669080098651703	0.029142885320821144	0.03138264916479743	0.031800617941073576	0.026267794303879613	0.0011427230915220835	0.0031644387614238726	0.003144714982984553	0.001993897050371452	0.000907518608029197	0.0051156360164599304	0.003110404288184571	0.0024533196153984603	0.001871489539056094	0.0073745738200840846	0.0029865933838436193	0.014878297847125287	0.005857414440905909	0.00014268726578342168	0.0	0.0019654864798920105	0.00042662247849215083	0.0034684582360550993	0.0032984003727067734	0.0026368112062973266	0.00014260497401259877	0.00043649738157184285	0.0050230133067118805	0.0010790988327867212	0.0029771641601342596	0.012550822143127837	0.001310933506604582	0.0006535241685366807	0.0006290502740855709	0.0004902943490450954	0.00217359089855385	0.00117194258571085	0.0011873538782985254	0.002056456475219757	0.002808512606382579	0.002558720943144653	0.003105144696543337	0.0007559512347134453	0.00043324336387361265	0.0027270928693421087	0.004490876908859378	0.002802329663271491	0.003381737999798143	0.0008697274676697478	0.0019362413559774541	0.002943226015425414	0.0018014955449621576	0.0011717781646603496	0.0023378015863360145	0.00388885997340266	0.0055174369349459615	0.003892197947125287	0.006883522510338321	0.005748549470706248	0.003898532000789921	0.004374063819588042	0.003901041603879612	0.008509676590085129	0.006234285475218211	0.005846400395780422	0.005876888046001188	0.005648828005379312	0.0044225113662971285	0.005612726839245467	0.005262257578597197	0.004234910257074293	0.00390170101149885	0.03004787680387961	0.0414602245038796	0.03927122700387961	0.034214999161388114
B1/B5	868614	0.028709226715789987	0.027183031937959432	0.02942279578193572	0.02984076455821186	0.024307940921017897	0.002822359611125376	0.004843848494016399	0.0048237995235925835	0.003670695209311811	0.0025876793514748525	0.0067949362788115395	0.0047883022378176765	0.004132024704409559	0.0035512387236576338	0.009053278909095184	0.0010868428899993025	0.012918444464263575	0.007537013440525948	0.0018231801760123986	0.0019654864798920105	0.0	0.00210681361889811	0.00514682307885098	0.004976482556831989	0.004314985445414638	0.0018230466893610637	0.0021174047724327565	0.006700877856206062	0.002758742627927207	0.004656313764785766	0.010587030718218739	0.0029889644897182865	0.0023325280215532908	0.0023081245061463717	0.002169124625537446	0.003851776630904952	0.002850876697885837	0.0028656182813502637	0.0037346850925857695	0.004486063617397567	0.004236548253686865	0.00478354292660722	0.0024362412236228763	0.0021135930884211575	0.0044054720264922066	0.004771739912125176	0.004481064920859975	0.005060443088809241	0.0025480216848306355	0.0034186998084894085	0.004622349079110849	0.0034809988988178378	0.002852025791139373	0.004015882646128376	0.005568458973022697	0.007195760800994306	0.005568725575962403	0.00491803603044631	0.0037830629908142364	0.0019330455208979105	0.002408577339696031	0.0019355551239876017	0.00654419011019312	0.004268798995326201	0.0038809139158884113	0.003912372263000696	0.0036838735101212714	0.0024579823772469516	0.0036481386731206395	0.0032978099691058594	0.005911009806639335	0.005577800561063893	0.028088023421017898	0.039500371121017896	0.0373113736210179	0.032255145778526395
B1-B1g	868625	0.0308104072376578	0.029284212459827243	0.031523976303803526	0.03194194508007968	0.02640912144288571	0.001284083269455844	0.0033054513314669945	0.0032857787822778333	0.0015900155003123401	0.00104914811679832	0.0052573156422973475	0.002684352391634226	0.0025948735317268276	0.0014452236638236179	0.007516127736412452	0.0031279205228497186	0.015019624986131387	0.005999043949675032	0.00028439236699330067	0.00042662247849215083	0.00210681361889811	0.0	0.0036099624026958064	0.0034398658979542486	0.002778281375222777	0.00028425888034196584	0.0005785439707129287	0.005164692932549297	0.0012206527491150886	0.002550541681642109	0.012692149282133938	0.0014523990318520573	0.0007950006845473792	0.0007703774130916703	0.0006316214880511948	0.0023150672790876103	0.0013134081109583255	0.0013288484374678784	0.0021979220004672323	0.002949978131630054	0.0027001864683921283	0.00267887882131086	0.000897411023082083	0.0005748728726427358	0.002868558394589584	0.004064611033626902	0.002943814439607351	0.0035232919161265097	0.001011192992917223	0.002077722720424696	0.003084691540672889	0.0013752296697296805	0.0013133757393903392	0.00247926711158349	0.004030489482171783	0.005659116560783377	0.004033877572962703	0.00702484964934442	0.005889876609712347	0.004039859139796021	0.004515390958594141	0.0040423687428857115	0.00865100372909123	0.00637561261422431	0.0059877275347865215	0.006018215185007288	0.005790155144385412	0.004563838505303228	0.005754053978251566	0.005403584717603297	0.0043760100188181186	0.0040428007732426765	0.03018920394288571	0.041601551642885704	0.03941255414288571	0.034356326300394216
B1-B14e-B1ai-B1ao-B1x-B1am-B14c-B1j	868645	0.03385041669761067	0.03232422191978011	0.0345639857637564	0.03498195454003254	0.029449130902838582	0.004325641429545533	0.006346493917535431	0.006326371161868664	0.004109065646237097	0.0040905329195367515	0.008297263950326574	0.006292165395482378	0.005636014243911795	0.005054387507455332	0.01055726844859742	0.0061673672953400805	0.018059634446084258	0.009039772007473265	0.0033264421032383807	0.0034684582360550993	0.00514682307885098	0.0036099624026958064	0.0	0.0005531898215292351	0.001087826371051674	0.003326308616587046	0.003620289358832821	0.008204480053505594	0.0042621880636988865	0.006159633950955854	0.015732158742086808	0.004160826697818214	0.0038358014076135026	0.003811669644736078	0.003672902991794188	0.0017724067721239382	0.003930382918014664	0.0043682987625545625	0.0029417161824395297	0.000965107340358942	0.0023407880602648494	0.006287181240007805	0.0039394507613267635	0.0036167640247462295	0.0031680776558901495	0.007672352253025875	0.0022343778240579712	0.006564432628311477	0.0037336681659025433	0.0051168938206496	0.0024431113410894553	0.004984147682615534	0.0039312622497251586	0.001495077027462726	0.007071217539970016	0.008698903681739674	0.007073664693919001	0.010064859109297289	0.008929886069665216	0.00707986859974889	0.00755540041854701	0.007082378202838581	0.0116910131890441	0.00941562207417718	0.00902773699473939	0.009058224644960157	0.008830164604338282	0.007603847965256097	0.008794063438204436	0.008443594177556166	0.007416844787544459	0.007083635541969016	0.033229213402838575	0.044641561102838574	0.042452563602838576	0.03739633576034708
B1/B14e-B1x-B1ai-B1ao-B14c-B1j-B1am-B1an	868646	0.033680076175591676	0.032153881397761125	0.03439364524173741	0.034811614018013554	0.029278790380819594	0.004155563675003033	0.006176513986709398	0.006156420610910933	0.0038412894910519564	0.003920475056188425	0.008126923648037718	0.00612148849984137	0.005465880218644428	0.004884227295281417	0.01038713442333005	0.005997108301363308	0.017889293924065266	0.008869821490451773	0.0031563842398900552	0.0032984003727067734	0.004976482556831989	0.0034398658979542486	0.0005531898215292351	0.0	0.0009556339669826895	0.00315625075323872	0.0034502314954844957	0.00803379352433018	0.004092043643628921	0.0059893023364095506	0.015561818220067816	0.003990036320039657	0.0036656355269518784	0.00364163337059315	0.0035028667176512595	0.0015850183496951525	0.00369765719522799	0.004197983428651374	0.0026738035623805312	0.0009161616954069968	0.0020729485465666303	0.006116685595550033	0.0037693928979784376	0.0034467061613979045	0.002900342721047839	0.007501898987378698	0.0019917662087256373	0.006394298603044112	0.0035631085778634504	0.004946497822345066	0.002175863580809595	0.004813987470441621	0.0037154998815522745	0.0014397244013893084	0.006901267022948525	0.008528217152564261	0.006902978164743587	0.009894518587278299	0.008759545547646224	0.0069095280777299	0.00738505989652802	0.006912037680819591	0.011520672667025108	0.009245281552158188	0.008857396472720401	0.008887884122941166	0.00865982408231929	0.007433507443237107	0.008623722916185444	0.008273253655537174	0.0072463487432865865	0.0069131394977111444	0.03305887288081959	0.04447122058081958	0.04228222308081959	0.03722599523832809
B1-B14e-B1x-B1ai-B1ao-B1am-B1j	868649	0.033018579064174325	0.031492384286343766	0.03373214813032006	0.0341501169065962	0.02861729326940224	0.003493974508593585	0.005515113008413011	0.005495019632614546	0.0031792678893738362	0.0032588938091189915	0.007465782978109914	0.005460245136805278	0.004804425269672444	0.0042227064799823	0.009725679474358068	0.005335691909542176	0.017227796812647914	0.008208420512155389	0.002494795073480608	0.0026368112062973266	0.004314985445414638	0.002778281375222777	0.001087826371051674	0.0009556339669826895	0.0	0.002494661586829273	0.0027886423290750485	0.007372759850084864	0.003430481226140096	0.005327781521110433	0.014900321108650465	0.0033288090186035643	0.003004136762233313	0.0029800049993558885	0.0028412383464139985	0.0008034934073692092	0.0030364784391122652	0.0035365040476709316	0.0019826419677429026	0.00040299837044233475	0.001687047393652091	0.005455253161008136	0.0031078037315689904	0.0027851169949884578	0.0022090254323970412	0.006840362758554837	0.0020422638416001866	0.005732843654072127	0.0029016524415101524	0.004284972345981608	0.0024014304557917914	0.004152466655142504	0.0030538288167020196	0.0006807983850916121	0.00623986604465214	0.007867183478318943	0.006241944490498271	0.009233021475860947	0.008098048436228874	0.006248030966312549	0.006723562785110668	0.0062505405694022395	0.010859175555607758	0.008583784440740838	0.00819589936130305	0.008226387011523815	0.007998326970901939	0.006772010331819756	0.007962225804768094	0.007611756544119825	0.006585042392186798	0.006251833146611355	0.032397375769402235	0.043809723469402234	0.041620725969402236	0.03656449812691074
