B6/B19i-B6b-B19af-B6a-B6e-B6g	868864	0.0	0.0014137347486593826	0.004450991242525209	0.0027314800218041346	0.00438840395016495	0.032700414476318704	0.032914574527807605	0.03274739113680266	0.03314164244271463	0.03155032762004433	0.035076385644124346	0.037062987849345204	0.03332848092793354	0.035915893736515866	0.03739117127470823	0.03024967969164718	0.017991579334746106	0.035315884320734264	0.030507658568299508	0.031099667732733066	0.028690111489317414	0.031180307049451395	0.03542227047213759	0.03509585548929112	0.03453795319038067	0.03050714171998434	0.031588620889195326	0.035229211425308105	0.03169541936487985	0.03832033628073578	0.021253915068589424	0.03280755613892832	0.03171734166645988	0.03181891041713463	0.03133174367787855	0.034166612616015654	0.032693398506787964	0.032499108038395494	0.03368195421819955	0.0347225986990203	0.03421197306036269	0.0376759534663799	0.033281956460750266	0.031578609478208515	0.03499237299774773	0.037140117796423885	0.035047104732870135	0.03398047827316805	0.03216121756953902	0.03313423179016295	0.0352401075873357	0.03481179612209875	0.032834836594146925	0.03432551466246185	0.03425190746829951	0.03614490846145088	0.03425081784511183	0.031392779144824204	0.03202594622062428	0.02675989661849449	0.026735713895666775	0.026760536668299514	0.03424442762311307	0.03192428649531411	0.03046046468281661	0.02890253111069103	0.028900829572638644	0.02768662353575927	0.0288062955688694	0.028485905971768817	0.03514518826661968	0.03425712946829951	0.006699726499250225	0.01811316009590123	0.015921983933519943	0.011959339234399857
B6/B6e/B19af-B6b-B19i-B6a-B6g-B19ag	868865	0.0014137347486593826	0.0	0.005021796697371932	0.003038548909370214	0.003558399028235882	0.031871264640682864	0.032085424692171766	0.031918241301166814	0.03231249260707879	0.030721177784408495	0.034247235808488506	0.03623383801370936	0.032499331092297704	0.03508674390088003	0.03656202143907239	0.029420529856011332	0.017699427536115003	0.034486734485098425	0.02967850873266367	0.030270517897097227	0.027860961653681574	0.030351157213815556	0.03459312063650175	0.03426670565365527	0.03370880335474484	0.0296779918843485	0.03075947105355949	0.034400061589672265	0.03086626952924401	0.03749118644509994	0.02096173417844577	0.031978406303292475	0.030888191830824037	0.030989760581498785	0.03050259384224271	0.033337462780379815	0.031864248671152125	0.03166995820275965	0.03285280438256371	0.033893448863384454	0.03338282322472685	0.03684680363074405	0.032452806625114426	0.03074945964257268	0.03416322316211189	0.036310967960788046	0.034217954897234296	0.03315132843753221	0.03133206773390318	0.032305081954527116	0.03441095775169986	0.03398264628646291	0.032005686758511086	0.033496364826826004	0.03342275763266367	0.03531575862581504	0.03342166800947599	0.030563629309188364	0.03119679638498844	0.02593074678285865	0.025906564060030935	0.02593138683266367	0.03341527778747722	0.031095136659678266	0.029631314847180762	0.02807338127505519	0.0280716797370028	0.026857473700123435	0.027977145733233556	0.027656756136132978	0.03431603843098384	0.03342797963266367	0.0064078657198800605	0.017820901967826087	0.015630523016371814	0.011667878317251726
B6e-B6o-B6p-B19i-B6	868895	0.004450991242525209	0.005021796697371932	0.0	0.004874416969966182	0.005638311054389122	0.03395251148024475	0.03416667153173365	0.0339994881407287	0.034393739446640675	0.03280242462397038	0.036328482648050386	0.038315084853271245	0.03458057793185959	0.03716799074044191	0.03864326827863427	0.03150177669557322	0.019442396751298004	0.03656798132466031	0.03175975557222555	0.03235176473665911	0.029942208493243454	0.03243240405337744	0.03667436747606363	0.03634795249321715	0.03579005019430672	0.031759238723910385	0.032840717893121374	0.03648130842923415	0.0329475163688059	0.039572433284661826	0.022704703393628775	0.034059653142854356	0.032969438670385924	0.03307100742106067	0.032583840681804595	0.035418709619941695	0.03394549551071401	0.033751205042321535	0.03493405122212559	0.03597469570294634	0.03546407006428873	0.03892805047030594	0.034534053464676306	0.03283070648213456	0.03624447000167377	0.03839221480034993	0.03629920173679618	0.03523257527709409	0.03341331457346506	0.034386328794089	0.03649220459126175	0.036063893126024794	0.034086933598072966	0.03557761166638789	0.035504004472225556	0.03739700546537692	0.03550291484903787	0.03264487614875025	0.033278043224550316	0.028011993622420534	0.027987810899592815	0.02801263367222555	0.03549652462703912	0.03317638349924015	0.03171256168674265	0.030154628114617076	0.03015292657656469	0.02893872053968532	0.030058392572795443	0.02973800297569486	0.03639728527054572	0.035509226472225555	0.008151296182963407	0.01956458273755249	0.01737370158944211	0.013411056890322024
B19i/B6g-B6-B6a-B6i-B6b-B19af-B6h-B19as-B6c	868661	0.0027314800218041346	0.003038548909370214	0.004874416969966182	0.0	0.005665629800559664	0.03330378808807116	0.033517948139560064	0.03335076474855511	0.033745016054467086	0.03215370123179679	0.035679759255876804	0.03766636146109766	0.033931854539686	0.036519267348268325	0.03799454488646069	0.030853053303399634	0.018855404150970742	0.03591925793248672	0.031111032180051967	0.031703041344485525	0.029293485101069872	0.03178368066120385	0.03602564408389006	0.03569922910104357	0.03514132680213313	0.0311105153317368	0.032191994500947785	0.03583258503706056	0.03229879297663231	0.03892370989248824	0.022117710793301514	0.03341092975068077	0.03232071527821234	0.03242228402888709	0.031935117289631006	0.034769986227768106	0.03329677211854042	0.03310248165014795	0.03428532782995201	0.03532597231077275	0.034815346672115145	0.03827932707813235	0.033885330072502724	0.032181983089960974	0.035595746609500184	0.037743491408176344	0.035650478344622594	0.03458385188492051	0.03276459118129147	0.03373760540191541	0.03584348119908816	0.035415169733851205	0.033438210205899384	0.03492888827421431	0.03485528108005197	0.03674828207320334	0.03485419145686429	0.03199615275657666	0.03262931983237674	0.02736327023024695	0.027339087507419233	0.02736391028005197	0.03484780123486553	0.032527660107066564	0.031063838294569067	0.029505904722443486	0.029504203184391106	0.02828999714751173	0.029409669180621854	0.029089279583521276	0.03574856187837214	0.034860503080051966	0.008236822470577653	0.01965006334781131	0.017459273843353985	0.013496629144233899
B6e	869002	0.00438840395016495	0.003558399028235882	0.005638311054389122	0.005665629800559664	0.0	0.028318243908019198	0.0285324039595081	0.02836522056850315	0.02875947187441512	0.027168157051744826	0.030694215075824836	0.03268081728104569	0.028946310359634037	0.03153372316821636	0.03300900070640872	0.025867509123347662	0.015077935983741625	0.030933713752434755	0.026125488	0.026717497164433557	0.024307940921017897	0.026798136481151886	0.031040099903838082	0.030713684920991604	0.03015578262208117	0.02612497115168483	0.02720645032089582	0.0308470408570086	0.02731324879658034	0.03393816571243627	0.018339822554273716	0.028425385570628812	0.02733517109816037	0.027436739848835115	0.02694957310957904	0.02978444204771614	0.02831122793848845	0.02811693747009598	0.02929978364990004	0.030340428130720784	0.029829802492063174	0.03329378289808038	0.028899785892450756	0.02719643890990901	0.030610202429448223	0.032757947228124376	0.03066493416457063	0.02959830770486854	0.027779047001239503	0.028752061221863443	0.03085793701903619	0.030429625553799237	0.028452666025847416	0.029943344094162338	0.0298697369	0.03176273789315137	0.029868647276812318	0.027010608576524694	0.027643775652324766	0.02237772605019498	0.022353543327367265	0.022378366099999998	0.02986225705481356	0.027542115927014596	0.026078294114517096	0.024520360542391522	0.024518659004339135	0.02330445296745976	0.02442412500056989	0.024103735403469308	0.03076301769832017	0.029874958899999998	0.0037869179000000006	0.0151992656	0.0130102681	0.009047623400879912
B1-B1fu-B1fv	868866	0.032700414476318704	0.031871264640682864	0.03395251148024475	0.03330378808807116	0.028318243908019198	0.0	0.004603453329872963	0.004436785046865314	0.004833142937379769	0.00323837466479352	0.006765592273894831	0.008755235914999989	0.005016824343045695	0.007604815299632051	0.009080042720400642	0.004937482440825917	0.016982572095700428	0.007004452513368663	0.0021957056130486948	0.0027877147774822515	0.004015936084031596	0.0028683666929407055	0.007112288456864242	0.0067862674388932745	0.006228340443132253	0.0021951887647335263	0.003276667933944516	0.006919210296630284	0.0033830588503849617	0.010010057104563118	0.01424826713161212	0.004498180091816944	0.0034077566545586994	0.0035089828593440654	0.0030223506666333362	0.00585690586311112	0.004383751693571151	0.004189306393488547	0.005371651517935232	0.006413552234545973	0.0059026639626573426	0.009366998252186806	0.004970185687281271	0.003266393749235077	0.006681960170531294	0.010414598885753652	0.006736360377763008	0.005669389471829745	0.003852525025212321	0.005906158627533344	0.006928814117126186	0.006500841260499877	0.004523055221737827	0.006016188600539291	0.005941191189381061	0.007835095495140583	0.005943077668583142	0.012624535684783847	0.011216900760343967	0.005948725570772923	0.007493110214348564	0.005951491208019198	0.013435868397202443	0.011115972705619679	0.009652077332994202	0.008091261495241753	0.00809024362045671	0.006872265438709991	0.007994636831244554	0.007673058402830236	0.006840641370762924	0.005952582572442756	0.03209832640801919	0.04351067410801919	0.0413216766080192	0.03735903190889911
B1do-B1-B1fw-B1ei	868868	0.032914574527807605	0.032085424692171766	0.03416667153173365	0.033517948139560064	0.0285324039595081	0.004603453329872963	0.0	0.00016756135320872818	0.005045961021685663	0.0013665223969710008	0.00216445418770246	0.008968821734312316	0.005231376702994211	0.007818407276494702	0.009294534844681063	0.0026696721589200586	0.01719733812708324	0.002409877418188878	0.0024097483930213956	0.0030014787400057634	0.0042307211135145985	0.003081671363261064	0.007325404203700298	0.006999509978808948	0.006441762679766192	0.0024093372269394435	0.003489113482263547	0.0032963547666066788	0.0035978355878957214	0.010223674914278325	0.01446242718310102	0.0047108828614318065	0.0036199869785642873	0.0037212538619897516	0.0032370217075151984	0.006070251095204544	0.004595762113746112	0.004402211306508698	0.0055851005823351636	0.006626901536103218	0.006117175192691022	0.009580724154929015	0.00518460835300065	0.003479562979362761	0.006895073916361554	0.010628260836862628	0.006949790455087522	0.005883657940003487	0.004065398274650611	0.006119110230504897	0.007141881675204959	0.0067144744291241735	0.004733890756755022	0.006229881928736603	0.0013392597551289743	0.0032348254337632477	0.0031666648865292086	0.012838695736272747	0.011431060811832866	0.0061628856222618236	0.007707270265837465	0.0061656512595080985	0.013650028448691343	0.011330132757108579	0.009866237384483103	0.008305421546730652	0.00830440367194561	0.0070864254901988905	0.008208796882733453	0.007887218454319136	0.007053826981563519	0.0061657681832433505	0.03231248645950809	0.04372483415950809	0.0415358366595081	0.03757319196038801
B1do-B1-B1fw-B1ei-B1ej	868870	0.03274739113680266	0.031918241301166814	0.0339994881407287	0.03335076474855511	0.02836522056850315	0.004436785046865314	0.00016756135320872818	0.0	0.004878978277322708	0.0012003209910108987	0.00233125684521507	0.008801838989949363	0.005065036679962004	0.007651802494335527	0.009128194821648856	0.0025025383224677534	0.017030204290630936	0.0025723004032096788	0.0022435469870612937	0.002835297177392261	0.004063587277062294	0.0029154185459054093	0.0071580982533049654	0.00683226377148039	0.006274439862211997	0.0022430301387461253	0.003322940844652365	0.0031295997018352937	0.0034314955648635133	0.01005707013211915	0.014295243792096072	0.004543799389009284	0.0034528531421119816	0.003554379199620038	0.00306990946890311	0.0059029387480076115	0.004428678641323591	0.004235077470056393	0.005417980919215625	0.006459583354954322	0.005949876744391224	0.009413741410566058	0.005017663497650235	0.0033131725923007697	0.006727946733941966	0.010461278092499672	0.006782544490070008	0.0057173179169712806	0.0038983148022280895	0.005951976394052592	0.006974936819854544	0.006547869646965	0.0045677237473552654	0.006062588621685976	0.0015065167314568543	0.003401270514618883	0.002999909821757824	0.012671512345267798	0.011263877420827918	0.005995702231256875	0.007540086874832517	0.00599846786850315	0.013482845057686394	0.01116294936610363	0.009699053993478155	0.008138238155725706	0.008137220280940664	0.006919242099193942	0.008041613491728505	0.007720035063314188	0.006887122280821918	0.00599906348250175	0.03214530306850315	0.04355765076850315	0.041368653268503155	0.03740600856938306
B1-B14b-B1x-B1bh-B1be-B1g-B6n	868873	0.03314164244271463	0.03231249260707879	0.034393739446640675	0.033745016054467086	0.02875947187441512	0.004833142937379769	0.005045961021685663	0.004878978277322708	0.0	0.003682453765991976	0.007207781652899419	0.008363724923766361	0.005461303446135584	0.007216337469246151	0.00952463795254949	0.005378668095716134	0.017424217679662728	0.007448010466681907	0.002640278615466907	0.0032312744676660796	0.0044576006660940835	0.00248078075977271	0.0059429433011606945	0.005547367376904155	0.004885069647488521	0.002639761767151738	0.0037199671079284147	0.0073602830989502105	0.003828039412047249	0.009620239884811792	0.01468949509800804	0.0034593916760240406	0.003849497301309738	0.003952273113712348	0.0034657823068630317	0.004182194198488593	0.0030377619748363947	0.0038511193439512096	0.003437118365371192	0.005119352002006238	0.004514522115662849	0.008976831912167568	0.005414111179185588	0.0037109353795255536	0.004758446782273841	0.010023873893041392	0.004644315144365502	0.006113584683144861	0.0035264963295318823	0.005537146286300392	0.004601393785472905	0.006112221658468306	0.003094452227043204	0.004641039533783132	0.006384626895590882	0.008276274676184763	0.0063833309111473845	0.013065763651179766	0.011658128726739886	0.006389953537168842	0.007934338180744484	0.006392719174415117	0.013877096363598363	0.011557200672015598	0.010093305299390122	0.008532489461637672	0.00853147158685263	0.00731349340510591	0.008435864797640472	0.008114286369226155	0.007281667341981436	0.006393608543661268	0.032539554374415115	0.043951902074415114	0.041762904574415116	0.037800259875295034
B1/B1do	868874	0.03155032762004433	0.030721177784408495	0.03280242462397038	0.03215370123179679	0.027168157051744826	0.00323837466479352	0.0013665223969710008	0.0012003209910108987	0.003682453765991976	0.0	0.003528895600870221	0.0076050300232833636	0.003865721988321168	0.006454140572690636	0.00792934792492019	0.0017015005367563246	0.015832485239426056	0.0037673981165483443	0.0010432259960503952	0.0016365030336966306	0.002865849227757224	0.0017173143332166784	0.005961433256654648	0.005635541735348092	0.0050775838586687655	0.0010437428443655636	0.0021240503377476247	0.00368295044762973	0.0022317013211778825	0.00885961448386519	0.013098180275337748	0.0033465882394085266	0.0022551989790193707	0.002356114602969703	0.0018717366630736929	0.004706119228618667	0.003231358924293061	0.0030378330250201706	0.004220890173872683	0.005262867093703378	0.00475289597883399	0.00821682197821953	0.00381980486040396	0.002114107075742426	0.005531020645044214	0.00926451202947928	0.005585746415566818	0.004518287117105218	0.002700943792768417	0.0047547823875140945	0.00577792965277019	0.005350248917081758	0.0033692977668433157	0.004865565529753622	0.0027030229039496046	0.004598651371606074	0.0027067400000899905	0.011474448828509475	0.010066813904069594	0.004798638714498551	0.006343023358074192	0.0048014043517448255	0.01228578154092807	0.009965885849345307	0.00850199047671983	0.00694117463896738	0.006940156764182338	0.0057221785824356185	0.006844549974970181	0.006522971546555864	0.005690198750064993	0.004802139951744825	0.030948239551744822	0.04236058725174482	0.04017158975174483	0.03620894505262474
B1do/B1ec-B5aj-B1	868875	0.035076385644124346	0.034247235808488506	0.036328482648050386	0.035679759255876804	0.030694215075824836	0.006765592273894831	0.00216445418770246	0.00233125684521507	0.007207781652899419	0.003528895600870221	0.0	0.011130776074887657	0.0073936549258896336	0.009980924251639671	0.011456813067576486	0.004831665438804081	0.019359331406967266	0.0020871818586007964	0.004572121596920616	0.005162032938336475	0.006392714393398622	0.0052444101140689	0.00948686583844689	0.009160449734770166	0.00860309400371259	0.0045716047486054475	0.004574720536552689	0.0019083026685262953	0.0057601138107911416	0.012386191889423297	0.016624238299417757	0.006871651154545675	0.00578141026724655	0.00588333177168314	0.005399014987399223	0.00823162178326448	0.006756524922764308	0.006563571138042391	0.007746338704682202	0.008788269853635948	0.008278407700483882	0.011743241130073984	0.007346842408807081	0.005641936183261982	0.009056369868616628	0.012790777812007598	0.009111188532732219	0.00804593616289891	0.0062261865168973165	0.0082804504724603	0.009303181980563888	0.008876991404269147	0.006895440058484459	0.008391065028452695	0.0031759731869026187	0.0016784304576584683	0.003813803621226304	0.015000506852589484	0.013592871928149603	0.00832469673857856	0.009869081382154202	0.008327462375824836	0.01581183956500808	0.013491943873425316	0.012028048500799839	0.01046723266304739	0.010466214788262347	0.009248236606515628	0.01037060799905019	0.010049029570635873	0.00921585245500883	0.008327793656688664	0.03447429757582483	0.045886645275824825	0.043697647775824834	0.039735003076704745
B1-B1br-B1dr-B1by-B1bw-B1dq	868887	0.037062987849345204	0.03623383801370936	0.038315084853271245	0.03766636146109766	0.03268081728104569	0.008755235914999989	0.008968821734312316	0.008801838989949363	0.008363724923766361	0.0076050300232833636	0.011130776074887657	0.0	0.009383183331172575	0.001895214054931518	0.013446795318071896	0.009301345187104423	0.02134581127988248	0.011370748932205136	0.006562360971538539	0.007153490533099297	0.008379270258714598	0.0058887583697987125	0.011476587437991057	0.011149564258414214	0.01059220833329426	0.00656184412322337	0.007642472915413221	0.011283253525737488	0.007750121768118881	0.006760255949015295	0.018610840504638605	0.007976414815005496	0.006886790950457658	0.0069902591240365766	0.0065034487491440664	0.010220865169080618	0.007959105911726484	0.007668126320819919	0.009735977077699397	0.010777229120493852	0.010266278783044362	0.0014988783288600784	0.009336204156805809	0.00763333792618887	0.01104641624909084	0.0025453090409049937	0.011101199515035489	0.010035734510256925	0.0073303372902669564	0.00938482469247226	0.011294006736389348	0.002279530315054776	0.00888848265225536	0.010379713380599544	0.010307487608217534	0.012199269098173001	0.010305267482164579	0.016987109057810333	0.015579474133370455	0.010311298943799412	0.011855683587375054	0.010314064581045687	0.017798441770228934	0.015478546078646167	0.014014650706020692	0.012453834868268242	0.0124528169934832	0.01123483881173648	0.012357210204271041	0.012035631775856724	0.011202708624472323	0.010314649826152156	0.036460899781045684	0.04787324748104568	0.045684249981045685	0.0417216052819256
B1/B1cg-B1fc	868903	0.03332848092793354	0.032499331092297704	0.03458057793185959	0.033931854539686	0.028946310359634037	0.005016824343045695	0.005231376702994211	0.005065036679962004	0.005461303446135584	0.003865721988321168	0.0073936549258896336	0.009383183331172575	0.0	0.00823322991643037	0.009706385944338248	0.005565864260903911	0.01761089092207779	0.00763144787209279	0.002823052936576342	0.003416013005919408	0.004644292906609339	0.0034967813097390265	0.007740706873282601	0.007414669755022422	0.006856758859550611	0.002823225219348065	0.0039048784848266923	0.007547272948625085	0.00400954226030397	0.010638291280823067	0.014876333583226958	0.005126236898230153	0.004036425896764305	0.004137753240565943	0.0036511210478552144	0.006485324279529477	0.005012025082344918	0.004817316932238362	0.005999607068497032	0.007041970650964331	0.006531201160560207	0.009995182267770105	0.005599127451364864	0.003895054941375862	0.007310731645726142	0.011042665337368491	0.007364994129580747	0.0006525696726063843	0.004481058559167307	0.006534194911256244	0.007557297884897831	0.007129255877298197	0.0051511110744125585	0.006644607016957648	0.00656818654810519	0.008463158147135384	0.006570788355774422	0.013252602136398686	0.011844967211958806	0.0065767920223877615	0.008121176665963403	0.006579557659634036	0.01406393484881728	0.011744039157234518	0.010280143784609041	0.008719327946856592	0.00871831007207155	0.007500331890324829	0.008622703282859391	0.008301124854445074	0.007468352057954205	0.006580293259634037	0.03272639285963403	0.04413874055963403	0.04194974305963404	0.03798709836051395
B1-B1br-B1dq	868908	0.035915893736515866	0.03508674390088003	0.03716799074044191	0.036519267348268325	0.03153372316821636	0.007604815299632051	0.007818407276494702	0.007651802494335527	0.007216337469246151	0.006454140572690636	0.009980924251639671	0.001895214054931518	0.00823322991643037	0.0	0.012296855853029393	0.008152961701023075	0.020198051355897587	0.01022033447438752	0.005411471520945812	0.006003163717076198	0.007231415344228755	0.004737868919205985	0.010327748398116064	0.010001306939267936	0.009443471213728152	0.005410954672630642	0.006492146099390123	0.01013361266029794	0.006599232317526153	0.007012674902698959	0.017463746391809278	0.007713341776133982	0.006623209408148371	0.006725077799065053	0.006238211964991407	0.009072127723403418	0.007598533339235052	0.0074050217708858225	0.008587256116359427	0.00962876762124045	0.00911845189938389	0.0022362440799140173	0.008185551435194387	0.006482685204577448	0.009897548475929708	0.0032456046666466706	0.00995193531550039	0.008885795045214421	0.007067772778012439	0.00912174984832349	0.010144565810927814	0.0018894734272945411	0.00773864381209375	0.009231348159619795	0.00915707315039992	0.011049465265326935	0.00915755389381085	0.015840014944981006	0.014432380020541126	0.009164204830970081	0.010708589474545723	0.009166970468216356	0.0166513476573996	0.014331451965816838	0.012867556593191361	0.011306740755438912	0.01130572288065387	0.01008774469890715	0.011210116091441711	0.010888537663027394	0.010054470325444743	0.009166411527124574	0.035313805668216354	0.046726153368216346	0.044537155868216355	0.040574511169096265
B10-B10a-B1	868909	0.03739117127470823	0.03656202143907239	0.03864326827863427	0.03799454488646069	0.03300900070640872	0.009080042720400642	0.009294534844681063	0.009128194821648856	0.00952463795254949	0.00792934792492019	0.011456813067576486	0.013446795318071896	0.009706385944338248	0.012296855853029393	0.0	0.009629142832239458	0.021674516858676815	0.011694904625610122	0.006886678873175366	0.007479638942518432	0.008707918843208361	0.007560407246338049	0.011804052796003951	0.011478001543867088	0.01092018261160999	0.006886851155947087	0.007968504421425715	0.011610431090311936	0.008073803933329349	0.014701917217422089	0.01893902393000164	0.009189923239765387	0.008100051833363328	0.008201379177164967	0.0077147469844542375	0.01054873257106642	0.00907563684625344	0.008881037361467708	0.010063607669816708	0.01110527990562563	0.010594264656721947	0.014058808204369127	0.009662753387963886	0.007958680877974885	0.011374120611699956	0.015106191516976604	0.011428374962768486	0.01035809939779798	0.008544684495766328	0.01059791724199472	0.011620710375714854	0.011192881813897219	0.009214737011011581	0.010708111136869888	0.01063134468979204	0.012526316288822236	0.01063386010610041	0.017315292483173365	0.015907657558733485	0.010639482369162442	0.012183867012738084	0.010642248006408717	0.018126625195591963	0.015806729504009197	0.014342834131383722	0.012782018293631271	0.01278100041884623	0.01156302223709951	0.012685393629634074	0.012363815201219756	0.011531042404728888	0.010642983606408717	0.03678908320640872	0.04820143090640871	0.04601243340640872	0.04204978870728863
B5/B1-B1do	868917	0.03024967969164718	0.029420529856011332	0.03150177669557322	0.030853053303399634	0.025867509123347662	0.004937482440825917	0.0026696721589200586	0.0025025383224677534	0.005378668095716134	0.0017015005367563246	0.004831665438804081	0.009301345187104423	0.005565864260903911	0.008152961701023075	0.009629142832239458	0.0	0.014532310863673632	0.005072174992050794	0.002744726532806719	0.0033367356972402763	0.0015610489545945403	0.0034173750139586045	0.0076586757029181735	0.007332260720071695	0.00677435842116126	0.002744209684491551	0.0038243793645003805	0.004984791292520084	0.003932487329387061	0.010557618740958266	0.011794544299134931	0.005043077830853304	0.003952170277317818	0.0040536377374662536	0.0035688116423857616	0.006403017846796234	0.004928417704965072	0.004734726058979484	0.00591800499908021	0.006959003929800876	0.006449126630723543	0.009913868941416994	0.005519024425257475	0.0038142783454254573	0.007228285611375174	0.009376615843526571	0.0072835099636507205	0.006218145497913186	0.004396831181963047	0.005914141756785524	0.007476512818116285	0.007048864086605959	0.00506916226720328	0.0065620776289682554	0.004007410018428158	0.005900575511226343	0.004007927434536546	0.010169156004601864	0.008761521080161982	0.003493345890590941	0.005037730534166583	0.003496111527837216	0.010980821737082447	0.008660593025437697	0.007196697652812221	0.005636479855435698	0.005635200033040176	0.004418140265279088	0.005539923657737238	0.005218484001568472	0.007387593897360265	0.006499535099040095	0.029647591623347663	0.04105993932334766	0.03887094182334766	0.03490829712422758
B1/B19	868918	0.017991579334746106	0.017699427536115003	0.019442396751298004	0.018855404150970742	0.015077935983741625	0.016982572095700428	0.01719733812708324	0.017030204290630936	0.017424217679662728	0.015832485239426056	0.019359331406967266	0.02134581127988248	0.01761089092207779	0.020198051355897587	0.021674516858676815	0.014532310863673632	0.0	0.019598337310578938	0.01478981618768123	0.015381825352114787	0.012972269108699131	0.015462464668833116	0.019704834292778247	0.019378433443808456	0.018820439181683305	0.014789299339366062	0.01587077850857705	0.019512094000788502	0.015977576984261572	0.0226024939001175	0.008252409097354621	0.017089962685811574	0.0159994992858416	0.01610106803651635	0.015613901297260277	0.018449114067840718	0.01697569648624145	0.016781514709056845	0.017964475995187905	0.019005199187721006	0.018494475548336317	0.02195822456851452	0.017564114080131987	0.01586076709759024	0.019274893775135922	0.021423155745189187	0.019329633643044405	0.01826345605086184	0.016443464256563352	0.017416681923970126	0.01952260483988068	0.01909395374148047	0.017116994213528646	0.018607920285911614	0.01853507598659134	0.02042807697974271	0.018534836678372163	0.019468768195662782	0.020101935271462854	0.01483376008189181	0.01481170294650535	0.014836525719138086	0.02232041667395164	0.020000275546152683	0.018536453733655183	0.016976296006360643	0.016975278131575594	0.015757689826326582	0.01687967134236344	0.0165581035096502	0.019432400380551943	0.018544341582231776	0.01511575431231877	0.02653185871716828	0.024340093613408657	0.02037744891428857
B1ec-B1	868930	0.035315884320734264	0.034486734485098425	0.03656798132466031	0.03591925793248672	0.030933713752434755	0.007004452513368663	0.002409877418188878	0.0025723004032096788	0.007448010466681907	0.0037673981165483443	0.0020871818586007964	0.011370748932205136	0.00763144787209279	0.01022033447438752	0.011694904625610122	0.005072174992050794	0.019598337310578938	0.0	0.0048095102239876005	0.005402787261633835	0.006631720297010299	0.005483598561153883	0.009726703523339307	0.009400943465109685	0.008843030570437555	0.004810027072302769	0.005890314025487301	0.0036638602091234192	0.0059979067569943	0.012625602112171144	0.01686373697602768	0.007112191383059879	0.006021189121468104	0.006122253045485452	0.005638020891010899	0.008471520429836057	0.006997070635374186	0.00680343604489342	0.007986437445417563	0.009028270751694979	0.00851845267952392	0.011982651352821833	0.007586089088341165	0.005880375905219478	0.009296389188080498	0.013030188034755447	0.009351077495331888	0.008283843817795148	0.006466706796278685	0.008520341944241524	0.009543171872050834	0.009116401627016994	0.007135119441035896	0.00863116959683846	0.003746377925167483	0.0036537077040534553	0.005569880657924207	0.015240005529199404	0.013832370604759524	0.008564195415188481	0.010108580058764123	0.008566961052434756	0.016051338241618	0.013731442550035236	0.01226754717740976	0.01070673133965731	0.010705713464872268	0.009487735283125548	0.010610106675660112	0.010288528247245795	0.009455755450754924	0.008567696652434755	0.03471379625243475	0.04612614395243475	0.04393714645243476	0.03997450175331467
B1	868931	0.030507658568299508	0.02967850873266367	0.03175975557222555	0.031111032180051967	0.026125488	0.0021957056130486948	0.0024097483930213956	0.0022435469870612937	0.002640278615466907	0.0010432259960503952	0.004572121596920616	0.006562360971538539	0.002823052936576342	0.005411471520945812	0.006886678873175366	0.002744726532806719	0.01478981618768123	0.0048095102239876005	0.0	0.000593594005949405	0.0018231801760123986	0.000674448301169883	0.004919321149215393	0.004593429627908836	0.004035471751229509	8.614138586141384e-07	0.001082690775204959	0.004726024762627474	0.0011890322694330568	0.007816945432120363	0.012055511223592923	0.002305509487053884	0.0012147692809238153	0.00131578619540046	0.0008289532227677231	0.0036640071211794106	0.0021907386388783368	0.0019966670265846834	0.003179228876609356	0.004220754986264121	0.003710487622810876	0.007174152926474706	0.002777083213918608	0.001072837121287871	0.0044894011547580975	0.008221842977734452	0.004543634308127561	0.0034756180653603918	0.0016599352507397044	0.0037136654406977904	0.004735817545330933	0.004307579865336933	0.002329286415008499	0.003823401476009596	0.0037462489	0.0056418773676564695	0.003749965996140386	0.01043177977676465	0.00902414485232477	0.0037559696627537252	0.0053003543063293666	0.0037587353	0.011243112489183246	0.008923216797600482	0.0074593214249750045	0.0058985055872225545	0.0058974877124375125	0.004679509530690793	0.005801880923225355	0.005480302494811038	0.004647529698320167	0.0037594709000000003	0.029905570499999996	0.04131791819999999	0.0391289207	0.03516627600087991
B1-B1a	868603	0.031099667732733066	0.030270517897097227	0.03235176473665911	0.031703041344485525	0.026717497164433557	0.0027877147774822515	0.0030014787400057634	0.002835297177392261	0.0032312744676660796	0.0016365030336966306	0.005162032938336475	0.007153490533099297	0.003416013005919408	0.006003163717076198	0.007479638942518432	0.0033367356972402763	0.015381825352114787	0.005402787261633835	0.000593594005949405	0.0	0.002415189340445955	0.0012661404973002702	0.005510609363164192	0.005184231650256601	0.004626583254007728	0.0005931875465953405	0.001672912448404084	0.005315936104043332	0.0017819923387761224	0.00840863762825075	0.01264752038802648	0.002896311509401649	0.001806005494747494	0.0019077953598340164	0.0014209623872012797	0.004255172004633457	0.002781540661226102	0.0025878171877788876	0.003770213991062905	0.004811916655106355	0.004301465123509926	0.007765845122605092	0.003368851602429757	0.0016650630640435956	0.005080464690882977	0.00881353517386484	0.005134836333902716	0.004068578134703457	0.0022507372730874694	0.004304789036961798	0.005326886984589526	0.004899272061467319	0.002920272697170283	0.004414311975669063	0.004339525937646235	0.006231788709072327	0.004339877337556244	0.011023788941198206	0.009616154016758326	0.004347978827187282	0.005892363470762923	0.004350744464433557	0.011835121653616802	0.009515225962034038	0.00805133058940856	0.006490514751656111	0.006489496876871069	0.005271518695124349	0.0063938900876589115	0.006072311659244594	0.005239221894450556	0.004351163096130387	0.030497579664433554	0.041909927364433545	0.039720929864433555	0.035758285165313465
B1/B5	868614	0.028690111489317414	0.027860961653681574	0.029942208493243454	0.029293485101069872	0.024307940921017897	0.004015936084031596	0.0042307211135145985	0.004063587277062294	0.0044576006660940835	0.002865849227757224	0.006392714393398622	0.008379270258714598	0.004644292906609339	0.007231415344228755	0.008707918843208361	0.0015610489545945403	0.012972269108699131	0.006631720297010299	0.0018231801760123986	0.002415189340445955	0.0	0.0024958286571642833	0.006738217279209605	0.006411816430239811	0.005853822168114661	0.00182266332769723	0.0029041424969082196	0.006545476987219858	0.0030109409725927404	0.009635857888448668	0.010234976096805163	0.004123345672242932	0.0030328632741727663	0.003134432024847515	0.0026472652855914405	0.005482497054272073	0.004009079472672802	0.0038148976954882046	0.004997858981619259	0.00603858217415236	0.005527877532867863	0.008991683547346637	0.004597478068463154	0.0028941310859214074	0.0063082767615672795	0.00845458381878235	0.006363016629475762	0.0052968580353933885	0.003476847242994709	0.004994376202273922	0.006555987826312039	0.006127317729811638	0.004150358201859813	0.00564130327234297	0.005568458973022697	0.007461459966174068	0.00556829565720428	0.008608607496183461	0.007200964676312368	0.0019327894867413261	0.0034771741303169686	0.0019355551239876017	0.009420605699196234	0.00710023997493801	0.005636269417349527	0.004076415684186458	0.004075034682026891	0.0028587422459310226	0.003979877802832729	0.003658438146663963	0.006465859359384062	0.005577800561063893	0.028088023421017898	0.039500371121017896	0.0373113736210179	0.03334872892189781
B1-B1g	868625	0.031180307049451395	0.030351157213815556	0.03243240405337744	0.03178368066120385	0.026798136481151886	0.0028683666929407055	0.003081671363261064	0.0029154185459054093	0.00248078075977271	0.0017173143332166784	0.0052444101140689	0.0058887583697987125	0.0034967813097390265	0.004737868919205985	0.007560407246338049	0.0034173750139586045	0.015462464668833116	0.005483598561153883	0.000674448301169883	0.0012661404973002702	0.0024958286571642833	0.0	0.00559178032501995	0.005265720252203464	0.00470788452666368	0.0006739314528547146	0.0017553404001136941	0.00539831327977576	0.0018627606425957405	0.007142497130950481	0.012728159704744807	0.0029777980042021692	0.0018872148026675816	0.001988434676552345	0.001501601703919608	0.004336433913175872	0.0028630271560266215	0.0026690899528475456	0.003851608465318218	0.0048931809341759775	0.004382865212319418	0.006500550324734879	0.003449250143225678	0.0017458743635636437	0.005161801335230254	0.007548240375994627	0.005216070852860372	0.004149346438523075	0.0023322237678879893	0.004386081391608747	0.005408219275832948	0.003633977263597106	0.003001907898860114	0.004495761472555324	0.004420337237166283	0.006314165884804754	0.004422254513288672	0.011104428257916533	0.009696793333476653	0.00442861814390561	0.005973002787481252	0.004431383781151885	0.01191576097033513	0.009595865278752365	0.00813196990612689	0.00657115406837444	0.006570136193589398	0.005352158011842678	0.006474529404377241	0.006152950975962923	0.005319458251464854	0.004431399453144687	0.030578218981151883	0.04199056668115188	0.03980156918115189	0.0358389244820318
B1-B14e-B1ai-B1ao-B1x-B1am-B14c-B1j	868645	0.03542227047213759	0.03459312063650175	0.03667436747606363	0.03602564408389006	0.031040099903838082	0.007112288456864242	0.007325404203700298	0.0071580982533049654	0.0059429433011606945	0.005961433256654648	0.00948686583844689	0.011476587437991057	0.007740706873282601	0.010327748398116064	0.011804052796003951	0.0076586757029181735	0.019704834292778247	0.009726703523339307	0.004919321149215393	0.005510609363164192	0.006738217279209605	0.00559178032501995	0.0	0.0009568246390803481	0.0013467049227303414	0.004918804300900225	0.005999272777574866	0.009640178584546516	0.0061071657581841104	0.012733016035899688	0.016970123127431003	0.006511125558849161	0.006128776569330967	0.006231446153233742	0.005744955346384426	0.0021098263801399304	0.006396448482542052	0.00690978125577824	0.004184542118884904	0.0008701356106111725	0.0033787841727895246	0.012089342078341442	0.007693429736318821	0.005989962490081306	0.004767843663460361	0.013136495711607427	0.002896307631029345	0.00839299198818898	0.005866458302127713	0.008626356093035446	0.003167699532988917	0.009223815550745538	0.00653678479251212	0.0018743003980243285	0.008663331368555722	0.01055603118957551	0.008664164876202288	0.01534639168060273	0.01393875675616285	0.008670581566591807	0.010214966210167448	0.008673347203838083	0.01615772439302133	0.013837828701438562	0.012373933328813086	0.010813117491060637	0.010812099616275595	0.009594121434528875	0.010716492827063436	0.010394914398649119	0.009563058543687487	0.008674999745367317	0.034820182403838086	0.046232530103838085	0.04404353260383809	0.04008088790471799
B1/B14e-B1x-B1ai-B1ao-B14c-B1j-B1am-B1an	868646	0.03509585548929112	0.03426670565365527	0.03634795249321715	0.03569922910104357	0.030713684920991604	0.0067862674388932745	0.006999509978808948	0.00683226377148039	0.005547367376904155	0.005635541735348092	0.009160449734770166	0.011149564258414214	0.007414669755022422	0.010001306939267936	0.011478001543867088	0.007332260720071695	0.019378433443808456	0.009400943465109685	0.004593429627908836	0.005184231650256601	0.006411816430239811	0.005265720252203464	0.0009568246390803481	0.0	0.0014408333059076368	0.004592912779593668	0.005673006368400738	0.009313212328591402	0.0057811904244891785	0.01240637357526871	0.016643708144584525	0.006178311059980209	0.005802486033674229	0.005905627692078437	0.005419136885229122	0.0018819934206835167	0.00600028482628929	0.006583216792984026	0.0038184154784286282	0.000668942554094489	0.0030690877999600156	0.011762713193229784	0.007367486744437182	0.00566407096877475	0.004392976234246301	0.012809926311127703	0.0026630967640059945	0.008066950992031698	0.00547977401117553	0.00829968347802573	0.0034010195038967853	0.00889720932485082	0.0061416670290416146	0.0019303006270091963	0.00833755717644942	0.01022919530754561	0.008337121326568215	0.01501997669775625	0.013612341773316373	0.008344166583745328	0.00988855122732097	0.008346932220991603	0.015831309410174847	0.013511413718592085	0.01204751834596661	0.010486702508214159	0.010485684633429117	0.009267706451682397	0.010390077844216958	0.01006849941580264	0.009236401949179823	0.008348343150859656	0.0344937674209916	0.045906115120991596	0.0437171176209916	0.039754472921871516
B1-B14e-B1x-B1ai-B1ao-B1am-B1j	868649	0.03453795319038067	0.03370880335474484	0.03579005019430672	0.03514132680213313	0.03015578262208117	0.006228340443132253	0.006441762679766192	0.006274439862211997	0.004885069647488521	0.0050775838586687655	0.00860309400371259	0.01059220833329426	0.006856758859550611	0.009443471213728152	0.01092018261160999	0.00677435842116126	0.018820439181683305	0.008843030570437555	0.004035471751229509	0.004626583254007728	0.005853822168114661	0.00470788452666368	0.0013467049227303414	0.0014408333059076368	0.0	0.00403495490291434	0.005115246668418402	0.008756012286827795	0.005223232547809851	0.011848725774558993	0.016085805845674088	0.005621179177803607	0.00524481469778597	0.005347508849888303	0.004860954698273905	0.0009928745943917417	0.005338503354842369	0.006025466773341884	0.0031268010426929228	0.0007727978207460065	0.0024405753204618155	0.01120502840731415	0.00680953393796255	0.005106113092095421	0.0037102870834366253	0.012252054200142096	0.0035261624775312335	0.00750912180379502	0.004922808116523391	0.007741837819142533	0.004175318341893603	0.008339525289404843	0.005479274591859538	0.0007180302403138746	0.007779736244992004	0.009671864891856787	0.007779953520340706	0.014462074398845816	0.013054439474405936	0.007786264284834893	0.009330648928410536	0.007789029922081168	0.015273407111264412	0.012953511419681648	0.011489616047056173	0.009928800209303722	0.00992778233451868	0.00870980415277196	0.009832175545306522	0.009510597116892205	0.008678846111684822	0.007790787313364655	0.03393586512208117	0.045348212822081166	0.04315921532208117	0.03919657062296107
