B6/B19i-B6b-B19af-B6a-B6e-B6g	868864	0	0.17109901153459628	1.0	1.0	1.0	1.0	1.0	1.0	1.0	1.0	1.0	0.5817046403375882	1.0	1.0	1.0	1.0	1.0	1.0	1.0	1.0	1.0	1.0	1.0	1.0	1.0	1.0	1.0	0.9119117617647647	1.0	1.0	1.0	1.0	1.0	1.0	1.0	1.0	1.0	1.0	1.0	1.0	1.0	0.366358513866876	1.0	1.0	1.0	1.0	1.0	1.0	1.0	1.0	1.0	1.0	1.0	1.0	1.0	1.0	1.0	1.0	1.0	1.0	1.0	1.0	1.0	1.0	1.0	1.0	1.0	1.0	1.0	1.0	1.0	1.0	1.0	1.0	1.0	1.0
B6/B6e/B19af-B6b-B19i-B6a-B6g-B19ag	868865	0.17109901153459628	0	1.0	1.0	1.0	1.0	1.0	1.0	1.0	1.0	1.0	0.5506734797956061	1.0	1.0	1.0	1.0	1.0	1.0	1.0	1.0	1.0	1.0	1.0	1.0	1.0	1.0	1.0	0.8361524577131343	1.0	1.0	1.0	1.0	1.0	1.0	1.0	1.0	1.0	1.0	1.0	1.0	1.0	0.4095636174553018	1.0	1.0	1.0	1.0	1.0	1.0	1.0	1.0	1.0	1.0	1.0	1.0	1.0	1.0	1.0	1.0	1.0	1.0	1.0	1.0	1.0	1.0	1.0	1.0	1.0	1.0	1.0	1.0	1.0	1.0	1.0	1.0	1.0	1.0
B1-B1fu-B1fv	868866	1.0	1.0	0	0.7975130373044405	1.0	0.8223135537289255	1.0	0.7033474163145922	0.3816061839381606	0.8886016709749354	0.5610187796244075	1.0	0.5576544234557654	0.3816061839381606	0.791573126403104	1.0	0.7313726862731372	0.4945650543494565	1.0	1.0	0.6422235777642223	0.38160309198454007	1.0	1.0	1.0	1.0	1.0	1.0	1.0	0.3816061839381606	1.0	0.4850251497485025	1.0	1.0	0.3816061839381606	0.6975975600609985	0.7046859062818743	0.6586868262634747	0.3816061839381606	0.3816061839381606	0.857062144067839	1.0	0.3816061839381606	0.4266814663706726	1.0	1.0	1.0	0.9479113022174446	1.0	1.0	1.0	0.618917621647567	0.42542861857072145	0.3816061839381606	0.3816061839381606	0.6663566728665427	1.0	0.5646908827279318	0.6190138098619014	0.6765964680706386	0.7159371015724607	0.6458988525286867	0.5058298834023319	0.3816061839381606	0.3816061839381606	0.6760064798704026	0.5825083498330034	0.6801163976720466	0.6995945060824088	0.5389769153462698	0.6407671846563069	0.6643067138657227	0.3816061839381606	0.46743532564674356	0.618457630847383	1.0
B1do-B1-B1fw-B1ei	868868	1.0	1.0	0.7975130373044405	0	1.0	0.09448263793405165	1.0	0.7975160745177645	0.5190572141417878	0.5339393212135757	0.7975150621234469	1.0	0.7975130373044405	0.7975130373044405	0.7975140497190056	1.0	0.466138007929881	0.7975130373044405	1.0	1.0	0.7975130373044405	0.7975120248797513	1.0	1.0	1.0	0.4993750062499375	1.0	1.0	1.0	0.7975130373044405	1.0	0.7975130373044405	1.0	1.0	0.7975130373044405	0.7975160745177645	0.7975150621234469	0.7975150621234469	0.7975130373044405	0.7975130373044405	0.616517669646607	1.0	0.7975130373044405	0.7975150621234469	1.0	1.0	1.0	0.9479115626531204	1.0	1.0	0.7097058058838823	0.7975150621234469	0.7975140497190056	0.7975130373044405	0.7975130373044405	0.7975150621234469	1.0	0.7975160745177645	0.7975130373044405	0.7975150621234469	0.7975160745177645	0.7975160745177645	0.7975150621234469	0.7975130373044405	0.7975130373044405	0.7975150621234469	0.7975150621234469	0.7975150621234469	0.7975140497190056	0.7975140497190056	0.7975150621234469	0.7975150621234469	0.7975130373044405	0.7975130373044405	0.7975150621234469	0.600875986860197
B5-B5dr-B1fx-B5ds-B5cp	868869	1.0	1.0	1.0	1.0	0	1.0	1.0	1.0	1.0	1.0	1.0	1.0	1.0	1.0	1.0	0.2687573124268757	0.6000039999600004	1.0	0.5188648113518864	0.3652063479365206	1.0	1.0	0.5188624056879716	1.0	1.0	1.0	1.0	1.0	1.0	1.0	0.68324791880203	0.5188648113518864	0.5657608559786005	0.5469690606187876	1.0	1.0	1.0	1.0	1.0	1.0	1.0	1.0	1.0	1.0	0.749505009899802	0.6840847387289191	0.6921161576768464	0.7856553586160346	0.7582748345033099	0.7342153156936861	1.0	1.0	1.0	1.0	1.0	1.0	1.0	1.0	1.0	1.0	1.0	1.0	1.0	1.0	1.0	1.0	1.0	1.0	1.0	1.0	1.0	1.0	1.0	1.0	1.0	1.0
B1do-B1-B1fw-B1ei-B1ej	868870	1.0	1.0	0.8223135537289255	0.09448263793405165	1.0	0	1.0	0.8223162189323374	0.5438591228175437	0.5339416514587135	0.8223153305400838	1.0	0.8223135537289255	0.8223135537289255	0.8223144421389466	1.0	0.49094018119637606	0.8223135537289255	1.0	1.0	0.8223135537289255	0.8223126653100203	1.0	1.0	1.0	0.5172272415913761	1.0	1.0	1.0	0.8223135537289255	1.0	0.8223135537289255	1.0	1.0	0.8223135537289255	0.8223162189323374	0.8223153305400838	0.8223153305400838	0.8223135537289255	0.8223135537289255	0.6165195870103247	1.0	0.8223135537289255	0.8223153305400838	1.0	1.0	1.0	0.9479118230861919	1.0	1.0	0.709707257318567	0.8223153305400838	0.8223144421389466	0.8223135537289255	0.8223135537289255	0.8223153305400838	1.0	0.8223162189323374	0.8223135537289255	0.8223153305400838	0.8223162189323374	0.8223162189323374	0.8223153305400838	0.8223135537289255	0.8223135537289255	0.8223153305400838	0.8223153305400838	0.8223153305400838	0.8223144421389466	0.8223144421389466	0.8223153305400838	0.8223153305400838	0.8223135537289255	0.8223135537289255	0.8223153305400838	0.6008779824403512
B7-B7d	868872	1.0	1.0	1.0	1.0	1.0	1.0	0	1.0	1.0	1.0	1.0	1.0	1.0	1.0	1.0	1.0	1.0	1.0	1.0	1.0	1.0	1.0	1.0	1.0	1.0	1.0	1.0	1.0	0.23715381423092885	1.0	1.0	1.0	1.0	1.0	1.0	1.0	1.0	1.0	1.0	1.0	1.0	1.0	1.0	1.0	1.0	1.0	1.0	1.0	1.0	1.0	1.0	1.0	1.0	1.0	1.0	1.0	1.0	1.0	1.0	1.0	1.0	1.0	1.0	1.0	1.0	1.0	1.0	1.0	1.0	1.0	1.0	1.0	1.0	1.0	1.0	1.0
B1-B14b-B1x-B1bh-B1be-B1g-B6n	868873	1.0	1.0	0.7033474163145922	0.7975160745177645	1.0	0.8223162189323374	1.0	0	0.7033474163145922	0.888603341899743	0.7033503827366042	1.0	0.7033474163145922	0.7033474163145922	0.7915762527124186	1.0	0.7313767155821105	0.7033474163145922	1.0	1.0	0.7033474163145922	0.7033459330813384	1.0	1.0	1.0	1.0	1.0	1.0	1.0	0.7033474163145922	1.0	0.7033474163145922	1.0	1.0	0.5922501937451564	0.608665653373865	0.6008839690610829	0.5854945076922308	0.7033474163145922	0.7033474163145922	0.8570642880713578	1.0	0.7033474163145922	0.5922542711005114	1.0	1.0	1.0	0.9479120835166593	1.0	1.0	1.0	0.6079937202197923	0.703348899533014	0.7033474163145922	0.7033474163145922	0.5126670566530172	1.0	0.5793568257269709	0.7033474163145922	0.4883779067732629	0.6046558137674493	0.5793568257269709	0.7033503827366042	0.7033474163145922	0.7033474163145922	0.5793547225847095	0.7033503827366042	0.4852080177193798	0.703348899533014	0.6008119756407307	0.7033503827366042	0.4537391191308304	0.7033474163145922	0.5793505162370941	0.5793547225847095	1.0
B1/B1do	868874	1.0	1.0	0.3816061839381606	0.5190572141417878	1.0	0.5438591228175437	1.0	0.7033474163145922	0	0.6101458478122829	0.5610187796244075	1.0	0.5576544234557654	0.32357676423235765	0.791573126403104	1.0	0.45291547084529155	0.4945650543494565	1.0	1.0	0.6422235777642223	0.2784536077319613	1.0	1.0	1.0	0.7215413922930385	1.0	1.0	1.0	0.27845721542784574	1.0	0.4850251497485025	1.0	1.0	0.27845721542784574	0.6975975600609985	0.7046859062818743	0.6586868262634747	0.27845721542784574	0.2886971130288697	0.616515752263716	1.0	0.3178668213317867	0.4266814663706726	1.0	1.0	1.0	0.9479113022174446	1.0	1.0	0.7215441768373474	0.618917621647567	0.42542861857072145	0.27845721542784574	0.3513964860351396	0.6663566728665427	1.0	0.5646908827279318	0.6190138098619014	0.6765964680706386	0.7159371015724607	0.6458988525286867	0.5058298834023319	0.27845721542784574	0.28611713882861173	0.6760064798704026	0.5825083498330034	0.6801163976720466	0.6995945060824088	0.5389769153462698	0.6407671846563069	0.6643067138657227	0.3441965580344197	0.46743532564674356	0.618457630847383	0.7215427845721543
B1do/B1ec-B5aj-B1	868875	1.0	1.0	0.8886016709749354	0.5339393212135757	1.0	0.5339416514587135	1.0	0.888603341899743	0.6101458478122829	0	0.8886027849303767	1.0	0.8886016709749354	0.8886016709749354	0.8886022279554409	1.0	0.557226641600376	0.8886016709749354	1.0	1.0	0.5567666485002725	0.8886011139888601	1.0	1.0	1.0	0.6453335466645334	1.0	1.0	1.0	0.8886016709749354	1.0	0.8886016709749354	1.0	1.0	0.8886016709749354	0.888603341899743	0.8886027849303767	0.8886027849303767	0.8886016709749354	0.8886016709749354	0.1741665166696666	1.0	0.8886016709749354	0.8886027849303767	1.0	1.0	1.0	0.9479115626531204	1.0	1.0	0.24208515829683405	0.8886027849303767	0.8886022279554409	0.8886016709749354	0.8886016709749354	0.8886027849303767	1.0	0.888603341899743	0.8886016709749354	0.8886027849303767	0.888603341899743	0.888603341899743	0.8886027849303767	0.8886016709749354	0.8886016709749354	0.8886027849303767	0.8886027849303767	0.8886027849303767	0.8886022279554409	0.8886022279554409	0.8886027849303767	0.8886027849303767	0.8886016709749354	0.8886016709749354	0.8886027849303767	0.4432283515747264
B1-B1br-B1dr-B1by-B1bw-B1dq	868887	1.0	1.0	0.5610187796244075	0.7975150621234469	1.0	0.8223153305400838	1.0	0.7033503827366042	0.5610187796244075	0.8886027849303767	0	1.0	0.5610187796244075	0.3346933061338773	0.7915752106197345	1.0	0.7313753724925501	0.5610187796244075	1.0	1.0	0.6422271554568909	0.5610165847512287	1.0	1.0	1.0	1.0	1.0	1.0	1.0	0.5610187796244075	1.0	0.5610187796244075	1.0	1.0	0.5610187796244075	0.6976005839795607	0.70468885933422	0.6586902392928212	0.5610187796244075	0.5610187796244075	0.8570635734106647	1.0	0.5610187796244075	0.5610231693049208	1.0	1.0	1.0	0.9479118230861919	1.0	1.0	1.0	0.4003679889603312	0.3424664383390415	0.44262114757704846	0.44262114757704846	0.666360009199724	1.0	0.3643522476713315	0.4004619907601848	0.6765997020089397	0.7159399421020264	0.6459023934162305	0.2185534433966981	0.5610187796244075	0.5610187796244075	0.6760097197084087	0.2402427927162185	0.6801195964121076	0.6995975100622485	0.34632634184145394	0.4222173334799956	0.6643100706978791	0.31825363492730147	0.5610187796244075	0.6184614461566152	1.0
B6e-B6o-B6p-B19i-B6	868895	0.5817046403375882	0.5506734797956061	1.0	1.0	1.0	1.0	1.0	1.0	1.0	1.0	1.0	0	1.0	1.0	1.0	1.0	1.0	1.0	1.0	1.0	1.0	1.0	1.0	1.0	1.0	1.0	1.0	0.7263341049884252	1.0	1.0	1.0	1.0	1.0	1.0	1.0	1.0	1.0	1.0	1.0	1.0	1.0	0.7217411303547858	1.0	1.0	1.0	1.0	1.0	1.0	1.0	1.0	1.0	1.0	1.0	1.0	1.0	1.0	1.0	1.0	1.0	1.0	1.0	1.0	1.0	1.0	1.0	1.0	1.0	1.0	1.0	1.0	1.0	1.0	1.0	1.0	1.0	1.0
B1/B1cg-B1fc	868903	1.0	1.0	0.5576544234557654	0.7975130373044405	1.0	0.8223135537289255	1.0	0.7033474163145922	0.5576544234557654	0.8886016709749354	0.5610187796244075	1.0	0	0.5576544234557654	0.791573126403104	1.0	0.7313726862731372	0.5576544234557654	1.0	1.0	0.6422235777642223	0.5576522117389413	1.0	1.0	1.0	1.0	1.0	1.0	1.0	0.5576544234557654	1.0	0.5576544234557654	1.0	1.0	0.5576544234557654	0.6975975600609985	0.7046859062818743	0.6586868262634747	0.5576544234557654	0.5576544234557654	0.857062144067839	1.0	0.5576544234557654	0.5576588468230635	1.0	1.0	1.0	0.9479113022174446	1.0	1.0	1.0	0.618917621647567	0.5576566351504727	0.5576544234557654	0.5576544234557654	0.6663566728665427	1.0	0.5646908827279318	0.6190138098619014	0.6765964680706386	0.7159371015724607	0.6458988525286867	0.5576588468230635	0.5576544234557654	0.5576544234557654	0.6760064798704026	0.5825083498330034	0.6801163976720466	0.14413283800742988	0.5576566351504727	0.6407671846563069	0.6643067138657227	0.5576544234557654	0.5576544234557654	0.618457630847383	1.0
B1-B1br-B1dq	868908	1.0	1.0	0.3816061839381606	0.7975130373044405	1.0	0.8223135537289255	1.0	0.7033474163145922	0.32357676423235765	0.8886016709749354	0.3346933061338773	1.0	0.5576544234557654	0	0.791573126403104	1.0	0.7313726862731372	0.4945650543494565	1.0	1.0	0.6422235777642223	0.32357338213308934	1.0	1.0	1.0	1.0	1.0	1.0	1.0	0.32357676423235765	1.0	0.4850251497485025	1.0	1.0	0.32357676423235765	0.6975975600609985	0.7046859062818743	0.6586868262634747	0.32357676423235765	0.32357676423235765	0.857062144067839	1.0	0.32357676423235765	0.4266814663706726	1.0	1.0	1.0	0.9479113022174446	1.0	1.0	1.0	0.618917621647567	0.42542861857072145	0.32357676423235765	0.3513964860351396	0.6663566728665427	1.0	0.5646908827279318	0.6190138098619014	0.6765964680706386	0.7159371015724607	0.6458988525286867	0.25481490370192594	0.32357676423235765	0.32357676423235765	0.6760064798704026	0.3271634567308654	0.6801163976720466	0.6995945060824088	0.5389769153462698	0.6407671846563069	0.6643067138657227	0.15395846041539585	0.46743532564674356	0.618457630847383	1.0
B10-B10a-B1	868909	1.0	1.0	0.791573126403104	0.7975140497190056	1.0	0.8223144421389466	1.0	0.7915762527124186	0.791573126403104	0.8886022279554409	0.7915752106197345	1.0	0.791573126403104	0.791573126403104	0	1.0	0.791573126403104	0.791573126403104	1.0	1.0	0.791573126403104	0.7915720842791573	1.0	1.0	1.0	1.0	1.0	1.0	1.0	0.791573126403104	1.0	0.791573126403104	1.0	1.0	0.791573126403104	0.7915762527124186	0.7915752106197345	0.7915752106197345	0.791573126403104	0.791573126403104	0.8570628587428252	1.0	0.791573126403104	0.7915752106197345	1.0	1.0	1.0	0.9479115626531204	1.0	1.0	1.0	0.7915752106197345	0.7915741685166297	0.791573126403104	0.791573126403104	0.7915752106197345	1.0	0.7915762527124186	0.791573126403104	0.7915752106197345	0.7915762527124186	0.7915762527124186	0.7915752106197345	0.791573126403104	0.791573126403104	0.7915752106197345	0.7915752106197345	0.7915752106197345	0.7915741685166297	0.7915741685166297	0.7915752106197345	0.7915752106197345	0.791573126403104	0.791573126403104	0.7915752106197345	1.0
B5-B1fx-B5ds	868911	1.0	1.0	1.0	1.0	0.2687573124268757	1.0	1.0	1.0	1.0	1.0	1.0	1.0	1.0	1.0	1.0	0	0.6000039999600004	1.0	0.35425645743542566	0.3161268387316127	1.0	1.0	0.31612341938290306	1.0	1.0	1.0	1.0	1.0	1.0	1.0	0.68324791880203	0.5149748502514975	0.5657608559786005	0.5469690606187876	1.0	1.0	1.0	1.0	1.0	1.0	1.0	1.0	1.0	1.0	0.749505009899802	0.6840847387289191	0.6921161576768464	0.7856553586160346	0.7582748345033099	0.7342153156936861	1.0	1.0	1.0	1.0	1.0	1.0	1.0	1.0	1.0	1.0	1.0	1.0	1.0	1.0	1.0	1.0	1.0	1.0	1.0	1.0	1.0	1.0	1.0	1.0	1.0	1.0
B5/B1-B1do	868917	1.0	1.0	0.7313726862731372	0.466138007929881	0.6000039999600004	0.49094018119637606	1.0	0.7313767155821105	0.45291547084529155	0.557226641600376	0.7313753724925501	1.0	0.7313726862731372	0.7313726862731372	0.791573126403104	0.6000039999600004	0	0.7313726862731372	0.6000039999600004	0.6000039999600004	0.7313726862731372	0.7313713431432843	0.60000199999	1.0	1.0	0.6686216568917155	1.0	1.0	1.0	0.7313726862731372	0.68324791880203	0.33137668623313765	0.6000099997500062	0.6000079998400032	0.7313726862731372	0.7313767155821105	0.7313753724925501	0.7313753724925501	0.7313726862731372	0.7313726862731372	0.616515752263716	1.0	0.7313726862731372	0.7313753724925501	0.749505009899802	0.6840847387289191	0.6921161576768464	0.7335666608334792	0.7582748345033099	0.7342153156936861	0.7097043544346835	0.7313753724925501	0.7313740293895592	0.7313726862731372	0.7313726862731372	0.7313753724925501	1.0	0.7313767155821105	0.7313726862731372	0.7313753724925501	0.7313767155821105	0.7313767155821105	0.7313753724925501	0.7313726862731372	0.7313726862731372	0.7313753724925501	0.7313753724925501	0.7313753724925501	0.7313740293895592	0.7313740293895592	0.7313753724925501	0.7313753724925501	0.7313726862731372	0.7313726862731372	0.7313753724925501	0.6686233137668623
B1/B19	868918	1.0	1.0	0.4945650543494565	0.7975130373044405	1.0	0.8223135537289255	1.0	0.7033474163145922	0.4945650543494565	0.8886016709749354	0.5610187796244075	1.0	0.5576544234557654	0.4945650543494565	0.791573126403104	1.0	0.7313726862731372	0	1.0	1.0	0.6422235777642223	0.49456252718736404	1.0	0.5054324728376358	1.0	1.0	1.0	1.0	1.0	0.4945650543494565	1.0	0.4945650543494565	1.0	1.0	0.4945650543494565	0.6975975600609985	0.7046859062818743	0.6586868262634747	0.4945650543494565	0.4945650543494565	0.857062144067839	1.0	0.4945650543494565	0.494570108597828	1.0	1.0	1.0	0.7590860228494287	1.0	1.0	1.0	0.618917621647567	0.4945675814862777	0.4945650543494565	0.4945650543494565	0.6663566728665427	1.0	0.5646908827279318	0.6190138098619014	0.6765964680706386	0.7159371015724607	0.6458988525286867	0.5058298834023319	0.4945650543494565	0.4945650543494565	0.6760064798704026	0.5825083498330034	0.6801163976720466	0.6995945060824088	0.5389769153462698	0.6407671846563069	0.6643067138657227	0.4945650543494565	0.4945650543494565	0.618457630847383	1.0
B5/B5p	868925	1.0	1.0	1.0	1.0	0.5188648113518864	1.0	1.0	1.0	1.0	1.0	1.0	1.0	1.0	1.0	1.0	0.35425645743542566	0.6000039999600004	1.0	0	0.35425645743542566	1.0	1.0	0.35425322873385634	1.0	1.0	1.0	1.0	1.0	1.0	1.0	0.68324791880203	0.5149748502514975	0.5657608559786005	0.5469690606187876	1.0	1.0	1.0	1.0	1.0	1.0	1.0	1.0	1.0	1.0	0.5138997220055599	0.42732859007114893	0.43169136617267656	0.6388290292742681	0.5483790324193516	0.4633107337853243	1.0	1.0	1.0	1.0	1.0	1.0	1.0	1.0	1.0	1.0	1.0	1.0	1.0	1.0	1.0	1.0	1.0	1.0	1.0	1.0	1.0	1.0	1.0	1.0	1.0	1.0
B5-B5dr	868929	1.0	1.0	1.0	1.0	0.3652063479365206	1.0	1.0	1.0	1.0	1.0	1.0	1.0	1.0	1.0	1.0	0.3161268387316127	0.6000039999600004	1.0	0.35425645743542566	0	1.0	1.0	0.2062039689801551	1.0	1.0	1.0	1.0	1.0	1.0	1.0	0.68324791880203	0.5149748502514975	0.5657608559786005	0.5469690606187876	1.0	1.0	1.0	1.0	1.0	1.0	1.0	1.0	1.0	1.0	0.749505009899802	0.6840847387289191	0.6921161576768464	0.7856553586160346	0.7582748345033099	0.7342153156936861	1.0	1.0	1.0	1.0	1.0	1.0	1.0	1.0	1.0	1.0	1.0	1.0	1.0	1.0	1.0	1.0	1.0	1.0	1.0	1.0	1.0	1.0	1.0	1.0	1.0	1.0
B1ec-B1	868930	1.0	1.0	0.6422235777642223	0.7975130373044405	1.0	0.8223135537289255	1.0	0.7033474163145922	0.6422235777642223	0.5567666485002725	0.6422271554568909	1.0	0.6422235777642223	0.6422235777642223	0.791573126403104	1.0	0.7313726862731372	0.6422235777642223	1.0	1.0	0	0.6422217888910555	1.0	1.0	1.0	1.0	1.0	1.0	1.0	0.6422235777642223	1.0	0.6422235777642223	1.0	1.0	0.6422235777642223	0.6975975600609985	0.7046859062818743	0.6586868262634747	0.6422235777642223	0.6422235777642223	0.5852762208566872	1.0	0.6422235777642223	0.6422271554568909	1.0	1.0	1.0	0.9479113022174446	1.0	1.0	0.734483982740259	0.6422271554568909	0.6422253666195007	0.6422235777642223	0.6422235777642223	0.6663566728665427	1.0	0.6422289442763931	0.6422235777642223	0.6765964680706386	0.7159371015724607	0.6458988525286867	0.6422271554568909	0.6422235777642223	0.6422235777642223	0.6760064798704026	0.6422271554568909	0.6801163976720466	0.6995945060824088	0.6422253666195007	0.6422271554568909	0.6643067138657227	0.6422235777642223	0.6422235777642223	0.6422271554568909	1.0
B1	868931	1.0	1.0	0.38160309198454007	0.7975120248797513	1.0	0.8223126653100203	1.0	0.7033459330813384	0.2784536077319613	0.8886011139888601	0.5610165847512287	1.0	0.5576522117389413	0.32357338213308934	0.7915720842791573	1.0	0.7313713431432843	0.49456252718736404	1.0	1.0	0.6422217888910555	0	1.0	1.0	1.0	1.0	1.0	1.0	1.0	0.15841420792896035	1.0	0.4850225748871256	1.0	1.0	0.17999410002949986	0.6975960480790384	0.704684429733554	0.6586851197232042	0.17227413862930685	0.28869355653221734	0.8570614293857062	1.0	0.3178634106829466	0.4266785998210027	1.0	1.0	1.0	0.9479110417791644	1.0	1.0	1.0	0.618915716264256	0.42542574574254255	0.22125389373053134	0.35139324303378483	0.6663550046749299	1.0	0.5646887062258755	0.6190119049404753	0.6765948510772338	0.7159356812863743	0.6458970820583588	0.5058274125888111	0.25211373943130283	0.2861135694321528	0.6760048599271011	0.582506262406064	0.6801147982780258	0.6995930040699593	0.5389746102538975	0.6407653885191722	0.6643050354244686	0.3441932790336048	0.46743266283668583	0.6184557231641525	1.0
B5	868935	1.0	1.0	1.0	1.0	0.5188624056879716	1.0	1.0	1.0	1.0	1.0	1.0	1.0	1.0	1.0	1.0	0.31612341938290306	0.60000199999	1.0	0.35425322873385634	0.2062039689801551	1.0	1.0	0	1.0	1.0	1.0	1.0	1.0	1.0	1.0	0.6832463350732986	0.5149724251378743	0.5657586848263034	0.5469667954980675	1.0	1.0	1.0	1.0	1.0	1.0	1.0	1.0	1.0	1.0	0.7495037574436384	0.6840831591684083	0.6921146182807257	0.7856542869142618	0.7582736258956115	0.7342139867901981	1.0	1.0	1.0	1.0	1.0	1.0	1.0	1.0	1.0	1.0	1.0	1.0	1.0	1.0	1.0	1.0	1.0	1.0	1.0	1.0	1.0	1.0	1.0	1.0	1.0	1.0
B19	868943	1.0	1.0	1.0	1.0	1.0	1.0	1.0	1.0	1.0	1.0	1.0	1.0	1.0	1.0	1.0	1.0	1.0	0.5054324728376358	1.0	1.0	1.0	1.0	1.0	0	1.0	1.0	1.0	1.0	1.0	1.0	1.0	1.0	1.0	1.0	1.0	1.0	1.0	1.0	1.0	1.0	1.0	1.0	1.0	1.0	1.0	1.0	1.0	0.8111737765244695	1.0	1.0	1.0	1.0	1.0	1.0	1.0	1.0	1.0	1.0	1.0	1.0	1.0	1.0	1.0	1.0	1.0	1.0	1.0	1.0	1.0	1.0	1.0	1.0	1.0	1.0	1.0	1.0
B2a	868961	1.0	1.0	1.0	1.0	1.0	1.0	1.0	1.0	1.0	1.0	1.0	1.0	1.0	1.0	1.0	1.0	1.0	1.0	1.0	1.0	1.0	1.0	1.0	1.0	0	1.0	1.0	1.0	1.0	1.0	1.0	1.0	1.0	1.0	1.0	1.0	1.0	1.0	1.0	1.0	1.0	1.0	1.0	1.0	1.0	1.0	1.0	1.0	1.0	1.0	1.0	1.0	1.0	1.0	1.0	1.0	1.0	1.0	1.0	1.0	1.0	1.0	1.0	1.0	1.0	1.0	1.0	1.0	1.0	1.0	1.0	1.0	1.0	1.0	1.0	1.0
B1do	868971	1.0	1.0	1.0	0.4993750062499375	1.0	0.5172272415913761	1.0	1.0	0.7215413922930385	0.6453335466645334	1.0	1.0	1.0	1.0	1.0	1.0	0.6686216568917155	1.0	1.0	1.0	1.0	1.0	1.0	1.0	1.0	0	1.0	1.0	1.0	1.0	1.0	1.0	1.0	1.0	1.0	1.0	1.0	1.0	1.0	1.0	0.7594524054759453	1.0	1.0	1.0	1.0	1.0	1.0	1.0	1.0	1.0	0.7097029029709703	1.0	1.0	1.0	1.0	1.0	1.0	1.0	1.0	1.0	1.0	1.0	1.0	1.0	1.0	1.0	1.0	1.0	1.0	1.0	1.0	1.0	1.0	1.0	1.0	0.6008719956400218
B19au	868993	1.0	1.0	1.0	1.0	1.0	1.0	1.0	1.0	1.0	1.0	1.0	1.0	1.0	1.0	1.0	1.0	1.0	1.0	1.0	1.0	1.0	1.0	1.0	1.0	1.0	1.0	0	1.0	1.0	1.0	1.0	1.0	1.0	1.0	1.0	1.0	1.0	1.0	1.0	1.0	1.0	1.0	1.0	1.0	1.0	1.0	1.0	1.0	1.0	1.0	1.0	1.0	1.0	1.0	1.0	1.0	1.0	1.0	1.0	1.0	1.0	1.0	1.0	1.0	1.0	1.0	1.0	1.0	1.0	1.0	1.0	1.0	1.0	1.0	1.0	1.0
B6e	869002	0.9119117617647647	0.8361524577131343	1.0	1.0	1.0	1.0	1.0	1.0	1.0	1.0	1.0	0.7263341049884252	1.0	1.0	1.0	1.0	1.0	1.0	1.0	1.0	1.0	1.0	1.0	1.0	1.0	1.0	1.0	0	1.0	1.0	1.0	1.0	1.0	1.0	1.0	1.0	1.0	1.0	1.0	1.0	1.0	1.0	1.0	1.0	1.0	1.0	1.0	1.0	1.0	1.0	1.0	1.0	1.0	1.0	1.0	1.0	1.0	1.0	1.0	1.0	1.0	1.0	1.0	1.0	1.0	1.0	1.0	1.0	1.0	1.0	1.0	1.0	1.0	1.0	1.0	1.0
B7	869003	1.0	1.0	1.0	1.0	1.0	1.0	0.23715381423092885	1.0	1.0	1.0	1.0	1.0	1.0	1.0	1.0	1.0	1.0	1.0	1.0	1.0	1.0	1.0	1.0	1.0	1.0	1.0	1.0	1.0	0	1.0	1.0	1.0	1.0	1.0	1.0	1.0	1.0	1.0	1.0	1.0	1.0	1.0	1.0	1.0	1.0	1.0	1.0	1.0	1.0	1.0	1.0	1.0	1.0	1.0	1.0	1.0	1.0	1.0	1.0	1.0	1.0	1.0	1.0	1.0	1.0	1.0	1.0	1.0	1.0	1.0	1.0	1.0	1.0	1.0	1.0	1.0
B1-B1a	868603	1.0	1.0	0.3816061839381606	0.7975130373044405	1.0	0.8223135537289255	1.0	0.7033474163145922	0.27845721542784574	0.8886016709749354	0.5610187796244075	1.0	0.5576544234557654	0.32357676423235765	0.791573126403104	1.0	0.7313726862731372	0.4945650543494565	1.0	1.0	0.6422235777642223	0.15841420792896035	1.0	1.0	1.0	1.0	1.0	1.0	1.0	0	1.0	0.4850251497485025	1.0	1.0	0.17999820001799982	0.6975975600609985	0.7046859062818743	0.6586868262634747	0.17227827721722783	0.2886971130288697	0.857062144067839	1.0	0.3178668213317867	0.4266814663706726	1.0	1.0	1.0	0.9479113022174446	1.0	1.0	1.0	0.618917621647567	0.42542861857072145	0.2212577874221258	0.3513964860351396	0.6663566728665427	1.0	0.5646908827279318	0.6190138098619014	0.6765964680706386	0.7159371015724607	0.6458988525286867	0.5058298834023319	0.25211747882521174	0.28611713882861173	0.6760064798704026	0.5825083498330034	0.6801163976720466	0.6995945060824088	0.5389769153462698	0.6407671846563069	0.6643067138657227	0.3441965580344197	0.46743532564674356	0.618457630847383	1.0
B5-B5b-B5a-B5d-B5c-B5f-B5g-B5l-B5e	868607	1.0	1.0	1.0	1.0	0.68324791880203	1.0	1.0	1.0	1.0	1.0	1.0	1.0	1.0	1.0	1.0	0.68324791880203	0.68324791880203	1.0	0.68324791880203	0.68324791880203	1.0	1.0	0.6832463350732986	1.0	1.0	1.0	1.0	1.0	1.0	1.0	0	0.68324791880203	0.32115715371385145	0.3491627793027244	1.0	1.0	1.0	1.0	1.0	1.0	1.0	1.0	1.0	1.0	0.6508222212222572	0.5854024379268622	0.6921207757728479	0.6967821287148515	0.6595919142830001	0.6355327563535276	1.0	1.0	1.0	1.0	1.0	1.0	1.0	1.0	1.0	1.0	1.0	1.0	1.0	1.0	1.0	1.0	1.0	1.0	1.0	1.0	1.0	1.0	1.0	1.0	1.0	1.0
B1/B5	868614	1.0	1.0	0.4850251497485025	0.7975130373044405	0.5188648113518864	0.8223135537289255	1.0	0.7033474163145922	0.4850251497485025	0.8886016709749354	0.5610187796244075	1.0	0.5576544234557654	0.4850251497485025	0.791573126403104	0.5149748502514975	0.33137668623313765	0.4945650543494565	0.5149748502514975	0.5149748502514975	0.6422235777642223	0.4850225748871256	0.5149724251378743	1.0	1.0	1.0	1.0	1.0	1.0	0.4850251497485025	0.68324791880203	0	0.5657608559786005	0.5469690606187876	0.4850251497485025	0.6975975600609985	0.7046859062818743	0.6586868262634747	0.4850251497485025	0.4850251497485025	0.857062144067839	1.0	0.4850251497485025	0.4850302993940121	0.749505009899802	0.6840847387289191	0.6921161576768464	0.7335666608334792	0.7582748345033099	0.7342153156936861	1.0	0.618917621647567	0.48502772458413124	0.4850251497485025	0.4850251497485025	0.6663566728665427	1.0	0.5646908827279318	0.6190138098619014	0.6765964680706386	0.7159371015724607	0.6458988525286867	0.5058298834023319	0.4850251497485025	0.4850251497485025	0.6760064798704026	0.5825083498330034	0.6801163976720466	0.6995945060824088	0.5389769153462698	0.6407671846563069	0.6643067138657227	0.4850251497485025	0.4850251497485025	0.618457630847383	1.0
B5-B5c-B5a-B5e-B5h-B5b	868619	1.0	1.0	1.0	1.0	0.5657608559786005	1.0	1.0	1.0	1.0	1.0	1.0	1.0	1.0	1.0	1.0	0.5657608559786005	0.6000099997500062	1.0	0.5657608559786005	0.5657608559786005	1.0	1.0	0.5657586848263034	1.0	1.0	1.0	1.0	1.0	1.0	1.0	0.32115715371385145	0.5657608559786005	0	0.224817131400401	1.0	1.0	1.0	1.0	1.0	1.0	1.0	1.0	1.0	1.0	0.6305229316973906	0.5651030469085927	0.6921207757728479	0.6967821287148515	0.6392926247581334	0.615233466828661	1.0	1.0	1.0	1.0	1.0	1.0	1.0	1.0	1.0	1.0	1.0	1.0	1.0	1.0	1.0	1.0	1.0	1.0	1.0	1.0	1.0	1.0	1.0	1.0	1.0	1.0
B5-B5e-B5g-B5a-B5c	868621	1.0	1.0	1.0	1.0	0.5469690606187876	1.0	1.0	1.0	1.0	1.0	1.0	1.0	1.0	1.0	1.0	0.5469690606187876	0.6000079998400032	1.0	0.5469690606187876	0.5469690606187876	1.0	1.0	0.5469667954980675	1.0	1.0	1.0	1.0	1.0	1.0	1.0	0.3491627793027244	0.5469690606187876	0.224817131400401	0	1.0	1.0	1.0	1.0	1.0	1.0	1.0	1.0	1.0	1.0	0.630221093367199	0.5648008799780005	0.6921192364229073	0.6967806126785563	0.6389908302750917	0.6149315520534384	1.0	1.0	1.0	1.0	1.0	1.0	1.0	1.0	1.0	1.0	1.0	1.0	1.0	1.0	1.0	1.0	1.0	1.0	1.0	1.0	1.0	1.0	1.0	1.0	1.0	1.0
B1-B1g	868625	1.0	1.0	0.3816061839381606	0.7975130373044405	1.0	0.8223135537289255	1.0	0.5922501937451564	0.27845721542784574	0.8886016709749354	0.5610187796244075	1.0	0.5576544234557654	0.32357676423235765	0.791573126403104	1.0	0.7313726862731372	0.4945650543494565	1.0	1.0	0.6422235777642223	0.17999410002949986	1.0	1.0	1.0	1.0	1.0	1.0	1.0	0.17999820001799982	1.0	0.4850251497485025	1.0	1.0	0	0.6975975600609985	0.7046859062818743	0.6586868262634747	0.17999820001799982	0.2886971130288697	0.857062144067839	1.0	0.3178668213317867	0.24668506629867404	1.0	1.0	1.0	0.9479113022174446	1.0	1.0	1.0	0.618917621647567	0.42542861857072145	0.2212577874221258	0.3513964860351396	0.6663566728665427	1.0	0.5646908827279318	0.6190138098619014	0.6765964680706386	0.7159371015724607	0.6458988525286867	0.5058298834023319	0.25211747882521174	0.28611713882861173	0.6760064798704026	0.5825083498330034	0.6801163976720466	0.6995945060824088	0.5389769153462698	0.6407671846563069	0.6643067138657227	0.3441965580344197	0.46743532564674356	0.618457630847383	1.0
B1-B14e-B1ai-B1ao-B1x-B1am-B14c-B1j	868645	1.0	1.0	0.6975975600609985	0.7975160745177645	1.0	0.8223162189323374	1.0	0.608665653373865	0.6975975600609985	0.888603341899743	0.6976005839795607	1.0	0.6975975600609985	0.6975975600609985	0.7915762527124186	1.0	0.7313767155821105	0.6975975600609985	1.0	1.0	0.6975975600609985	0.6975960480790384	1.0	1.0	1.0	1.0	1.0	1.0	1.0	0.6975975600609985	1.0	0.6975975600609985	1.0	1.0	0.6975975600609985	0	0.08420205292814752	0.10052148174813881	0.6975975600609985	0.6975975600609985	0.8570642880713578	1.0	0.6975975600609985	0.6976005839795607	1.0	1.0	1.0	0.9479120835166593	1.0	1.0	1.0	0.6029138980135695	0.6975990720278392	0.6975975600609985	0.6975975600609985	0.1453799117030904	1.0	0.6029158833646654	0.6975975600609985	0.5105271315503958	0.08982640694372225	0.42168313267469304	0.6976005839795607	0.6975975600609985	0.6975975600609985	0.5117970871019515	0.6976005839795607	0.4377596784112556	0.6995990120296391	0.6029119126426207	0.6976005839795607	0.5107271245506407	0.6975975600609985	0.6029099272518187	0.18304859329923454	1.0
B1/B14e-B1x-B1ai-B1ao-B14c-B1j-B1am-B1an	868646	1.0	1.0	0.7046859062818743	0.7975150621234469	1.0	0.8223153305400838	1.0	0.6008839690610829	0.7046859062818743	0.8886027849303767	0.70468885933422	1.0	0.7046859062818743	0.7046859062818743	0.7915752106197345	1.0	0.7313753724925501	0.7046859062818743	1.0	1.0	0.7046859062818743	0.704684429733554	1.0	1.0	1.0	1.0	1.0	1.0	1.0	0.7046859062818743	1.0	0.7046859062818743	1.0	1.0	0.7046859062818743	0.08420205292814752	0	0.16064518064458067	0.7046859062818743	0.7046859062818743	0.8570635734106647	1.0	0.7046859062818743	0.70468885933422	1.0	1.0	1.0	0.9479118230861919	1.0	1.0	1.0	0.6093317200483985	0.7046873828154296	0.7046859062818743	0.7046859062818743	0.16557503274901753	1.0	0.6008839690610829	0.7046859062818743	0.5124146275611732	0.10653127140550081	0.4310799122030729	0.70468885933422	0.7046859062818743	0.7046859062818743	0.5124146275611732	0.70468885933422	0.43572692819215425	0.7046873828154296	0.6021499462513438	0.70468885933422	0.5086947391578253	0.7046859062818743	0.6008779824403512	0.23850284491465257	1.0
B1-B14e-B1x-B1ai-B1ao-B1am-B1j	868649	1.0	1.0	0.6586868262634747	0.7975150621234469	1.0	0.8223153305400838	1.0	0.5854945076922308	0.6586868262634747	0.8886027849303767	0.6586902392928212	1.0	0.6586868262634747	0.6586868262634747	0.7915752106197345	1.0	0.7313753724925501	0.6586868262634747	1.0	1.0	0.6586868262634747	0.6586851197232042	1.0	1.0	1.0	1.0	1.0	1.0	1.0	0.6586868262634747	1.0	0.6586868262634747	1.0	1.0	0.6586868262634747	0.10052148174813881	0.16064518064458067	0	0.6586868262634747	0.6586868262634747	0.8570635734106647	1.0	0.6586868262634747	0.6586902392928212	1.0	1.0	1.0	0.9479118230861919	1.0	1.0	1.0	0.5633331000069998	0.6586885327866804	0.6586868262634747	0.6586868262634747	0.08301750947471576	1.0	0.5408360707375242	0.6586868262634747	0.46635600931972043	0.13246036388726395	0.3540326088586899	0.6586902392928212	0.6586868262634747	0.6586868262634747	0.4670359889203324	0.6586902392928212	0.40900772976810695	0.6995975100622485	0.5561510962225944	0.6586902392928212	0.45426637200883974	0.6586868262634747	0.5408291834163317	0.10774676759697209	1.0
B1-B5cc	868655	1.0	1.0	0.3816061839381606	0.7975130373044405	1.0	0.8223135537289255	1.0	0.7033474163145922	0.27845721542784574	0.8886016709749354	0.5610187796244075	1.0	0.5576544234557654	0.32357676423235765	0.791573126403104	1.0	0.7313726862731372	0.4945650543494565	1.0	1.0	0.6422235777642223	0.17227413862930685	1.0	1.0	1.0	1.0	1.0	1.0	1.0	0.17227827721722783	1.0	0.4850251497485025	1.0	1.0	0.17999820001799982	0.6975975600609985	0.7046859062818743	0.6586868262634747	0	0.2886971130288697	0.857062144067839	1.0	0.3178668213317867	0.4266814663706726	1.0	1.0	1.0	0.9479113022174446	1.0	1.0	1.0	0.618917621647567	0.42542861857072145	0.2212577874221258	0.3513964860351396	0.6663566728665427	1.0	0.5646908827279318	0.6190138098619014	0.6765964680706386	0.7159371015724607	0.6458988525286867	0.5058298834023319	0.25211747882521174	0.28611713882861173	0.6760064798704026	0.5825083498330034	0.6801163976720466	0.6995945060824088	0.5389769153462698	0.6407671846563069	0.6643067138657227	0.3441965580344197	0.46743532564674356	0.618457630847383	1.0
B1-B1dl-B1r	868658	1.0	1.0	0.3816061839381606	0.7975130373044405	1.0	0.8223135537289255	1.0	0.7033474163145922	0.2886971130288697	0.8886016709749354	0.5610187796244075	1.0	0.5576544234557654	0.32357676423235765	0.791573126403104	1.0	0.7313726862731372	0.4945650543494565	1.0	1.0	0.6422235777642223	0.28869355653221734	1.0	1.0	1.0	1.0	1.0	1.0	1.0	0.2886971130288697	1.0	0.4850251497485025	1.0	1.0	0.2886971130288697	0.6975975600609985	0.7046859062818743	0.6586868262634747	0.2886971130288697	0	0.857062144067839	1.0	0.3178668213317867	0.4266814663706726	1.0	1.0	1.0	0.9479113022174446	1.0	1.0	1.0	0.618917621647567	0.42542861857072145	0.2886971130288697	0.3513964860351396	0.6663566728665427	1.0	0.5646908827279318	0.6190138098619014	0.6765964680706386	0.7159371015724607	0.6458988525286867	0.5058298834023319	0.2886971130288697	0.14381856181438185	0.6760064798704026	0.5825083498330034	0.6801163976720466	0.6995945060824088	0.5389769153462698	0.6407671846563069	0.6643067138657227	0.3441965580344197	0.46743532564674356	0.618457630847383	1.0
B1ec/B1do/B5aj-B1-B5db	868659	1.0	1.0	0.857062144067839	0.616517669646607	1.0	0.6165195870103247	1.0	0.8570642880713578	0.616515752263716	0.1741665166696666	0.8570635734106647	1.0	0.857062144067839	0.857062144067839	0.8570628587428252	1.0	0.616515752263716	0.857062144067839	1.0	1.0	0.5852762208566872	0.8570614293857062	1.0	1.0	1.0	0.7594524054759453	1.0	1.0	1.0	0.857062144067839	1.0	0.857062144067839	1.0	1.0	0.857062144067839	0.8570642880713578	0.8570635734106647	0.8570635734106647	0.857062144067839	0.857062144067839	0	1.0	0.857062144067839	0.8570635734106647	1.0	1.0	1.0	0.9479115626531204	1.0	1.0	0.16551668966620667	0.8570635734106647	0.8570628587428252	0.857062144067839	0.857062144067839	0.8570635734106647	1.0	0.8570642880713578	0.857062144067839	0.8570635734106647	0.8570642880713578	0.8570642880713578	0.8570635734106647	0.857062144067839	0.857062144067839	0.8570635734106647	0.8570635734106647	0.8570635734106647	0.8570628587428252	0.8570628587428252	0.8570635734106647	0.8570635734106647	0.857062144067839	0.857062144067839	0.8570635734106647	0.5360769588456173
B19i/B6g-B6-B6a-B6i-B6b-B19af-B6h-B19as-B6c	868661	0.366358513866876	0.4095636174553018	1.0	1.0	1.0	1.0	1.0	1.0	1.0	1.0	1.0	0.7217411303547858	1.0	1.0	1.0	1.0	1.0	1.0	1.0	1.0	1.0	1.0	1.0	1.0	1.0	1.0	1.0	1.0	1.0	1.0	1.0	1.0	1.0	1.0	1.0	1.0	1.0	1.0	1.0	1.0	1.0	0	1.0	1.0	1.0	1.0	1.0	1.0	1.0	1.0	1.0	1.0	1.0	1.0	1.0	1.0	1.0	1.0	1.0	1.0	1.0	1.0	1.0	1.0	1.0	1.0	1.0	1.0	1.0	1.0	1.0	1.0	1.0	1.0	1.0	1.0
B1/B1au	868675	1.0	1.0	0.3816061839381606	0.7975130373044405	1.0	0.8223135537289255	1.0	0.7033474163145922	0.3178668213317867	0.8886016709749354	0.5610187796244075	1.0	0.5576544234557654	0.32357676423235765	0.791573126403104	1.0	0.7313726862731372	0.4945650543494565	1.0	1.0	0.6422235777642223	0.3178634106829466	1.0	1.0	1.0	1.0	1.0	1.0	1.0	0.3178668213317867	1.0	0.4850251497485025	1.0	1.0	0.3178668213317867	0.6975975600609985	0.7046859062818743	0.6586868262634747	0.3178668213317867	0.3178668213317867	0.857062144067839	1.0	0	0.4266814663706726	1.0	1.0	1.0	0.9479113022174446	1.0	1.0	1.0	0.5273494530109398	0.42542861857072145	0.3178668213317867	0.3513964860351396	0.6663566728665427	1.0	0.5646908827279318	0.5103148968510315	0.6765964680706386	0.7159371015724607	0.6458988525286867	0.5058298834023319	0.3178668213317867	0.3178668213317867	0.6760064798704026	0.5825083498330034	0.6801163976720466	0.6995945060824088	0.5389769153462698	0.5094198116037679	0.6643067138657227	0.3441965580344197	0.46743532564674356	0.618457630847383	1.0
B1-B1g-B1s-B1bz	868686	1.0	1.0	0.4266814663706726	0.7975150621234469	1.0	0.8223153305400838	1.0	0.5922542711005114	0.4266814663706726	0.8886027849303767	0.5610231693049208	1.0	0.5576588468230635	0.4266814663706726	0.7915752106197345	1.0	0.7313753724925501	0.494570108597828	1.0	1.0	0.6422271554568909	0.4266785998210027	1.0	1.0	1.0	1.0	1.0	1.0	1.0	0.4266814663706726	1.0	0.4850302993940121	1.0	1.0	0.24668506629867404	0.6976005839795607	0.70468885933422	0.6586902392928212	0.4266814663706726	0.4266814663706726	0.8570635734106647	1.0	0.4266814663706726	0	1.0	1.0	1.0	0.9479118230861919	1.0	1.0	1.0	0.6189214323570293	0.42668433289167773	0.4266814663706726	0.4266814663706726	0.666360009199724	1.0	0.5646952356667516	0.619017619647607	0.6765997020089397	0.7159399421020264	0.6459023934162305	0.5058348249552513	0.4266814663706726	0.4266814663706726	0.6760097197084087	0.5825125246242613	0.6801195964121076	0.6995975100622485	0.5389815254618635	0.6407707768766937	0.6643100706978791	0.4266814663706726	0.46744065118697625	0.6184614461566152	1.0
B5a/B5/B5p/B5ae-B5m	868691	1.0	1.0	1.0	1.0	0.749505009899802	1.0	1.0	1.0	1.0	1.0	1.0	1.0	1.0	1.0	1.0	0.749505009899802	0.749505009899802	1.0	0.5138997220055599	0.749505009899802	1.0	1.0	0.7495037574436384	1.0	1.0	1.0	1.0	1.0	1.0	1.0	0.6508222212222572	0.749505009899802	0.6305229316973906	0.630221093367199	1.0	1.0	1.0	1.0	1.0	1.0	1.0	1.0	1.0	1.0	0	0.11616209594760131	0.5139045828625142	0.5499557515486958	0.09348719538413848	0.28772136835894924	1.0	1.0	1.0	1.0	1.0	1.0	1.0	1.0	1.0	1.0	1.0	1.0	1.0	1.0	1.0	1.0	1.0	1.0	1.0	1.0	1.0	1.0	1.0	1.0	1.0	1.0
B5/B5a/B5p-B5m	868701	1.0	1.0	1.0	1.0	0.6840847387289191	1.0	1.0	1.0	1.0	1.0	1.0	1.0	1.0	1.0	1.0	0.6840847387289191	0.6840847387289191	1.0	0.42732859007114893	0.6840847387289191	1.0	1.0	0.6840831591684083	1.0	1.0	1.0	1.0	1.0	1.0	1.0	0.5854024379268622	0.6840847387289191	0.5651030469085927	0.5648008799780005	1.0	1.0	1.0	1.0	1.0	1.0	1.0	1.0	1.0	1.0	0.11616209594760131	0	0.43536411589710255	0.5499535013949581	0.19475013124671883	0.2512787180320492	1.0	1.0	1.0	1.0	1.0	1.0	1.0	1.0	1.0	1.0	1.0	1.0	1.0	1.0	1.0	1.0	1.0	1.0	1.0	1.0	1.0	1.0	1.0	1.0	1.0	1.0
B5-B5p-B5bn-B5bk-B5bq	868705	1.0	1.0	1.0	1.0	0.6921161576768464	1.0	1.0	1.0	1.0	1.0	1.0	1.0	1.0	1.0	1.0	0.6921161576768464	0.6921161576768464	1.0	0.43169136617267656	0.6921161576768464	1.0	1.0	0.6921146182807257	1.0	1.0	1.0	1.0	1.0	1.0	1.0	0.6921207757728479	0.6921161576768464	0.6921207757728479	0.6921192364229073	1.0	1.0	1.0	1.0	1.0	1.0	1.0	1.0	1.0	1.0	0.5139045828625142	0.43536411589710255	0	0.4254701085462009	0.5483835484935452	0.3457196284111477	1.0	1.0	1.0	1.0	1.0	1.0	1.0	1.0	1.0	1.0	1.0	1.0	1.0	1.0	1.0	1.0	1.0	1.0	1.0	1.0	1.0	1.0	1.0	1.0	1.0	1.0
B5/B19-B5p-B5bn-B5bk-B19ac-B5a-B1	868706	1.0	1.0	0.9479113022174446	0.9479115626531204	0.7856553586160346	0.9479118230861919	1.0	0.9479120835166593	0.9479113022174446	0.9479115626531204	0.9479118230861919	1.0	0.9479113022174446	0.9479113022174446	0.9479115626531204	0.7856553586160346	0.7335666608334792	0.7590860228494287	0.6388290292742681	0.7856553586160346	0.9479113022174446	0.9479110417791644	0.7856542869142618	0.8111737765244695	1.0	1.0	1.0	1.0	1.0	0.9479113022174446	0.6967821287148515	0.7335666608334792	0.6967821287148515	0.6967806126785563	0.9479113022174446	0.9479120835166593	0.9479118230861919	0.9479118230861919	0.9479113022174446	0.9479113022174446	0.9479115626531204	1.0	0.9479113022174446	0.9479118230861919	0.5499557515486958	0.5499535013949581	0.4254701085462009	0	0.5499557515486958	0.45227917022904196	1.0	0.9479118230861919	0.9479115626531204	0.9479113022174446	0.9479113022174446	0.9479118230861919	1.0	0.9479120835166593	0.9479113022174446	0.9479118230861919	0.9479120835166593	0.9479120835166593	0.9479118230861919	0.9479113022174446	0.9479113022174446	0.9479118230861919	0.9479118230861919	0.9479118230861919	0.9479115626531204	0.9479115626531204	0.9479118230861919	0.9479118230861919	0.9479113022174446	0.9479113022174446	0.9479118230861919	1.0
B5/B5p/B5a/B5ae-B5m-B5bu	868713	1.0	1.0	1.0	1.0	0.7582748345033099	1.0	1.0	1.0	1.0	1.0	1.0	1.0	1.0	1.0	1.0	0.7582748345033099	0.7582748345033099	1.0	0.5483790324193516	0.7582748345033099	1.0	1.0	0.7582736258956115	1.0	1.0	1.0	1.0	1.0	1.0	1.0	0.6595919142830001	0.7582748345033099	0.6392926247581334	0.6389908302750917	1.0	1.0	1.0	1.0	1.0	1.0	1.0	1.0	1.0	1.0	0.09348719538413848	0.19475013124671883	0.5483835484935452	0.5499557515486958	0	0.33611991640250793	1.0	1.0	1.0	1.0	1.0	1.0	1.0	1.0	1.0	1.0	1.0	1.0	1.0	1.0	1.0	1.0	1.0	1.0	1.0	1.0	1.0	1.0	1.0	1.0	1.0	1.0
B5p/B5/B5cb-B5a-B5bk	868717	1.0	1.0	1.0	1.0	0.7342153156936861	1.0	1.0	1.0	1.0	1.0	1.0	1.0	1.0	1.0	1.0	0.7342153156936861	0.7342153156936861	1.0	0.4633107337853243	0.7342153156936861	1.0	1.0	0.7342139867901981	1.0	1.0	1.0	1.0	1.0	1.0	1.0	0.6355327563535276	0.7342153156936861	0.615233466828661	0.6149315520534384	1.0	1.0	1.0	1.0	1.0	1.0	1.0	1.0	1.0	1.0	0.28772136835894924	0.2512787180320492	0.3457196284111477	0.45227917022904196	0.33611991640250793	0	1.0	1.0	1.0	1.0	1.0	1.0	1.0	1.0	1.0	1.0	1.0	1.0	1.0	1.0	1.0	1.0	1.0	1.0	1.0	1.0	1.0	1.0	1.0	1.0	1.0	1.0
B1do/B1ec-B5aj-B1ee-B5db	868748	1.0	1.0	1.0	0.7097058058838823	1.0	0.709707257318567	1.0	1.0	0.7215441768373474	0.24208515829683405	1.0	1.0	1.0	1.0	1.0	1.0	0.7097043544346835	1.0	1.0	1.0	0.734483982740259	1.0	1.0	1.0	1.0	0.7097029029709703	1.0	1.0	1.0	1.0	1.0	1.0	1.0	1.0	1.0	1.0	1.0	1.0	1.0	1.0	0.16551668966620667	1.0	1.0	1.0	1.0	1.0	1.0	1.0	1.0	1.0	0	1.0	1.0	1.0	1.0	1.0	1.0	1.0	1.0	1.0	1.0	1.0	1.0	1.0	1.0	1.0	1.0	1.0	1.0	1.0	1.0	1.0	1.0	1.0	1.0	0.4958675619865702
