B6/B19i-B6b-B19af-B6a-B6e-B6g	868864	0	0.26470308836102374	1.0	1.0	1.0	1.0	1.0	1.0	1.0	1.0	1.0	0.6885993420197394	1.0	1.0	1.0	1.0	1.0	1.0	1.0	1.0	1.0	1.0	1.0	1.0	1.0	1.0	1.0	0.9503409931801364	1.0	1.0	1.0	1.0	1.0	1.0	1.0	1.0	1.0	1.0	1.0	1.0	1.0	0.36913523459061637	1.0	1.0	1.0	1.0	1.0	1.0	1.0	1.0	1.0	1.0	1.0	1.0	1.0	1.0	1.0	1.0	1.0	1.0	1.0	1.0	1.0	1.0	1.0	1.0	1.0	1.0	1.0	1.0	1.0	1.0	1.0	1.0	1.0	1.0
B6/B6e/B19af-B6b-B19i-B6a-B6g-B19ag	868865	0.26470308836102374	0	1.0	1.0	1.0	1.0	1.0	1.0	1.0	1.0	1.0	0.5619353322633708	1.0	1.0	1.0	1.0	1.0	1.0	1.0	1.0	1.0	1.0	1.0	1.0	1.0	1.0	1.0	0.8018249543761405	1.0	1.0	1.0	1.0	1.0	1.0	1.0	1.0	1.0	1.0	1.0	1.0	1.0	0.5012724427400767	1.0	1.0	1.0	1.0	1.0	1.0	1.0	1.0	1.0	1.0	1.0	1.0	1.0	1.0	1.0	1.0	1.0	1.0	1.0	1.0	1.0	1.0	1.0	1.0	1.0	1.0	1.0	1.0	1.0	1.0	1.0	1.0	1.0	1.0
B1-B1fu-B1fv	868866	1.0	1.0	0	0.877892442151157	1.0	0.8947421051578969	1.0	0.4933152005439837	0.20418193727094094	0.9538609227815443	0.2602084947876303	1.0	0.5026299474010519	0.1684924726129108	0.8835917461238082	1.0	0.7576748465030699	0.4927276090858637	1.0	1.0	0.7631535526967096	0.16848831511684884	1.0	1.0	1.0	1.0	1.0	1.0	1.0	0.1684924726129108	1.0	0.4850377244341335	1.0	1.0	0.1684924726129108	0.4474793382231622	0.44226952056678015	0.38855528611784707	0.1684924726129108	0.16849663006739865	0.9034324141896453	1.0	0.2503712444313335	0.17991050223744406	1.0	1.0	1.0	0.9788605284867878	1.0	1.0	1.0	0.31510054698359047	0.16849663006739865	0.1684924726129108	0.1684924726129108	0.37404190853320135	1.0	0.260652180434587	0.31609709757256066	0.39299214015719686	0.4529036774080648	0.37282881513554594	0.21870953226169346	0.1684924726129108	0.16849663006739865	0.39621509462263443	0.3597592072237833	0.40250091246806363	0.6820579485512862	0.22802543949121018	0.35701285974280517	0.40196794096177113	0.16849663006739865	0.20735188972165416	0.3584192474225773	1.0
B1do-B1-B1fw-B1ei	868868	1.0	1.0	0.877892442151157	0	1.0	0.04389912201755965	1.0	0.8778936631901043	0.6737148942765858	0.5124697506049879	0.8778930526736831	1.0	0.877892442151157	0.8778918316225257	0.8835917461238082	1.0	0.5965780684386313	0.8778918316225257	1.0	1.0	0.8778918316225257	0.8778912210877892	1.0	1.0	1.0	0.25358746412535876	1.0	1.0	1.0	0.8778918316225257	1.0	0.8778918316225257	1.0	1.0	0.8778918316225257	0.8778942737004205	0.8778942737004205	0.8778930526736831	0.8778918316225257	0.877892442151157	0.6417489562760931	1.0	0.8778918316225257	0.8778930526736831	1.0	1.0	1.0	0.9788605284867878	1.0	1.0	0.6301473970520589	0.8778936631901043	0.877892442151157	0.8778918316225257	0.8778918316225257	0.8778942737004205	1.0	0.8778936631901043	0.8778930526736831	0.877892442151157	0.8778930526736831	0.8778936631901043	0.8778930526736831	0.8778918316225257	0.877892442151157	0.8778930526736831	0.8778936631901043	0.8778942737004205	0.8778930526736831	0.877892442151157	0.877892442151157	0.8778936631901043	0.877892442151157	0.8778918316225257	0.8778936631901043	0.6703149452758209
B5-B5dr-B1fx-B5ds-B5cp	868869	1.0	1.0	1.0	1.0	0	1.0	1.0	1.0	1.0	1.0	1.0	1.0	1.0	1.0	1.0	0.12824179395515112	0.5236419089522762	1.0	0.32141357172856544	0.17052658946821064	1.0	1.0	0.23374149387759183	1.0	1.0	1.0	1.0	1.0	1.0	1.0	0.38568150114745986	0.5149697006059879	0.2693055743048993	0.28695139145825627	1.0	1.0	1.0	1.0	1.0	1.0	1.0	1.0	1.0	1.0	0.7164370890727731	0.6330773384532309	0.5852603684907878	0.6914592562223133	0.6998775030624235	0.6880477988050299	1.0	1.0	1.0	1.0	1.0	1.0	1.0	1.0	1.0	1.0	1.0	1.0	1.0	1.0	1.0	1.0	1.0	1.0	1.0	1.0	1.0	1.0	1.0	1.0	1.0	1.0
B1do-B1-B1fw-B1ei-B1ej	868870	1.0	1.0	0.8947421051578969	0.04389912201755965	1.0	0	1.0	0.8947431577052688	0.690564641530377	0.5124697506049879	0.8947426314342142	1.0	0.8947421051578969	0.8947415788763169	0.8947415788763169	1.0	0.6134277314453711	0.8947415788763169	1.0	1.0	0.8947415788763169	0.8947410525894741	1.0	1.0	1.0	0.24656753432465675	1.0	1.0	1.0	0.8947415788763169	1.0	0.8947415788763169	1.0	1.0	0.8947415788763169	0.894743683971061	0.894743683971061	0.8947426314342142	0.8947415788763169	0.8947421051578969	0.6417489562760931	1.0	0.8947415788763169	0.8947426314342142	1.0	1.0	1.0	0.9788605284867878	1.0	1.0	0.6301473970520589	0.8947431577052688	0.8947421051578969	0.8947415788763169	0.8947415788763169	0.894743683971061	1.0	0.8947431577052688	0.8947426314342142	0.8947421051578969	0.8947426314342142	0.8947431577052688	0.8947426314342142	0.8947415788763169	0.8947421051578969	0.8947426314342142	0.8947431577052688	0.894743683971061	0.8947426314342142	0.8947421051578969	0.8947421051578969	0.8947431577052688	0.8947421051578969	0.8947415788763169	0.8947431577052688	0.6703149452758209
B7-B7d	868872	1.0	1.0	1.0	1.0	1.0	1.0	0	1.0	1.0	1.0	1.0	1.0	1.0	1.0	1.0	1.0	1.0	1.0	1.0	1.0	1.0	1.0	1.0	1.0	1.0	1.0	1.0	1.0	0.08896455517722411	1.0	1.0	1.0	1.0	1.0	1.0	1.0	1.0	1.0	1.0	1.0	1.0	1.0	1.0	1.0	1.0	1.0	1.0	1.0	1.0	1.0	1.0	1.0	1.0	1.0	1.0	1.0	1.0	1.0	1.0	1.0	1.0	1.0	1.0	1.0	1.0	1.0	1.0	1.0	1.0	1.0	1.0	1.0	1.0	1.0	1.0	1.0
B1-B14b-B1x-B1bh-B1be-B1g-B6n	868873	1.0	1.0	0.4933152005439837	0.8778936631901043	1.0	0.8947431577052688	1.0	0	0.4933126671833204	0.9538613841584752	0.4933177338793142	1.0	0.5026349209523714	0.4933126671833204	0.8835929101772456	1.0	0.7576772696819095	0.4933126671833204	1.0	1.0	0.7631559211019725	0.4933101337973241	1.0	1.0	1.0	1.0	1.0	1.0	1.0	0.4933126671833204	1.0	0.4933126671833204	1.0	1.0	0.42047448813779653	0.43679534420951055	0.423725932333045	0.4197303094391696	0.4933126671833204	0.4933152005439837	0.9034333798317059	1.0	0.4933126671833204	0.42048028319008834	1.0	1.0	1.0	0.9788607398741044	1.0	1.0	1.0	0.4490420383184673	0.4933152005439837	0.4933126671833204	0.4933126671833204	0.3865276062577184	1.0	0.4284628614855406	0.4933177338793142	0.35398938031859045	0.4084507042253521	0.4028738850445982	0.4933177338793142	0.4933126671833204	0.4933152005439837	0.40287089951851685	0.49332026718931243	0.35255913483893225	0.6820611278605249	0.4508464746057618	0.4933152005439837	0.31643734250629973	0.4933152005439837	0.4306942326441839	0.4028738850445982	1.0
B1/B1do	868874	1.0	1.0	0.20418193727094094	0.6737148942765858	1.0	0.690564641530377	1.0	0.4933126671833204	0	0.7496837547436789	0.2602047959040819	1.0	0.5026274605880912	0.2041779582204178	0.8835911640883591	1.0	0.5534966975495368	0.4927250727492725	1.0	1.0	0.7631523684763153	0.20417397913010435	1.0	1.0	1.0	0.7958210208948955	1.0	1.0	1.0	0.2041779582204178	1.0	0.4850351496485035	1.0	1.0	0.2041779582204178	0.4474765757027289	0.44226673199804006	0.3885522289554209	0.2041779582204178	0.20418193727094094	0.6992560148797025	1.0	0.25036749632503674	0.20418591628167437	1.0	1.0	1.0	0.9788604227915442	1.0	1.0	0.7958230626540602	0.31509712257193573	0.20418193727094094	0.2041779582204178	0.2041779582204178	0.3740387788366349	1.0	0.2606484837879053	0.31609367812643746	0.39298910516342256	0.4529009419811604	0.372825679358016	0.21870562588748224	0.2041779582204178	0.20418193727094094	0.3962120757584848	0.3597560060998475	0.40249792506224813	0.6820563588728226	0.22802157967630485	0.35700964485532716	0.4019649508762281	0.20418193727094094	0.2073479265207348	0.35841603959901003	0.7958220417795822
B1do/B1ec-B5aj-B1	868875	1.0	1.0	0.9538609227815443	0.5124697506049879	1.0	0.5124697506049879	1.0	0.9538613841584752	0.7496837547436789	0	0.9538611534711632	1.0	0.9538609227815443	0.9538606920896187	0.9538606920896187	1.0	0.6725465490690187	0.9538606920896187	1.0	1.0	0.5798263026054609	0.953860461395386	1.0	1.0	1.0	0.5586044139558605	1.0	1.0	1.0	0.9538606920896187	1.0	0.9538606920896187	1.0	1.0	0.9538606920896187	0.9538616148434805	0.9538616148434805	0.9538611534711632	0.9538606920896187	0.9538609227815443	0.22989925251868704	1.0	0.9538606920896187	0.9538611534711632	1.0	1.0	1.0	0.9788605284867878	1.0	1.0	0.18207635847283055	0.9538613841584752	0.9538609227815443	0.9538606920896187	0.9538606920896187	0.9538616148434805	1.0	0.9538613841584752	0.9538611534711632	0.9538609227815443	0.9538611534711632	0.9538613841584752	0.9538611534711632	0.9538606920896187	0.9538609227815443	0.9538611534711632	0.9538613841584752	0.9538616148434805	0.9538611534711632	0.9538609227815443	0.9538609227815443	0.9538613841584752	0.9538609227815443	0.9538606920896187	0.9538613841584752	0.5318770218446723
B1-B1br-B1dr-B1by-B1bw-B1dq	868887	1.0	1.0	0.2602084947876303	0.8778930526736831	1.0	0.8947426314342142	1.0	0.4933177338793142	0.2602047959040819	0.9538611534711632	0	1.0	0.5026324341891453	0.15632687346253074	0.8835923281534369	1.0	0.7576760580985475	0.49273014539709203	1.0	1.0	0.7631547369052619	0.26020109698354527	1.0	1.0	1.0	1.0	1.0	1.0	1.0	0.2602047959040819	1.0	0.48504029919401614	1.0	1.0	0.2602047959040819	0.4474821007159714	0.4422723091076357	0.3885583432497025	0.2602047959040819	0.2602084947876303	0.9034328970130896	1.0	0.2602047959040819	0.26021219363419096	1.0	1.0	1.0	0.9788606341809746	1.0	1.0	1.0	0.2178773742918998	0.17852053698657533	0.20502589948201036	0.20502589948201036	0.37404503819847207	1.0	0.17836875709350172	0.2188734337969861	0.392995175120622	0.4529064128076158	0.37283195088171917	0.10535683929482116	0.2602047959040819	0.2602084947876303	0.3962181134565963	0.20143794967176148	0.40250389984400625	0.6820595382138536	0.1710507237319067	0.2597885052873678	0.4019709310174144	0.14191145221369467	0.2602047959040819	0.3584224552140675	1.0
B6e-B6o-B6p-B19i-B6	868895	0.6885993420197394	0.5619353322633708	1.0	1.0	1.0	1.0	1.0	1.0	1.0	1.0	1.0	0	1.0	1.0	1.0	1.0	1.0	1.0	1.0	1.0	1.0	1.0	1.0	1.0	1.0	1.0	1.0	0.6404435955640444	1.0	1.0	1.0	1.0	1.0	1.0	1.0	1.0	1.0	1.0	1.0	1.0	1.0	0.7382578522644321	1.0	1.0	1.0	1.0	1.0	1.0	1.0	1.0	1.0	1.0	1.0	1.0	1.0	1.0	1.0	1.0	1.0	1.0	1.0	1.0	1.0	1.0	1.0	1.0	1.0	1.0	1.0	1.0	1.0	1.0	1.0	1.0	1.0	1.0
B1/B1cg-B1fc	868903	1.0	1.0	0.5026299474010519	0.877892442151157	1.0	0.8947421051578969	1.0	0.5026349209523714	0.5026274605880912	0.9538609227815443	0.5026324341891453	1.0	0	0.5026274605880912	0.8835917461238082	1.0	0.7576748465030699	0.5026274605880912	1.0	1.0	0.7631535526967096	0.5026249737502625	1.0	1.0	1.0	1.0	1.0	1.0	1.0	0.5026274605880912	1.0	0.5026274605880912	1.0	1.0	0.5026274605880912	0.5026374076907308	0.5026374076907308	0.5026324341891453	0.5026274605880912	0.5026299474010519	0.9034324141896453	1.0	0.5026274605880912	0.5026324341891453	1.0	1.0	1.0	0.9788605284867878	1.0	1.0	1.0	0.5026349209523714	0.5026299474010519	0.5026274605880912	0.5026274605880912	0.5026374076907308	1.0	0.5026349209523714	0.5026324341891453	0.5026299474010519	0.5026324341891453	0.5026349209523714	0.5026324341891453	0.5026274605880912	0.5026299474010519	0.5026324341891453	0.5026349209523714	0.5026374076907308	0.17943051423714407	0.5026299474010519	0.5026299474010519	0.5026349209523714	0.5026299474010519	0.5026274605880912	0.5026349209523714	1.0
B1-B1br-B1dq	868908	1.0	1.0	0.1684924726129108	0.8778918316225257	1.0	0.8947415788763169	1.0	0.4933126671833204	0.2041779582204178	0.9538606920896187	0.15632687346253074	1.0	0.5026274605880912	0	0.8835911640883591	1.0	0.7576736348954766	0.4927250727492725	1.0	1.0	0.7631523684763153	0.1200243998780006	1.0	1.0	1.0	1.0	1.0	1.0	1.0	0.12002879971200288	1.0	0.4850351496485035	1.0	1.0	0.12002879971200288	0.4474765757027289	0.44226673199804006	0.3885522289554209	0.12002879971200288	0.12003319950200747	0.9034319313613728	1.0	0.25036749632503674	0.17990640187196255	1.0	1.0	1.0	0.9788604227915442	1.0	1.0	1.0	0.31509712257193573	0.16292255616165757	0.12002879971200288	0.12985870141298586	0.3740387788366349	1.0	0.2606484837879053	0.31609367812643746	0.39298910516342256	0.4529009419811604	0.372825679358016	0.11734765304693906	0.12002879971200288	0.12003319950200747	0.3962120757584848	0.2478888027799305	0.40249792506224813	0.6820563588728226	0.22802157967630485	0.35700964485532716	0.4019649508762281	0.061434078488822666	0.2073479265207348	0.35841603959901003	1.0
B10-B10a-B1	868909	1.0	1.0	0.8835917461238082	0.8835917461238082	1.0	0.8947415788763169	1.0	0.8835929101772456	0.8835911640883591	0.9538606920896187	0.8835923281534369	1.0	0.8835917461238082	0.8835911640883591	0	1.0	0.8835917461238082	0.8835911640883591	1.0	1.0	0.8835911640883591	0.8835905820470897	1.0	1.0	1.0	1.0	1.0	1.0	1.0	0.8835911640883591	1.0	0.8835911640883591	1.0	1.0	0.8835911640883591	0.8835934921952342	0.8835934921952342	0.8835923281534369	0.8835911640883591	0.8835917461238082	0.9034319313613728	1.0	0.8835911640883591	0.8835923281534369	1.0	1.0	1.0	0.9788604227915442	1.0	1.0	1.0	0.8835929101772456	0.8835917461238082	0.8835911640883591	0.8835911640883591	0.8835934921952342	1.0	0.8835929101772456	0.8835923281534369	0.8835917461238082	0.8835923281534369	0.8835929101772456	0.8835923281534369	0.8835911640883591	0.8835917461238082	0.8835923281534369	0.8835929101772456	0.8835934921952342	0.8835923281534369	0.8835917461238082	0.8835917461238082	0.8835929101772456	0.8835917461238082	0.8835911640883591	0.8835929101772456	1.0
B5-B1fx-B5ds	868911	1.0	1.0	1.0	1.0	0.12824179395515112	1.0	1.0	1.0	1.0	1.0	1.0	1.0	1.0	1.0	1.0	0	0.5236395272094558	1.0	0.32141017884731726	0.10840337394939076	1.0	1.0	0.1083989160108399	1.0	1.0	1.0	1.0	1.0	1.0	1.0	0.3856784296471106	0.5149672754908676	0.2693019209423717	0.2869478263043424	1.0	1.0	1.0	1.0	1.0	1.0	1.0	1.0	1.0	1.0	0.7164356712865743	0.6330755038674419	0.5852582948341033	0.6914577135571611	0.6998760024799504	0.6880462390752184	1.0	1.0	1.0	1.0	1.0	1.0	1.0	1.0	1.0	1.0	1.0	1.0	1.0	1.0	1.0	1.0	1.0	1.0	1.0	1.0	1.0	1.0	1.0	1.0	1.0	1.0
B5/B1-B1do	868917	1.0	1.0	0.7576748465030699	0.5965780684386313	0.5236419089522762	0.6134277314453711	1.0	0.7576772696819095	0.5534966975495368	0.6725465490690187	0.7576760580985475	1.0	0.7576748465030699	0.7576736348954766	0.8835917461238082	0.5236395272094558	0	0.7576736348954766	0.5236371454428184	0.5236371454428184	0.7631535526967096	0.7576724232757672	0.5236347636523635	1.0	1.0	0.7186828131718683	1.0	1.0	1.0	0.7576736348954766	0.5236442906712798	0.28131078033829493	0.5236442906712798	0.5236419089522762	0.7576736348954766	0.7576784812531562	0.7576784812531562	0.7576760580985475	0.7576736348954766	0.7576748465030699	0.6417489562760931	1.0	0.7576736348954766	0.7576760580985475	0.7164356712865743	0.6330755038674419	0.5852582948341033	0.6703182420439489	0.6998760024799504	0.6880462390752184	0.7186856262874742	0.7576772696819095	0.7576748465030699	0.7576736348954766	0.7576736348954766	0.7576784812531562	1.0	0.7576772696819095	0.7576760580985475	0.7576748465030699	0.7576760580985475	0.7576772696819095	0.7576760580985475	0.7576736348954766	0.7576748465030699	0.7576760580985475	0.7576772696819095	0.7576784812531562	0.7576760580985475	0.7576748465030699	0.7576748465030699	0.7576772696819095	0.7576748465030699	0.7576736348954766	0.7576772696819095	0.7186842197367039
B1/B19	868918	1.0	1.0	0.4927276090858637	0.8778918316225257	1.0	0.8947415788763169	1.0	0.4933126671833204	0.4927250727492725	0.9538606920896187	0.49273014539709203	1.0	0.5026274605880912	0.4927250727492725	0.8835911640883591	1.0	0.7576736348954766	0	1.0	1.0	0.7631523684763153	0.49272253638731806	1.0	0.5072724636376819	1.0	1.0	1.0	1.0	1.0	0.4927250727492725	1.0	0.4927250727492725	1.0	1.0	0.4927250727492725	0.4927352179434617	0.4927352179434617	0.49273014539709203	0.4927250727492725	0.4927276090858637	0.9034319313613728	1.0	0.4927250727492725	0.49273014539709203	1.0	1.0	1.0	0.7356752864942702	1.0	1.0	1.0	0.4927326816829579	0.4927276090858637	0.4927250727492725	0.4927250727492725	0.4927352179434617	1.0	0.4927326816829579	0.49273014539709203	0.4927276090858637	0.49273014539709203	0.4927326816829579	0.49273014539709203	0.4927250727492725	0.4927276090858637	0.49273014539709203	0.4927326816829579	0.4927352179434617	0.6820563588728226	0.4927276090858637	0.4927276090858637	0.4927326816829579	0.4927276090858637	0.4927250727492725	0.4927326816829579	1.0
B5/B5p	868925	1.0	1.0	1.0	1.0	0.32141357172856544	1.0	1.0	1.0	1.0	1.0	1.0	1.0	1.0	1.0	1.0	0.32141017884731726	0.5236371454428184	1.0	0	0.32140678593214067	1.0	1.0	0.3214033929830351	1.0	1.0	1.0	1.0	1.0	1.0	1.0	0.3856753581160471	0.5149648503514965	0.3214169645758856	0.32141357172856544	1.0	1.0	1.0	1.0	1.0	1.0	1.0	1.0	1.0	1.0	0.46448803267950983	0.3789562104378956	0.28852067218991717	0.5458690826183477	0.46554801677974833	0.3666395004074939	1.0	1.0	1.0	1.0	1.0	1.0	1.0	1.0	1.0	1.0	1.0	1.0	1.0	1.0	1.0	1.0	1.0	1.0	1.0	1.0	1.0	1.0	1.0	1.0	1.0	1.0
B5-B5dr	868929	1.0	1.0	1.0	1.0	0.17052658946821064	1.0	1.0	1.0	1.0	1.0	1.0	1.0	1.0	1.0	1.0	0.10840337394939076	0.5236371454428184	1.0	0.32140678593214067	0	1.0	1.0	0.06321468392658036	1.0	1.0	1.0	1.0	1.0	1.0	1.0	0.3856753581160471	0.5149648503514965	0.26929826754331143	0.2869442611147777	1.0	1.0	1.0	1.0	1.0	1.0	1.0	1.0	1.0	1.0	0.7164342534861977	0.6330736692633073	0.5852562211566826	0.6914561708765825	0.6998745018824718	0.6880446793298101	1.0	1.0	1.0	1.0	1.0	1.0	1.0	1.0	1.0	1.0	1.0	1.0	1.0	1.0	1.0	1.0	1.0	1.0	1.0	1.0	1.0	1.0	1.0	1.0	1.0	1.0
B1ec-B1	868930	1.0	1.0	0.7631535526967096	0.8778918316225257	1.0	0.8947415788763169	1.0	0.7631559211019725	0.7631523684763153	0.5798263026054609	0.7631547369052619	1.0	0.7631535526967096	0.7631523684763153	0.8835911640883591	1.0	0.7631535526967096	0.7631523684763153	1.0	1.0	0	0.7631511842440788	1.0	1.0	1.0	1.0	1.0	1.0	1.0	0.7631523684763153	1.0	0.7631523684763153	1.0	1.0	0.7631523684763153	0.7631571052868414	0.7631571052868414	0.7631547369052619	0.7631523684763153	0.7631535526967096	0.5795884082318353	1.0	0.7631523684763153	0.7631547369052619	1.0	1.0	1.0	0.9788604227915442	1.0	1.0	0.6903646445303321	0.7631559211019725	0.7631535526967096	0.7631523684763153	0.7631523684763153	0.7631571052868414	1.0	0.7631559211019725	0.7631547369052619	0.7631535526967096	0.7631547369052619	0.7631559211019725	0.7631547369052619	0.7631523684763153	0.7631535526967096	0.7631547369052619	0.7631559211019725	0.7631571052868414	0.7631547369052619	0.7631535526967096	0.7631535526967096	0.7631559211019725	0.7631535526967096	0.7631523684763153	0.7631559211019725	1.0
B1	868931	1.0	1.0	0.16848831511684884	0.8778912210877892	1.0	0.8947410525894741	1.0	0.4933101337973241	0.20417397913010435	0.953860461395386	0.26020109698354527	1.0	0.5026249737502625	0.1200243998780006	0.8835905820470897	1.0	0.7576724232757672	0.49272253638731806	1.0	1.0	0.7631511842440788	0	1.0	1.0	1.0	1.0	1.0	1.0	1.0	0.03807480962595187	1.0	0.4850325748371258	1.0	1.0	0.07586462067689662	0.4474738131546711	0.44226394340141495	0.38854917176242354	0.04449477752611237	0.07853921460785392	0.9034314485282721	1.0	0.2503637481812591	0.17990230146547803	1.0	1.0	1.0	0.9788603170952436	1.0	1.0	1.0	0.3150936981260375	0.16291837081629185	0.09282453587732062	0.12985435072824636	0.3740356491087723	1.0	0.2606447871042579	0.3160902586461203	0.3929860701392986	0.4528982065269021	0.372822543549129	0.21870171947420788	0.057244713776431116	0.07750922490775092	0.39620905686414704	0.3597528049439011	0.40249493762655936	0.6820547691784623	0.22801771982280178	0.35700642993570064	0.4019619607607848	0.14458855411445887	0.2073439632801836	0.35841283174336513	1.0
B5	868935	1.0	1.0	1.0	1.0	0.23374149387759183	1.0	1.0	1.0	1.0	1.0	1.0	1.0	1.0	1.0	1.0	0.1083989160108399	0.5236347636523635	1.0	0.3214033929830351	0.06321468392658036	1.0	1.0	0	1.0	1.0	1.0	1.0	1.0	1.0	1.0	0.38567228655426894	0.514962425187874	0.2692946141077178	0.28694069588956167	1.0	1.0	1.0	1.0	1.0	1.0	1.0	1.0	1.0	1.0	0.7164328356716433	0.6330718346408268	0.5852541474585254	0.6914546281805773	0.6998730012699873	0.6880431195688043	1.0	1.0	1.0	1.0	1.0	1.0	1.0	1.0	1.0	1.0	1.0	1.0	1.0	1.0	1.0	1.0	1.0	1.0	1.0	1.0	1.0	1.0	1.0	1.0	1.0	1.0
B19	868943	1.0	1.0	1.0	1.0	1.0	1.0	1.0	1.0	1.0	1.0	1.0	1.0	1.0	1.0	1.0	1.0	1.0	0.5072724636376819	1.0	1.0	1.0	1.0	1.0	0	1.0	1.0	1.0	1.0	1.0	1.0	1.0	1.0	1.0	1.0	1.0	1.0	1.0	1.0	1.0	1.0	1.0	1.0	1.0	1.0	1.0	1.0	1.0	0.756813647795283	1.0	1.0	1.0	1.0	1.0	1.0	1.0	1.0	1.0	1.0	1.0	1.0	1.0	1.0	1.0	1.0	1.0	1.0	1.0	1.0	1.0	1.0	1.0	1.0	1.0	1.0	1.0	1.0
B2a	868961	1.0	1.0	1.0	1.0	1.0	1.0	1.0	1.0	1.0	1.0	1.0	1.0	1.0	1.0	1.0	1.0	1.0	1.0	1.0	1.0	1.0	1.0	1.0	1.0	0	1.0	1.0	1.0	1.0	1.0	1.0	1.0	1.0	1.0	1.0	1.0	1.0	1.0	1.0	1.0	1.0	1.0	1.0	1.0	1.0	1.0	1.0	1.0	1.0	1.0	1.0	1.0	1.0	1.0	1.0	1.0	1.0	1.0	1.0	1.0	1.0	1.0	1.0	1.0	1.0	1.0	1.0	1.0	1.0	1.0	1.0	1.0	1.0	1.0	1.0	1.0
B1do	868971	1.0	1.0	1.0	0.25358746412535876	1.0	0.24656753432465675	1.0	1.0	0.7958210208948955	0.5586044139558605	1.0	1.0	1.0	1.0	1.0	1.0	0.7186828131718683	1.0	1.0	1.0	1.0	1.0	1.0	1.0	1.0	0	1.0	1.0	1.0	1.0	1.0	1.0	1.0	1.0	1.0	1.0	1.0	1.0	1.0	1.0	0.7383139252911206	1.0	1.0	1.0	1.0	1.0	1.0	1.0	1.0	1.0	0.6301436985630143	1.0	1.0	1.0	1.0	1.0	1.0	1.0	1.0	1.0	1.0	1.0	1.0	1.0	1.0	1.0	1.0	1.0	1.0	1.0	1.0	1.0	1.0	1.0	1.0	0.6703116484417578
B19au	868993	1.0	1.0	1.0	1.0	1.0	1.0	1.0	1.0	1.0	1.0	1.0	1.0	1.0	1.0	1.0	1.0	1.0	1.0	1.0	1.0	1.0	1.0	1.0	1.0	1.0	1.0	0	1.0	1.0	1.0	1.0	1.0	1.0	1.0	1.0	1.0	1.0	1.0	1.0	1.0	1.0	1.0	1.0	1.0	1.0	1.0	1.0	1.0	1.0	1.0	1.0	1.0	1.0	1.0	1.0	1.0	1.0	1.0	1.0	1.0	1.0	1.0	1.0	1.0	1.0	1.0	1.0	1.0	1.0	1.0	1.0	1.0	1.0	1.0	1.0	1.0
B6e	869002	0.9503409931801364	0.8018249543761405	1.0	1.0	1.0	1.0	1.0	1.0	1.0	1.0	1.0	0.6404435955640444	1.0	1.0	1.0	1.0	1.0	1.0	1.0	1.0	1.0	1.0	1.0	1.0	1.0	1.0	1.0	0	1.0	1.0	1.0	1.0	1.0	1.0	1.0	1.0	1.0	1.0	1.0	1.0	1.0	1.0	1.0	1.0	1.0	1.0	1.0	1.0	1.0	1.0	1.0	1.0	1.0	1.0	1.0	1.0	1.0	1.0	1.0	1.0	1.0	1.0	1.0	1.0	1.0	1.0	1.0	1.0	1.0	1.0	1.0	1.0	1.0	1.0	1.0	1.0
B7	869003	1.0	1.0	1.0	1.0	1.0	1.0	0.08896455517722411	1.0	1.0	1.0	1.0	1.0	1.0	1.0	1.0	1.0	1.0	1.0	1.0	1.0	1.0	1.0	1.0	1.0	1.0	1.0	1.0	1.0	0	1.0	1.0	1.0	1.0	1.0	1.0	1.0	1.0	1.0	1.0	1.0	1.0	1.0	1.0	1.0	1.0	1.0	1.0	1.0	1.0	1.0	1.0	1.0	1.0	1.0	1.0	1.0	1.0	1.0	1.0	1.0	1.0	1.0	1.0	1.0	1.0	1.0	1.0	1.0	1.0	1.0	1.0	1.0	1.0	1.0	1.0	1.0
B1-B1a	868603	1.0	1.0	0.1684924726129108	0.8778918316225257	1.0	0.8947415788763169	1.0	0.4933126671833204	0.2041779582204178	0.9538606920896187	0.2602047959040819	1.0	0.5026274605880912	0.12002879971200288	0.8835911640883591	1.0	0.7576736348954766	0.4927250727492725	1.0	1.0	0.7631523684763153	0.03807480962595187	1.0	1.0	1.0	1.0	1.0	1.0	1.0	0	1.0	0.4850351496485035	1.0	1.0	0.07586924130758692	0.4474765757027289	0.44226673199804006	0.3885522289554209	0.04449955500444996	0.07854382184267236	0.9034319313613728	1.0	0.25036749632503674	0.17990640187196255	1.0	1.0	1.0	0.9788604227915442	1.0	1.0	1.0	0.31509712257193573	0.16292255616165757	0.09282907170928291	0.12985870141298586	0.3740387788366349	1.0	0.2606484837879053	0.31609367812643746	0.39298910516342256	0.4529009419811604	0.372825679358016	0.21870562588748224	0.05724942750572494	0.07751383729244062	0.3962120757584848	0.3597560060998475	0.40249792506224813	0.6820563588728226	0.22802157967630485	0.35700964485532716	0.4019649508762281	0.14459283110753338	0.2073479265207348	0.35841603959901003	1.0
B5-B5b-B5a-B5d-B5c-B5f-B5g-B5l-B5e	868607	1.0	1.0	1.0	1.0	0.38568150114745986	1.0	1.0	1.0	1.0	1.0	1.0	1.0	1.0	1.0	1.0	0.3856784296471106	0.5236442906712798	1.0	0.3856753581160471	0.3856753581160471	1.0	1.0	0.38567228655426894	1.0	1.0	1.0	1.0	1.0	1.0	1.0	0	0.5149721256968576	0.2001519939202432	0.21104761333353333	1.0	1.0	1.0	1.0	1.0	1.0	1.0	1.0	1.0	1.0	0.6554603361899143	0.572100697482563	0.5852624421267362	0.6304829330973416	0.6389008329750108	0.6270711878643641	1.0	1.0	1.0	1.0	1.0	1.0	1.0	1.0	1.0	1.0	1.0	1.0	1.0	1.0	1.0	1.0	1.0	1.0	1.0	1.0	1.0	1.0	1.0	1.0	1.0	1.0
B1/B5	868614	1.0	1.0	0.4850377244341335	0.8778918316225257	0.5149697006059879	0.8947415788763169	1.0	0.4933126671833204	0.4850351496485035	0.9538606920896187	0.48504029919401614	1.0	0.5026274605880912	0.4850351496485035	0.8835911640883591	0.5149672754908676	0.28131078033829493	0.4927250727492725	0.5149648503514965	0.5149648503514965	0.7631523684763153	0.4850325748371258	0.514962425187874	1.0	1.0	1.0	1.0	1.0	1.0	0.4850351496485035	0.5149721256968576	0	0.5149721256968576	0.5149697006059879	0.4850351496485035	0.4850454486365409	0.4850454486365409	0.48504029919401614	0.4850351496485035	0.4850377244341335	0.9034319313613728	1.0	0.4850351496485035	0.48504029919401614	0.7164342534861977	0.6330736692633073	0.5852562211566826	0.6703165936681267	0.6998745018824718	0.6880446793298101	1.0	0.4850428739281518	0.4850377244341335	0.4850351496485035	0.4850351496485035	0.4850454486365409	1.0	0.4850428739281518	0.48504029919401614	0.4850377244341335	0.48504029919401614	0.4850428739281518	0.48504029919401614	0.4850351496485035	0.4850377244341335	0.48504029919401614	0.4850428739281518	0.4850454486365409	0.6820563588728226	0.4850377244341335	0.4850377244341335	0.4850428739281518	0.4850377244341335	0.4850351496485035	0.4850428739281518	1.0
B5-B5c-B5a-B5e-B5h-B5b	868619	1.0	1.0	1.0	1.0	0.2693055743048993	1.0	1.0	1.0	1.0	1.0	1.0	1.0	1.0	1.0	1.0	0.2693019209423717	0.5236442906712798	1.0	0.3214169645758856	0.26929826754331143	1.0	1.0	0.2692946141077178	1.0	1.0	1.0	1.0	1.0	1.0	1.0	0.2001519939202432	0.5149721256968576	0	0.13452029178978736	1.0	1.0	1.0	1.0	1.0	1.0	1.0	1.0	1.0	1.0	0.6593502194934152	0.5759906002349942	0.5852624421267362	0.6343727969521067	0.6427907162785117	0.6309610711678649	1.0	1.0	1.0	1.0	1.0	1.0	1.0	1.0	1.0	1.0	1.0	1.0	1.0	1.0	1.0	1.0	1.0	1.0	1.0	1.0	1.0	1.0	1.0	1.0	1.0	1.0
B5-B5e-B5g-B5a-B5c	868621	1.0	1.0	1.0	1.0	0.28695139145825627	1.0	1.0	1.0	1.0	1.0	1.0	1.0	1.0	1.0	1.0	0.2869478263043424	0.5236419089522762	1.0	0.32141357172856544	0.2869442611147777	1.0	1.0	0.28694069588956167	1.0	1.0	1.0	1.0	1.0	1.0	1.0	0.21104761333353333	0.5149697006059879	0.13452029178978736	0	1.0	1.0	1.0	1.0	1.0	1.0	1.0	1.0	1.0	1.0	0.6633684157896053	0.5800083998320034	0.5852603684907878	0.6383908482745517	0.6468088297792555	0.634979125521862	1.0	1.0	1.0	1.0	1.0	1.0	1.0	1.0	1.0	1.0	1.0	1.0	1.0	1.0	1.0	1.0	1.0	1.0	1.0	1.0	1.0	1.0	1.0	1.0	1.0	1.0
B1-B1g	868625	1.0	1.0	0.1684924726129108	0.8778918316225257	1.0	0.8947415788763169	1.0	0.42047448813779653	0.2041779582204178	0.9538606920896187	0.2602047959040819	1.0	0.5026274605880912	0.12002879971200288	0.8835911640883591	1.0	0.7576736348954766	0.4927250727492725	1.0	1.0	0.7631523684763153	0.07586462067689662	1.0	1.0	1.0	1.0	1.0	1.0	1.0	0.07586924130758692	1.0	0.4850351496485035	1.0	1.0	0	0.4474765757027289	0.44226673199804006	0.3885522289554209	0.07586924130758692	0.07854382184267236	0.9034319313613728	1.0	0.25036749632503674	0.10403791924161516	1.0	1.0	1.0	0.9788604227915442	1.0	1.0	1.0	0.31509712257193573	0.16292255616165757	0.09282907170928291	0.12985870141298586	0.3740387788366349	1.0	0.2606484837879053	0.31609367812643746	0.39298910516342256	0.4529009419811604	0.372825679358016	0.21870562588748224	0.07586924130758692	0.07751383729244062	0.3962120757584848	0.3597560060998475	0.40249792506224813	0.6820563588728226	0.22802157967630485	0.35700964485532716	0.4019649508762281	0.14459283110753338	0.2073479265207348	0.35841603959901003	1.0
B1-B14e-B1ai-B1ao-B1x-B1am-B14c-B1j	868645	1.0	1.0	0.4474793382231622	0.8778942737004205	1.0	0.894743683971061	1.0	0.43679534420951055	0.4474765757027289	0.9538616148434805	0.4474821007159714	1.0	0.5026374076907308	0.4474765757027289	0.8835934921952342	1.0	0.7576784812531562	0.4927352179434617	1.0	1.0	0.7631571052868414	0.4474738131546711	1.0	1.0	1.0	1.0	1.0	1.0	1.0	0.4474765757027289	1.0	0.4850454486365409	1.0	1.0	0.4474765757027289	0	0.057607119644017796	0.09313627454901804	0.4474765757027289	0.4474793382231622	0.9034338626454942	1.0	0.4474765757027289	0.4474821007159714	1.0	1.0	1.0	0.9788608455661774	1.0	1.0	1.0	0.4032068556914939	0.4474793382231622	0.4474765757027289	0.4474765757027289	0.13716314184290784	1.0	0.39095740691668873	0.4474821007159714	0.34133305334313296	0.07205711771529139	0.3014014369353379	0.4474821007159714	0.4474765757027289	0.4474793382231622	0.3424063037478501	0.4474848631811568	0.30900454977251135	0.6820627174913003	0.40501082462113824	0.4474793382231622	0.34540945657445415	0.4474793382231622	0.39094827155185347	0.13771880265388056	1.0
B1/B14e-B1x-B1ai-B1ao-B14c-B1j-B1am-B1an	868646	1.0	1.0	0.44226952056678015	0.8778942737004205	1.0	0.894743683971061	1.0	0.423725932333045	0.44226673199804006	0.9538616148434805	0.4422723091076357	1.0	0.5026374076907308	0.44226673199804006	0.8835934921952342	1.0	0.7576784812531562	0.4927352179434617	1.0	1.0	0.7631571052868414	0.44226394340141495	1.0	1.0	1.0	1.0	1.0	1.0	1.0	0.44226673199804006	1.0	0.4850454486365409	1.0	1.0	0.44226673199804006	0.057607119644017796	0	0.09294628214871405	0.44226673199804006	0.44226952056678015	0.9034338626454942	1.0	0.44226673199804006	0.4422723091076357	1.0	1.0	1.0	0.9788608455661774	1.0	1.0	1.0	0.3979970901309441	0.44226952056678015	0.44226673199804006	0.44226673199804006	0.1296035198240088	1.0	0.3774180161892715	0.4422723091076357	0.3230536931207408	0.08828646854125835	0.2831222594983226	0.4422723091076357	0.44226673199804006	0.44226952056678015	0.32412703491860323	0.44227509762060707	0.29410529473526326	0.6820627174913003	0.39980100696475623	0.44226952056678015	0.3271302791374388	0.44226952056678015	0.37964861054168375	0.14783834727437264	1.0
B1-B14e-B1x-B1ai-B1ao-B1am-B1j	868649	1.0	1.0	0.38855528611784707	0.8778930526736831	1.0	0.8947426314342142	1.0	0.4197303094391696	0.3885522289554209	0.9538611534711632	0.3885583432497025	1.0	0.5026324341891453	0.3885522289554209	0.8835923281534369	1.0	0.7576760580985475	0.49273014539709203	1.0	1.0	0.7631547369052619	0.38854917176242354	1.0	1.0	1.0	1.0	1.0	1.0	1.0	0.3885522289554209	1.0	0.48504029919401614	1.0	1.0	0.3885522289554209	0.09313627454901804	0.09294628214871405	0	0.3885522289554209	0.38855528611784707	0.9034328970130896	1.0	0.3885522289554209	0.3885583432497025	1.0	1.0	1.0	0.9788606341809746	1.0	1.0	1.0	0.3442829500967466	0.38855528611784707	0.3885522289554209	0.3885522289554209	0.059957601695932165	1.0	0.323703670371537	0.3885583432497025	0.26978825529361766	0.09313720588382349	0.22541711040113596	0.3885583432497025	0.3885522289554209	0.38855528611784707	0.2740817775466736	0.38856140035098774	0.25432982680692773	0.6820595382138536	0.346086347841304	0.38855528611784707	0.282835100771473	0.38855528611784707	0.3259334813303734	0.0811721589744359	1.0
B1-B5cc	868655	1.0	1.0	0.1684924726129108	0.8778918316225257	1.0	0.8947415788763169	1.0	0.4933126671833204	0.2041779582204178	0.9538606920896187	0.2602047959040819	1.0	0.5026274605880912	0.12002879971200288	0.8835911640883591	1.0	0.7576736348954766	0.4927250727492725	1.0	1.0	0.7631523684763153	0.04449477752611237	1.0	1.0	1.0	1.0	1.0	1.0	1.0	0.04449955500444996	1.0	0.4850351496485035	1.0	1.0	0.07586924130758692	0.4474765757027289	0.44226673199804006	0.3885522289554209	0	0.07854382184267236	0.9034319313613728	1.0	0.25036749632503674	0.17990640187196255	1.0	1.0	1.0	0.9788604227915442	1.0	1.0	1.0	0.31509712257193573	0.16292255616165757	0.09282907170928291	0.12985870141298586	0.3740387788366349	1.0	0.2606484837879053	0.31609367812643746	0.39298910516342256	0.4529009419811604	0.372825679358016	0.21870562588748224	0.05724942750572494	0.07751383729244062	0.3962120757584848	0.3597560060998475	0.40249792506224813	0.6820563588728226	0.22802157967630485	0.35700964485532716	0.4019649508762281	0.14459283110753338	0.2073479265207348	0.35841603959901003	1.0
B1-B1dl-B1r	868658	1.0	1.0	0.16849663006739865	0.877892442151157	1.0	0.8947421051578969	1.0	0.4933152005439837	0.20418193727094094	0.9538609227815443	0.2602084947876303	1.0	0.5026299474010519	0.12003319950200747	0.8835917461238082	1.0	0.7576748465030699	0.4927276090858637	1.0	1.0	0.7631535526967096	0.07853921460785392	1.0	1.0	1.0	1.0	1.0	1.0	1.0	0.07854382184267236	1.0	0.4850377244341335	1.0	1.0	0.07854382184267236	0.4474793382231622	0.44226952056678015	0.38855528611784707	0.07854382184267236	0	0.9034324141896453	1.0	0.2503712444313335	0.17991050223744406	1.0	1.0	1.0	0.9788605284867878	1.0	1.0	1.0	0.31510054698359047	0.1629267414651707	0.09283360749588757	0.1298630520542192	0.37404190853320135	1.0	0.260652180434587	0.31609709757256066	0.39299214015719686	0.4529036774080648	0.37282881513554594	0.21870953226169346	0.07854382184267236	0.03914921701565969	0.39621509462263443	0.3597592072237833	0.40250091246806363	0.6820579485512862	0.22802543949121018	0.35701285974280517	0.40196794096177113	0.14459710805783885	0.20735188972165416	0.3584192474225773	1.0
B1ec/B1do/B5aj-B1-B5db	868659	1.0	1.0	0.9034324141896453	0.6417489562760931	1.0	0.6417489562760931	1.0	0.9034333798317059	0.6992560148797025	0.22989925251868704	0.9034328970130896	1.0	0.9034324141896453	0.9034319313613728	0.9034319313613728	1.0	0.6417489562760931	0.9034319313613728	1.0	1.0	0.5795884082318353	0.9034314485282721	1.0	1.0	1.0	0.7383139252911206	1.0	1.0	1.0	0.9034319313613728	1.0	0.9034319313613728	1.0	1.0	0.9034319313613728	0.9034338626454942	0.9034338626454942	0.9034328970130896	0.9034319313613728	0.9034324141896453	0	1.0	0.9034319313613728	0.9034328970130896	1.0	1.0	1.0	0.9788606341809746	1.0	1.0	0.16819079523011923	0.9034333798317059	0.9034324141896453	0.9034319313613728	0.9034319313613728	0.9034338626454942	1.0	0.9034333798317059	0.9034328970130896	0.9034324141896453	0.9034328970130896	0.9034333798317059	0.9034328970130896	0.9034319313613728	0.9034324141896453	0.9034328970130896	0.9034333798317059	0.9034338626454942	0.9034328970130896	0.9034324141896453	0.9034324141896453	0.9034333798317059	0.9034324141896453	0.9034319313613728	0.9034333798317059	0.48956020879582407
B19i/B6g-B6-B6a-B6i-B6b-B19af-B6h-B19as-B6c	868661	0.36913523459061637	0.5012724427400767	1.0	1.0	1.0	1.0	1.0	1.0	1.0	1.0	1.0	0.7382578522644321	1.0	1.0	1.0	1.0	1.0	1.0	1.0	1.0	1.0	1.0	1.0	1.0	1.0	1.0	1.0	1.0	1.0	1.0	1.0	1.0	1.0	1.0	1.0	1.0	1.0	1.0	1.0	1.0	1.0	0	1.0	1.0	1.0	1.0	1.0	1.0	1.0	1.0	1.0	1.0	1.0	1.0	1.0	1.0	1.0	1.0	1.0	1.0	1.0	1.0	1.0	1.0	1.0	1.0	1.0	1.0	1.0	1.0	1.0	1.0	1.0	1.0	1.0	1.0
B1/B1au	868675	1.0	1.0	0.2503712444313335	0.8778918316225257	1.0	0.8947415788763169	1.0	0.4933126671833204	0.25036749632503674	0.9538606920896187	0.2602047959040819	1.0	0.5026274605880912	0.25036749632503674	0.8835911640883591	1.0	0.7576736348954766	0.4927250727492725	1.0	1.0	0.7631523684763153	0.2503637481812591	1.0	1.0	1.0	1.0	1.0	1.0	1.0	0.25036749632503674	1.0	0.4850351496485035	1.0	1.0	0.25036749632503674	0.4474765757027289	0.44226673199804006	0.3885522289554209	0.25036749632503674	0.2503712444313335	0.9034319313613728	1.0	0	0.25037499250015	1.0	1.0	1.0	0.9788604227915442	1.0	1.0	1.0	0.2742281442963926	0.2503712444313335	0.25036749632503674	0.25036749632503674	0.3740387788366349	1.0	0.2606484837879053	0.2577448451030979	0.39298910516342256	0.4529009419811604	0.372825679358016	0.25037499250015	0.25036749632503674	0.2503712444313335	0.3962120757584848	0.3597560060998475	0.40249792506224813	0.6820563588728226	0.2503712444313335	0.27029094563581546	0.4019649508762281	0.2503712444313335	0.25036749632503674	0.35841603959901003	1.0
B1-B1g-B1s-B1bz	868686	1.0	1.0	0.17991050223744406	0.8778930526736831	1.0	0.8947426314342142	1.0	0.42048028319008834	0.20418591628167437	0.9538611534711632	0.26021219363419096	1.0	0.5026324341891453	0.17990640187196255	0.8835923281534369	1.0	0.7576760580985475	0.49273014539709203	1.0	1.0	0.7631547369052619	0.17990230146547803	1.0	1.0	1.0	1.0	1.0	1.0	1.0	0.17990640187196255	1.0	0.48504029919401614	1.0	1.0	0.10403791924161516	0.4474821007159714	0.4422723091076357	0.3885583432497025	0.17990640187196255	0.17991050223744406	0.9034328970130896	1.0	0.25037499250015	0	1.0	1.0	1.0	0.9788606341809746	1.0	1.0	1.0	0.3151039713610024	0.17991050223744406	0.17990640187196255	0.17990640187196255	0.37404503819847207	1.0	0.26065587704430343	0.3161005169844905	0.392995175120622	0.4529064128076158	0.37283195088171917	0.21871343859684209	0.17990640187196255	0.17991050223744406	0.3962181134565963	0.35976240831570894	0.40250389984400625	0.6820595382138536	0.2280292992675183	0.35701607459813506	0.4019709310174144	0.17991050223744406	0.20735585288294234	0.3584224552140675	1.0
B5a/B5/B5p/B5ae-B5m	868691	1.0	1.0	1.0	1.0	0.7164370890727731	1.0	1.0	1.0	1.0	1.0	1.0	1.0	1.0	1.0	1.0	0.7164356712865743	0.7164356712865743	1.0	0.46448803267950983	0.7164342534861977	1.0	1.0	0.7164328356716433	1.0	1.0	1.0	1.0	1.0	1.0	1.0	0.6554603361899143	0.7164342534861977	0.6593502194934152	0.6633684157896053	1.0	1.0	1.0	1.0	1.0	1.0	1.0	1.0	1.0	1.0	0	0.08644370334444983	0.4644907101857963	0.5075923101922452	0.08935821283574329	0.24125517489650208	1.0	1.0	1.0	1.0	1.0	1.0	1.0	1.0	1.0	1.0	1.0	1.0	1.0	1.0	1.0	1.0	1.0	1.0	1.0	1.0	1.0	1.0	1.0	1.0	1.0	1.0
B5/B5a/B5p-B5m	868701	1.0	1.0	1.0	1.0	0.6330773384532309	1.0	1.0	1.0	1.0	1.0	1.0	1.0	1.0	1.0	1.0	0.6330755038674419	0.6330755038674419	1.0	0.3789562104378956	0.6330736692633073	1.0	1.0	0.6330718346408268	1.0	1.0	1.0	1.0	1.0	1.0	1.0	0.572100697482563	0.6330736692633073	0.5759906002349942	0.5800083998320034	1.0	1.0	1.0	1.0	1.0	1.0	1.0	1.0	1.0	1.0	0.08644370334444983	0	0.37895931561026586	0.4826103477930441	0.14582281265781014	0.21069183962240567	1.0	1.0	1.0	1.0	1.0	1.0	1.0	1.0	1.0	1.0	1.0	1.0	1.0	1.0	1.0	1.0	1.0	1.0	1.0	1.0	1.0	1.0	1.0	1.0	1.0	1.0
B5-B5p-B5bn-B5bk-B5bq	868705	1.0	1.0	1.0	1.0	0.5852603684907878	1.0	1.0	1.0	1.0	1.0	1.0	1.0	1.0	1.0	1.0	0.5852582948341033	0.5852582948341033	1.0	0.28852067218991717	0.5852562211566826	1.0	1.0	0.5852541474585254	1.0	1.0	1.0	1.0	1.0	1.0	1.0	0.5852624421267362	0.5852562211566826	0.5852624421267362	0.5852603684907878	1.0	1.0	1.0	1.0	1.0	1.0	1.0	1.0	1.0	1.0	0.4644907101857963	0.37895931561026586	0	0.3909252268693283	0.46555068898622026	0.31643367132657346	1.0	1.0	1.0	1.0	1.0	1.0	1.0	1.0	1.0	1.0	1.0	1.0	1.0	1.0	1.0	1.0	1.0	1.0	1.0	1.0	1.0	1.0	1.0	1.0	1.0	1.0
B5/B19-B5p-B5bn-B5bk-B19ac-B5a-B1	868706	1.0	1.0	0.9788605284867878	0.9788605284867878	0.6914592562223133	0.9788605284867878	1.0	0.9788607398741044	0.9788604227915442	0.9788605284867878	0.9788606341809746	1.0	0.9788605284867878	0.9788604227915442	0.9788604227915442	0.6914577135571611	0.6703182420439489	0.7356752864942702	0.5458690826183477	0.6914561708765825	0.9788604227915442	0.9788603170952436	0.6914546281805773	0.756813647795283	1.0	1.0	1.0	1.0	1.0	0.9788604227915442	0.6304829330973416	0.6703165936681267	0.6343727969521067	0.6383908482745517	0.9788604227915442	0.9788608455661774	0.9788608455661774	0.9788606341809746	0.9788604227915442	0.9788605284867878	0.9788606341809746	1.0	0.9788604227915442	0.9788606341809746	0.5075923101922452	0.4826103477930441	0.3909252268693283	0	0.4910327241818955	0.4175645608859779	1.0	0.9788607398741044	0.9788605284867878	0.9788604227915442	0.9788604227915442	0.9788608455661774	1.0	0.9788607398741044	0.9788606341809746	0.9788605284867878	0.9788606341809746	0.9788607398741044	0.9788606341809746	0.9788604227915442	0.9788605284867878	0.9788606341809746	0.9788607398741044	0.9788608455661774	0.9788606341809746	0.9788605284867878	0.9788605284867878	0.9788607398741044	0.9788605284867878	0.9788604227915442	0.9788607398741044	1.0
B5/B5p/B5a/B5ae-B5m-B5bu	868713	1.0	1.0	1.0	1.0	0.6998775030624235	1.0	1.0	1.0	1.0	1.0	1.0	1.0	1.0	1.0	1.0	0.6998760024799504	0.6998760024799504	1.0	0.46554801677974833	0.6998745018824718	1.0	1.0	0.6998730012699873	1.0	1.0	1.0	1.0	1.0	1.0	1.0	0.6389008329750108	0.6998745018824718	0.6427907162785117	0.6468088297792555	1.0	1.0	1.0	1.0	1.0	1.0	1.0	1.0	1.0	1.0	0.08935821283574329	0.14582281265781014	0.46555068898622026	0.4910327241818955	0	0.24231515369692605	1.0	1.0	1.0	1.0	1.0	1.0	1.0	1.0	1.0	1.0	1.0	1.0	1.0	1.0	1.0	1.0	1.0	1.0	1.0	1.0	1.0	1.0	1.0	1.0	1.0	1.0
B5p/B5/B5cb-B5a-B5bk	868717	1.0	1.0	1.0	1.0	0.6880477988050299	1.0	1.0	1.0	1.0	1.0	1.0	1.0	1.0	1.0	1.0	0.6880462390752184	0.6880462390752184	1.0	0.3666395004074939	0.6880446793298101	1.0	1.0	0.6880431195688043	1.0	1.0	1.0	1.0	1.0	1.0	1.0	0.6270711878643641	0.6880446793298101	0.6309610711678649	0.634979125521862	1.0	1.0	1.0	1.0	1.0	1.0	1.0	1.0	1.0	1.0	0.24125517489650208	0.21069183962240567	0.31643367132657346	0.4175645608859779	0.24231515369692605	0	1.0	1.0	1.0	1.0	1.0	1.0	1.0	1.0	1.0	1.0	1.0	1.0	1.0	1.0	1.0	1.0	1.0	1.0	1.0	1.0	1.0	1.0	1.0	1.0	1.0	1.0
