105
22017      0.0000000 0.0356589 0.0352413 0.0317378 0.0114510 0.0352415 0.0349162 0.0433917 0.0392669 0.0515710 0.0352413 0.0353521 0.0600616 0.0352556 0.0234027 0.0352413 0.0352556 0.0387286 0.0394128 0.0431832 0.0395759 0.0312255 0.0394127 0.0354691 0.0435186 0.0352413 0.0352413 0.0352415 0.0312382 0.0590750 0.0314882 0.0312382 0.0535796 0.0352415 0.0352750 0.0299116 0.0352413 0.0356661 0.0312382 0.0392670 0.0298686 0.0272463 0.0312552 0.0353521 0.0352750 0.0535551 0.0352415 0.0272628 0.0353719 0.0352750 0.0352413 0.0193182 0.0114916 0.0353860 0.0393204 0.0392986 0.0352415 0.0312258 0.0352556 0.0312382 0.0353718 0.0583625 0.0114466 0.0352556 0.0054586 0.0395759 0.0312382 0.0489362 0.0037947 0.0352748 0.0299101 0.0413941 0.0330755 0.0154952 0.0166401 0.0114916 0.0193879 0.0193363 0.0154256 0.0194067 0.0114916 0.0353862 0.0352415 0.0312258 0.0232887 0.0486365 0.0313409 0.0352556 0.0272463 0.0193879 0.0154256 0.0076102 0.0352556 0.0233790 0.0114961 0.0272463 0.0514995 0.0641834 0.0329400 0.0394129 0.0312258 0.0312382 0.0477808 0.0124124 0.0538174 
4227594    0.0356589 0.0000000 0.0075624 0.0038292 0.0314776 0.0075626 0.0084556 0.0152335 0.0113744 0.0190860 0.0075624 0.0037710 0.0269605 0.0075655 0.0442630 0.0075624 0.0075655 0.0082827 0.0114152 0.0124666 0.0114603 0.0113747 0.0191372 0.0153085 0.0230491 0.0075624 0.0075624 0.0075626 0.0113793 0.0368010 0.0114673 0.0113793 0.0170370 0.0075626 0.0075693 0.0082793 0.0152136 0.0115074 0.0037710 0.0113747 0.0041212 0.0075626 0.0113851 0.0075851 0.0075693 0.0170296 0.0075626 0.0037852 0.0075895 0.0075693 0.0075624 0.0398441 0.0315943 0.0075920 0.0113894 0.0113837 0.0075626 0.0113749 0.0075655 0.0037710 0.0152678 0.0363709 0.0395692 0.0075655 0.0339919 0.0192138 0.0037710 0.0127333 0.0314776 0.0152273 0.0041273 0.0160646 0.0039851 0.0359563 0.0341462 0.0315943 0.0399944 0.0398829 0.0357923 0.0400334 0.0315943 0.0075924 0.0075626 0.0113749 0.0113793 0.0195454 0.0114155 0.0075655 0.0075626 0.0399944 0.0274651 0.0274546 0.0075655 0.0114225 0.0397497 0.0075626 0.0229453 0.0348369 0.0039691 0.0114155 0.0113749 0.0037710 0.0192138 0.0295484 0.0171095 
29219      0.0352413 0.0075624 0.0000000 0.0037859 0.0311116 0.0074781 0.0041627 0.0150620 0.0112470 0.0227152 0.0074779 0.0075001 0.0305565 0.0074810 0.0437365 0.0074779 0.0074810 0.0081815 0.0112868 0.0123136 0.0113309 0.0112472 0.0189208 0.0151354 0.0227874 0.0074779 0.0074779 0.0074781 0.0112518 0.0363563 0.0113378 0.0112518 0.0211850 0.0074781 0.0074847 0.0081781 0.0150426 0.0113770 0.0037290 0.0112472 0.0040711 0.0074781 0.0112574 0.0075001 0.0074847 0.0211759 0.0074781 0.0037429 0.0075044 0.0074847 0.0074779 0.0393750 0.0312255 0.0075069 0.0112617 0.0112560 0.0074781 0.0112475 0.0074810 0.0037290 0.0150956 0.0359366 0.0391065 0.0074810 0.0337919 0.0189956 0.0037290 0.0168894 0.0311116 0.0150560 0.0040771 0.0158740 0.0039382 0.0355318 0.0382141 0.0312255 0.0395217 0.0394128 0.0353716 0.0395598 0.0312255 0.0075072 0.0074781 0.0112475 0.0112518 0.0193196 0.0112871 0.0074810 0.0074781 0.0395217 0.0271466 0.0271364 0.0074810 0.0112940 0.0392827 0.0074781 0.0226860 0.0344383 0.0039226 0.0112871 0.0112475 0.0037290 0.0189956 0.0291801 0.0212746 
2768937    0.0317378 0.0038292 0.0037859 0.0000000 0.0275785 0.0037860 0.0042336 0.0114393 0.0075923 0.0191700 0.0037859 0.0037972 0.0270800 0.0037874 0.0402916 0.0037859 0.0037874 0.0041470 0.0076195 0.0083223 0.0076496 0.0075925 0.0153289 0.0114956 0.0192316 0.0037859 0.0037859 0.0037860 0.0075956 0.0327552 0.0076544 0.0075956 0.0171896 0.0037860 0.0037893 0.0041452 0.0114244 0.0076812 0.0000010 0.0075925 0.0000010 0.0037860 0.0075994 0.0037972 0.0037893 0.0171821 0.0037860 0.0000010 0.0037994 0.0037893 0.0037859 0.0359066 0.0276805 0.0038007 0.0076023 0.0075985 0.0037860 0.0075927 0.0037874 0.0000010 0.0114651 0.0323723 0.0356589 0.0037874 0.0286964 0.0153903 0.0000010 0.0128470 0.0275785 0.0075954 0.0000010 0.0120643 0.0000010 0.0320030 0.0344531 0.0276805 0.0360418 0.0359415 0.0318564 0.0360772 0.0276805 0.0038009 0.0037860 0.0075927 0.0075956 0.0156562 0.0076197 0.0037874 0.0037860 0.0360418 0.0235716 0.0235627 0.0037874 0.0076245 0.0358214 0.0037860 0.0191451 0.0310057 0.0000010 0.0076197 0.0075927 0.0000010 0.0153903 0.0253624 0.0172635 
44079      0.0114510 0.0314776 0.0311116 0.0275785 0.0000000 0.0311119 0.0258968 0.0391752 0.0350979 0.0472736 0.0311116 0.0312086 0.0556631 0.0311243 0.0193698 0.0311116 0.0311243 0.0297923 0.0352274 0.0341670 0.0353719 0.0271364 0.0352272 0.0313111 0.0392886 0.0311116 0.0311116 0.0311119 0.0271474 0.0544483 0.0273630 0.0271474 0.0487316 0.0311119 0.0311411 0.0211329 0.0311116 0.0314842 0.0271474 0.0350981 0.0254110 0.0231956 0.0271619 0.0312086 0.0311411 0.0487095 0.0311119 0.0232097 0.0312261 0.0311411 0.0311116 0.0153509 0.0076102 0.0312382 0.0351454 0.0351263 0.0311119 0.0271367 0.0311243 0.0271474 0.0312258 0.0537968 0.0152499 0.0311243 0.0109669 0.0353719 0.0271474 0.0441420 0.0075835 0.0311408 0.0297909 0.0369856 0.0287328 0.0115433 0.0123899 0.0076102 0.0154057 0.0153651 0.0114916 0.0154206 0.0076102 0.0312386 0.0311119 0.0271367 0.0271474 0.0442672 0.0272359 0.0311243 0.0231956 0.0154057 0.0114916 0.0037800 0.0311243 0.0272525 0.0153159 0.0231956 0.0472088 0.0597488 0.0244460 0.0352276 0.0271367 0.0271474 0.0434940 0.0123650 0.0489463 
29245      0.0352415 0.0075626 0.0074781 0.0037860 0.0311119 0.0000000 0.0041627 0.0150623 0.0112472 0.0227155 0.0074781 0.0075003 0.0305568 0.0074812 0.0437365 0.0074781 0.0074812 0.0040788 0.0112871 0.0081851 0.0113312 0.0112475 0.0189211 0.0151357 0.0227877 0.0074781 0.0074781 0.0074783 0.0112520 0.0363565 0.0113381 0.0112520 0.0211854 0.0074783 0.0074849 0.0040771 0.0150429 0.0113773 0.0037291 0.0112475 0.0040712 0.0074783 0.0112577 0.0075003 0.0074849 0.0126237 0.0074783 0.0037430 0.0075046 0.0074849 0.0074781 0.0393750 0.0312258 0.0075071 0.0112619 0.0112563 0.0074783 0.0112478 0.0074812 0.0037291 0.0150959 0.0359367 0.0391066 0.0074812 0.0337922 0.0189960 0.0037291 0.0168898 0.0311119 0.0150563 0.0040772 0.0158744 0.0039383 0.0355320 0.0382142 0.0312258 0.0395218 0.0394129 0.0353718 0.0395599 0.0312258 0.0075074 0.0074783 0.0112478 0.0112520 0.0193200 0.0112874 0.0074812 0.0074783 0.0395218 0.0271469 0.0271367 0.0074812 0.0112942 0.0392828 0.0074783 0.0226863 0.0344385 0.0000010 0.0112874 0.0112478 0.0037291 0.0189960 0.0291804 0.0212750 
3591671    0.0349162 0.0084556 0.0041627 0.0042336 0.0258968 0.0041627 0.0000000 0.0125738 0.0041627 0.0254003 0.0083501 0.0083778 0.0342036 0.0083539 0.0443952 0.0083501 0.0041627 0.0085092 0.0083831 0.0128085 0.0126674 0.0125628 0.0211566 0.0169240 0.0254908 0.0041627 0.0041627 0.0083503 0.0125685 0.0409784 0.0126760 0.0125685 0.0240282 0.0083503 0.0083585 0.0085055 0.0168080 0.0042141 0.0041627 0.0125628 0.0045933 0.0083503 0.0125755 0.0083778 0.0083585 0.0191469 0.0041627 0.0041800 0.0083831 0.0083585 0.0041627 0.0350073 0.0304433 0.0083862 0.0083539 0.0125738 0.0083503 0.0083503 0.0000010 0.0041627 0.0168743 0.0404465 0.0392235 0.0083539 0.0330485 0.0212503 0.0041627 0.0191469 0.0303196 0.0125809 0.0000010 0.0178526 0.0044250 0.0352374 0.0382308 0.0304433 0.0396884 0.0395664 0.0350601 0.0397311 0.0304433 0.0083866 0.0083503 0.0125631 0.0125685 0.0216567 0.0126126 0.0083539 0.0083503 0.0396884 0.0304433 0.0258968 0.0083539 0.0125685 0.0394207 0.0083503 0.0253637 0.0385574 0.0041627 0.0126126 0.0125631 0.0041627 0.0212503 0.0280870 0.0240282 
4227660    0.0433917 0.0152335 0.0150620 0.0114393 0.0391752 0.0150623 0.0125738 0.0000000 0.0188783 0.0305039 0.0150620 0.0151072 0.0384715 0.0150681 0.0520782 0.0150620 0.0150681 0.0123191 0.0189457 0.0164809 0.0190204 0.0188786 0.0266790 0.0228661 0.0306017 0.0150620 0.0150620 0.0150623 0.0188862 0.0447765 0.0190319 0.0188862 0.0212159 0.0150623 0.0150757 0.0123139 0.0227246 0.0190980 0.0112662 0.0188786 0.0123080 0.0150623 0.0188959 0.0151072 0.0150757 0.0298834 0.0150623 0.0113085 0.0151157 0.0150757 0.0150620 0.0476014 0.0393204 0.0151210 0.0037353 0.0188935 0.0150623 0.0188790 0.0150681 0.0112662 0.0228055 0.0442560 0.0472733 0.0150681 0.0396600 0.0267855 0.0112662 0.0255366 0.0391752 0.0227451 0.0123258 0.0239900 0.0119027 0.0437516 0.0470821 0.0393204 0.0477811 0.0476477 0.0435541 0.0478270 0.0393204 0.0151215 0.0150623 0.0188790 0.0188862 0.0272458 0.0189461 0.0150681 0.0150623 0.0477811 0.0351593 0.0351454 0.0150681 0.0189575 0.0474890 0.0150623 0.0304641 0.0423949 0.0078739 0.0189461 0.0188790 0.0112662 0.0267855 0.0378126 0.0213058 
2768977    0.0392669 0.0113744 0.0112470 0.0075923 0.0350979 0.0112472 0.0041627 0.0188783 0.0000000 0.0265728 0.0112470 0.0112805 0.0344700 0.0112515 0.0478490 0.0112470 0.0112515 0.0040788 0.0074976 0.0081851 0.0151489 0.0150366 0.0227665 0.0189706 0.0266576 0.0112470 0.0037257 0.0112472 0.0150426 0.0405135 0.0151581 0.0150426 0.0254988 0.0112472 0.0112571 0.0040771 0.0188539 0.0152105 0.0074779 0.0150366 0.0081660 0.0112472 0.0150502 0.0112805 0.0112571 0.0254878 0.0112472 0.0075059 0.0112868 0.0112571 0.0037257 0.0434345 0.0352271 0.0112907 0.0150560 0.0150484 0.0112472 0.0150369 0.0112515 0.0074779 0.0189206 0.0400449 0.0431370 0.0112515 0.0395823 0.0228569 0.0074779 0.0211755 0.0350979 0.0188707 0.0081779 0.0198989 0.0078985 0.0395913 0.0425897 0.0352271 0.0435973 0.0434765 0.0394128 0.0436392 0.0352271 0.0112912 0.0112472 0.0150369 0.0150426 0.0232479 0.0150900 0.0112515 0.0112472 0.0435973 0.0311110 0.0310990 0.0112515 0.0150992 0.0433325 0.0112472 0.0265385 0.0383693 0.0078672 0.0150900 0.0150369 0.0074779 0.0228569 0.0334480 0.0256069 
51798      0.0515710 0.0190860 0.0227152 0.0191700 0.0472736 0.0227155 0.0254003 0.0305039 0.0265728 0.0000000 0.0150484 0.0227839 0.0075021 0.0227243 0.0604366 0.0227152 0.0227243 0.0248813 0.0266683 0.0291269 0.0267744 0.0265732 0.0344889 0.0306550 0.0305733 0.0227152 0.0227152 0.0227155 0.0265838 0.0532283 0.0267904 0.0265838 0.0211850 0.0227155 0.0227360 0.0248708 0.0304638 0.0268835 0.0188783 0.0188614 0.0206355 0.0227155 0.0265976 0.0227839 0.0150620 0.0211759 0.0227155 0.0189495 0.0227965 0.0227360 0.0227152 0.0558504 0.0474508 0.0228048 0.0266079 0.0265940 0.0227155 0.0265735 0.0227243 0.0188783 0.0305732 0.0526056 0.0554618 0.0227243 0.0573820 0.0346276 0.0188783 0.0168894 0.0472736 0.0304917 0.0206638 0.0321697 0.0199504 0.0520009 0.0470616 0.0474508 0.0560635 0.0559052 0.0517662 0.0561172 0.0474508 0.0228054 0.0227155 0.0265735 0.0265838 0.0272201 0.0266686 0.0227243 0.0227155 0.0560635 0.0432135 0.0431958 0.0227243 0.0266845 0.0557175 0.0227155 0.0150350 0.0266260 0.0198710 0.0266686 0.0265735 0.0188783 0.0346276 0.0464928 0.0212746 
29275      0.0352413 0.0075624 0.0074779 0.0037859 0.0311116 0.0074781 0.0083501 0.0150620 0.0112470 0.0150484 0.0000000 0.0075001 0.0227721 0.0074810 0.0437365 0.0074779 0.0074810 0.0081815 0.0112868 0.0123136 0.0113309 0.0112472 0.0189208 0.0151354 0.0227874 0.0074779 0.0074779 0.0074781 0.0112518 0.0363563 0.0113378 0.0112518 0.0211850 0.0074781 0.0074847 0.0081781 0.0150426 0.0113770 0.0037290 0.0037258 0.0040711 0.0074781 0.0112574 0.0075001 0.0074847 0.0211759 0.0074781 0.0037429 0.0075044 0.0074847 0.0074779 0.0393750 0.0312255 0.0075069 0.0112617 0.0112560 0.0074781 0.0112475 0.0074810 0.0037290 0.0150956 0.0359366 0.0391065 0.0074810 0.0337919 0.0189956 0.0037290 0.0168894 0.0311116 0.0150560 0.0040771 0.0158740 0.0039382 0.0355318 0.0338650 0.0312255 0.0395217 0.0394128 0.0353716 0.0395598 0.0312255 0.0075072 0.0074781 0.0112475 0.0112518 0.0193196 0.0112871 0.0074810 0.0074781 0.0395217 0.0271466 0.0271364 0.0074810 0.0112940 0.0392827 0.0074781 0.0150293 0.0266157 0.0039226 0.0112871 0.0112475 0.0037290 0.0189956 0.0291801 0.0212746 
89691      0.0353521 0.0037710 0.0075001 0.0037972 0.0312086 0.0075003 0.0083778 0.0151072 0.0112805 0.0227839 0.0075001 0.0000000 0.0306501 0.0075032 0.0438767 0.0075001 0.0075032 0.0082081 0.0113206 0.0123539 0.0113649 0.0112807 0.0189779 0.0151810 0.0228565 0.0075001 0.0075001 0.0075003 0.0112853 0.0364743 0.0113719 0.0112853 0.0212567 0.0075003 0.0075069 0.0082047 0.0150877 0.0114113 0.0037400 0.0112807 0.0040842 0.0075003 0.0112910 0.0075224 0.0075069 0.0212475 0.0075003 0.0037540 0.0075267 0.0075069 0.0075001 0.0394997 0.0313232 0.0075292 0.0112953 0.0112896 0.0075003 0.0112810 0.0075032 0.0037400 0.0151410 0.0360519 0.0392295 0.0075032 0.0280476 0.0190532 0.0037400 0.0169463 0.0312086 0.0151011 0.0040902 0.0159242 0.0039505 0.0356445 0.0383446 0.0313232 0.0396474 0.0395378 0.0354832 0.0396857 0.0313232 0.0075296 0.0075003 0.0112810 0.0112853 0.0193792 0.0113209 0.0075032 0.0075003 0.0396474 0.0272309 0.0272205 0.0075032 0.0113278 0.0394069 0.0075003 0.0227545 0.0345441 0.0039347 0.0113209 0.0112810 0.0037400 0.0190532 0.0292776 0.0213469 
53344      0.0600616 0.0269605 0.0305565 0.0270800 0.0556631 0.0305568 0.0342036 0.0384715 0.0344700 0.0075021 0.0227721 0.0306501 0.0000000 0.0227927 0.0691479 0.0305565 0.0305687 0.0334985 0.0345950 0.0378160 0.0347344 0.0344702 0.0425328 0.0386642 0.0385599 0.0305565 0.0305565 0.0305568 0.0344839 0.0620117 0.0347549 0.0266642 0.0299542 0.0305568 0.0305849 0.0334842 0.0384203 0.0348763 0.0266642 0.0266399 0.0291714 0.0305568 0.0345024 0.0306501 0.0227930 0.0299411 0.0305568 0.0267655 0.0306670 0.0305849 0.0305565 0.0644294 0.0558748 0.0306786 0.0345159 0.0344975 0.0305568 0.0344705 0.0305687 0.0266642 0.0385601 0.0612788 0.0639757 0.0305687 0.0573820 0.0427058 0.0266642 0.0255856 0.0556631 0.0384562 0.0292102 0.0405919 0.0281921 0.0521695 0.0561803 0.0558748 0.0646788 0.0644934 0.0602913 0.0647407 0.0558748 0.0306790 0.0305568 0.0344705 0.0344839 0.0353175 0.0345952 0.0305687 0.0305568 0.0646788 0.0515429 0.0515209 0.0305687 0.0346157 0.0558978 0.0305568 0.0227515 0.0188485 0.0280794 0.0345952 0.0344705 0.0266642 0.0427058 0.0554916 0.0300818 
29800      0.0352556 0.0075655 0.0074810 0.0037874 0.0311243 0.0074812 0.0083539 0.0150681 0.0112515 0.0227243 0.0074810 0.0075032 0.0227927 0.0000000 0.0437543 0.0074810 0.0074840 0.0081851 0.0112914 0.0123191 0.0113355 0.0112518 0.0189284 0.0151415 0.0227965 0.0074810 0.0074810 0.0074812 0.0112563 0.0363715 0.0113424 0.0037305 0.0211945 0.0074812 0.0074877 0.0081817 0.0150487 0.0113816 0.0037305 0.0112518 0.0040729 0.0074812 0.0112619 0.0075032 0.0074877 0.0211854 0.0074812 0.0037444 0.0075074 0.0074877 0.0074810 0.0393909 0.0312382 0.0075099 0.0112662 0.0112606 0.0074812 0.0112520 0.0074840 0.0037305 0.0151017 0.0359514 0.0391222 0.0074840 0.0280476 0.0190033 0.0037305 0.0168970 0.0311243 0.0150620 0.0040789 0.0158808 0.0039399 0.0274807 0.0382308 0.0312382 0.0395378 0.0394288 0.0353860 0.0395759 0.0312382 0.0075103 0.0074812 0.0112520 0.0112563 0.0193276 0.0112917 0.0074840 0.0074812 0.0395378 0.0271577 0.0271474 0.0074840 0.0112986 0.0312507 0.0074812 0.0226951 0.0266399 0.0039242 0.0112917 0.0112520 0.0037305 0.0190033 0.0291928 0.0212842 
4227688    0.0234027 0.0442630 0.0437365 0.0402916 0.0193698 0.0437365 0.0443952 0.0520782 0.0478490 0.0604366 0.0437365 0.0438767 0.0691479 0.0437543 0.0000000 0.0437365 0.0437543 0.0481382 0.0480297 0.0527027 0.0482324 0.0396312 0.0480299 0.0440244 0.0522338 0.0437365 0.0437365 0.0437365 0.0396474 0.0686456 0.0357214 0.0396474 0.0586275 0.0437365 0.0437791 0.0391052 0.0437365 0.0442715 0.0396474 0.0437365 0.0390508 0.0355668 0.0396696 0.0438767 0.0437791 0.0586003 0.0437365 0.0355883 0.0439012 0.0437791 0.0437365 0.0274549 0.0112935 0.0439195 0.0479152 0.0478878 0.0437365 0.0396313 0.0437543 0.0396474 0.0352830 0.0678033 0.0272694 0.0437543 0.0224362 0.0394760 0.0396474 0.0539195 0.0193698 0.0437791 0.0436022 0.0416352 0.0420165 0.0235952 0.0121644 0.0114634 0.0036801 0.0192883 0.0151579 0.0190678 0.0112935 0.0439191 0.0437365 0.0396313 0.0396474 0.0576510 0.0397799 0.0437543 0.0355668 0.0036801 0.0151579 0.0154466 0.0437543 0.0398040 0.0189397 0.0355668 0.0561667 0.0690769 0.0418425 0.0480295 0.0396313 0.0396474 0.0476596 0.0162963 0.0588901 
29802      0.0352413 0.0075624 0.0074779 0.0037859 0.0311116 0.0074781 0.0083501 0.0150620 0.0112470 0.0227152 0.0074779 0.0075001 0.0305565 0.0074810 0.0437365 0.0000000 0.0074810 0.0081815 0.0112868 0.0123136 0.0113309 0.0112472 0.0189208 0.0151354 0.0227874 0.0074779 0.0074779 0.0074781 0.0112518 0.0363563 0.0113378 0.0112518 0.0168970 0.0074781 0.0074847 0.0081781 0.0150426 0.0113770 0.0037290 0.0112472 0.0040711 0.0074781 0.0112574 0.0075001 0.0074847 0.0168898 0.0074781 0.0037429 0.0075044 0.0074847 0.0074779 0.0393750 0.0312255 0.0075069 0.0112617 0.0112560 0.0074781 0.0112475 0.0074810 0.0037290 0.0150956 0.0359366 0.0391065 0.0074810 0.0337919 0.0189956 0.0037290 0.0126291 0.0311116 0.0150560 0.0040771 0.0158740 0.0039382 0.0355318 0.0338650 0.0312255 0.0395217 0.0394128 0.0353716 0.0395598 0.0312255 0.0075072 0.0074781 0.0112475 0.0112518 0.0193196 0.0112871 0.0074810 0.0074781 0.0395217 0.0271466 0.0271364 0.0074810 0.0112940 0.0392827 0.0074781 0.0226860 0.0344383 0.0039226 0.0112871 0.0112475 0.0037290 0.0189956 0.0291801 0.0169684 
29806      0.0352556 0.0075655 0.0074810 0.0037874 0.0311243 0.0074812 0.0041627 0.0150681 0.0112515 0.0227243 0.0074810 0.0075032 0.0305687 0.0074840 0.0437543 0.0074810 0.0000000 0.0040788 0.0112914 0.0081851 0.0113355 0.0112518 0.0189284 0.0151415 0.0227965 0.0074810 0.0074810 0.0074812 0.0112563 0.0363715 0.0113424 0.0112563 0.0211945 0.0074812 0.0074877 0.0040771 0.0150487 0.0113816 0.0037305 0.0112518 0.0040729 0.0074812 0.0112619 0.0075032 0.0074877 0.0211854 0.0074812 0.0037444 0.0075074 0.0074877 0.0074810 0.0393909 0.0312382 0.0075099 0.0112662 0.0112606 0.0074812 0.0112520 0.0074840 0.0037305 0.0151017 0.0359514 0.0391222 0.0074840 0.0338116 0.0190033 0.0037305 0.0168970 0.0311243 0.0150620 0.0040789 0.0158808 0.0039399 0.0355464 0.0382308 0.0312382 0.0395378 0.0394288 0.0353860 0.0395759 0.0312382 0.0075103 0.0074812 0.0112520 0.0112563 0.0193276 0.0112917 0.0074840 0.0074812 0.0395378 0.0271577 0.0271474 0.0074840 0.0112986 0.0392986 0.0074812 0.0226951 0.0344520 0.0039242 0.0112917 0.0112520 0.0037305 0.0190033 0.0291928 0.0212842 
1390195    0.0387286 0.0082827 0.0081815 0.0041470 0.0297923 0.0040788 0.0085092 0.0123191 0.0040788 0.0248813 0.0081815 0.0082081 0.0334985 0.0081851 0.0481382 0.0081815 0.0040788 0.0000000 0.0082132 0.0040805 0.0124088 0.0123085 0.0207243 0.0165780 0.0249681 0.0040788 0.0040788 0.0081817 0.0123139 0.0400802 0.0124171 0.0123139 0.0234714 0.0081817 0.0081896 0.0081817 0.0164668 0.0124641 0.0040788 0.0123085 0.0044915 0.0081817 0.0123207 0.0082081 0.0081896 0.0187055 0.0040788 0.0040955 0.0082132 0.0081896 0.0040788 0.0388282 0.0343047 0.0082162 0.0081851 0.0123191 0.0081817 0.0081817 0.0081851 0.0040788 0.0165303 0.0395712 0.0429697 0.0081851 0.0388188 0.0208142 0.0040788 0.0187055 0.0341670 0.0123258 0.0044989 0.0174682 0.0043304 0.0390796 0.0423492 0.0343047 0.0434728 0.0433407 0.0388863 0.0435187 0.0343047 0.0082166 0.0081817 0.0123088 0.0123139 0.0212039 0.0123563 0.0000010 0.0081817 0.0434728 0.0298048 0.0297923 0.0081851 0.0123139 0.0431832 0.0081817 0.0248462 0.0377612 0.0041528 0.0123563 0.0123088 0.0040788 0.0208142 0.0322737 0.0234714 
1390196    0.0394128 0.0114152 0.0112868 0.0076195 0.0352274 0.0112871 0.0083831 0.0189457 0.0074976 0.0266683 0.0112868 0.0113206 0.0345950 0.0112914 0.0480297 0.0112868 0.0112914 0.0082132 0.0000000 0.0123615 0.0152032 0.0150900 0.0228482 0.0190387 0.0267537 0.0112868 0.0037388 0.0075044 0.0150961 0.0406689 0.0152124 0.0150961 0.0256015 0.0112871 0.0112971 0.0082097 0.0189211 0.0152652 0.0075044 0.0150900 0.0081976 0.0112871 0.0151038 0.0113206 0.0112971 0.0255903 0.0112871 0.0075326 0.0113270 0.0112971 0.0037388 0.0435969 0.0353576 0.0113309 0.0151096 0.0151019 0.0112871 0.0150903 0.0112914 0.0075044 0.0189883 0.0401958 0.0432971 0.0112914 0.0337919 0.0229393 0.0075044 0.0212604 0.0352274 0.0189381 0.0082095 0.0199738 0.0079280 0.0397396 0.0427614 0.0353576 0.0437609 0.0436391 0.0395598 0.0438031 0.0353576 0.0113314 0.0112871 0.0150903 0.0150961 0.0233331 0.0151439 0.0112914 0.0112871 0.0437609 0.0312255 0.0312134 0.0112914 0.0151531 0.0434940 0.0112871 0.0266337 0.0385086 0.0078964 0.0151439 0.0150903 0.0075044 0.0229393 0.0291801 0.0257104 
1390197    0.0431832 0.0124666 0.0123136 0.0083223 0.0341670 0.0081851 0.0128085 0.0164809 0.0081851 0.0291269 0.0123136 0.0123539 0.0378160 0.0123191 0.0527027 0.0123136 0.0081851 0.0040805 0.0123615 0.0000000 0.0166016 0.0164668 0.0249538 0.0207933 0.0292289 0.0081851 0.0081851 0.0123139 0.0164740 0.0446968 0.0166126 0.0164740 0.0234714 0.0123139 0.0123258 0.0123139 0.0206531 0.0166756 0.0081851 0.0164668 0.0090162 0.0123139 0.0164832 0.0123539 0.0123258 0.0187055 0.0081851 0.0082186 0.0123615 0.0123258 0.0081851 0.0432948 0.0387286 0.0123661 0.0123191 0.0164809 0.0123139 0.0123139 0.0123191 0.0081851 0.0207332 0.0441270 0.0474329 0.0123191 0.0455276 0.0250626 0.0081851 0.0187055 0.0385721 0.0164901 0.0090312 0.0219135 0.0086917 0.0435758 0.0472362 0.0387286 0.0479904 0.0478435 0.0433603 0.0480410 0.0387286 0.0123666 0.0123139 0.0164671 0.0164740 0.0255335 0.0165309 0.0040805 0.0123139 0.0479904 0.0341817 0.0341670 0.0123191 0.0164740 0.0476689 0.0123139 0.0290854 0.0421007 0.0083342 0.0165309 0.0164671 0.0081851 0.0250626 0.0370232 0.0234714 
68229      0.0395759 0.0114603 0.0113309 0.0076496 0.0353719 0.0113312 0.0126674 0.0190204 0.0151489 0.0267744 0.0113309 0.0113649 0.0347344 0.0113355 0.0482324 0.0113309 0.0113355 0.0124088 0.0152032 0.0166016 0.0000000 0.0151492 0.0229389 0.0191141 0.0268605 0.0113309 0.0113309 0.0113312 0.0151553 0.0408427 0.0152725 0.0151553 0.0257156 0.0113312 0.0113412 0.0124036 0.0189956 0.0153258 0.0075335 0.0151492 0.0082324 0.0113312 0.0151630 0.0113649 0.0113412 0.0257043 0.0113312 0.0075619 0.0113714 0.0113412 0.0113309 0.0437787 0.0355032 0.0037420 0.0151689 0.0151612 0.0113312 0.0151495 0.0113355 0.0075335 0.0190634 0.0403657 0.0434764 0.0113355 0.0280476 0.0230307 0.0075335 0.0213546 0.0353719 0.0190128 0.0082444 0.0200569 0.0039528 0.0399055 0.0429538 0.0355032 0.0439440 0.0438213 0.0397242 0.0439866 0.0355032 0.0113758 0.0113312 0.0151495 0.0151553 0.0114519 0.0152035 0.0113355 0.0113312 0.0439440 0.0313531 0.0313409 0.0113355 0.0152127 0.0436750 0.0113312 0.0267395 0.0386643 0.0079287 0.0152035 0.0151495 0.0075335 0.0230307 0.0337280 0.0258255 
37517      0.0312255 0.0113747 0.0112472 0.0075925 0.0271364 0.0112475 0.0125628 0.0188786 0.0150366 0.0265732 0.0112472 0.0112807 0.0344702 0.0112518 0.0396312 0.0112472 0.0112518 0.0123085 0.0150900 0.0164668 0.0151492 0.0000000 0.0074976 0.0113163 0.0112868 0.0112472 0.0112472 0.0112475 0.0074781 0.0322097 0.0075351 0.0074781 0.0211854 0.0112475 0.0112574 0.0040753 0.0037258 0.0152108 0.0074781 0.0150369 0.0081662 0.0037276 0.0074818 0.0112807 0.0112574 0.0211762 0.0112475 0.0075061 0.0112871 0.0112574 0.0112472 0.0353238 0.0272351 0.0112910 0.0150563 0.0150487 0.0112475 0.0074753 0.0112518 0.0074781 0.0112867 0.0318393 0.0350841 0.0112518 0.0337919 0.0151492 0.0074781 0.0168898 0.0271364 0.0188711 0.0081781 0.0198992 0.0078987 0.0314822 0.0295292 0.0272351 0.0354546 0.0353576 0.0313403 0.0354888 0.0272351 0.0112914 0.0112475 0.0074753 0.0074781 0.0232482 0.0075015 0.0112518 0.0037276 0.0354546 0.0231947 0.0231861 0.0112518 0.0075061 0.0352413 0.0037276 0.0265388 0.0383694 0.0078674 0.0150903 0.0074753 0.0074781 0.0228572 0.0291801 0.0212750 
37518      0.0394127 0.0191372 0.0189208 0.0153289 0.0352272 0.0189211 0.0211566 0.0266790 0.0227665 0.0344889 0.0189208 0.0189779 0.0425328 0.0189284 0.0480299 0.0189208 0.0189284 0.0207243 0.0228482 0.0249538 0.0229389 0.0074976 0.0000000 0.0190383 0.0037244 0.0189208 0.0189208 0.0189211 0.0150958 0.0322097 0.0152121 0.0150958 0.0299727 0.0189211 0.0189381 0.0123505 0.0112812 0.0230326 0.0150958 0.0227668 0.0081662 0.0112868 0.0151035 0.0189779 0.0189381 0.0299596 0.0189211 0.0151528 0.0189885 0.0189381 0.0189208 0.0435969 0.0353574 0.0189953 0.0227965 0.0227847 0.0189211 0.0150900 0.0189284 0.0150958 0.0189880 0.0318393 0.0432972 0.0189284 0.0456905 0.0229389 0.0150958 0.0256015 0.0352272 0.0266683 0.0165230 0.0281354 0.0159529 0.0397396 0.0383676 0.0353574 0.0437609 0.0436392 0.0395598 0.0438031 0.0353574 0.0189959 0.0189211 0.0150900 0.0150958 0.0312977 0.0151436 0.0189284 0.0112868 0.0437609 0.0312253 0.0312132 0.0189284 0.0151528 0.0434941 0.0112868 0.0344435 0.0464830 0.0158893 0.0228485 0.0150900 0.0150958 0.0307661 0.0379074 0.0301005 
37520      0.0354691 0.0153085 0.0151354 0.0114956 0.0313111 0.0151357 0.0169240 0.0228661 0.0189706 0.0306550 0.0151354 0.0151810 0.0386642 0.0151415 0.0440244 0.0151354 0.0151415 0.0165780 0.0190387 0.0207933 0.0191141 0.0113163 0.0190383 0.0000000 0.0229297 0.0151354 0.0151354 0.0151357 0.0113209 0.0365989 0.0114080 0.0113209 0.0300624 0.0151357 0.0151492 0.0082328 0.0151354 0.0191924 0.0113209 0.0189709 0.0123733 0.0075239 0.0113266 0.0151810 0.0151492 0.0300492 0.0151357 0.0113636 0.0151895 0.0151492 0.0151354 0.0396312 0.0314264 0.0151949 0.0189956 0.0189859 0.0151357 0.0113165 0.0151415 0.0113209 0.0113606 0.0361737 0.0393592 0.0151415 0.0399767 0.0152492 0.0113209 0.0256777 0.0313111 0.0228569 0.0123912 0.0158744 0.0119637 0.0357634 0.0384823 0.0314264 0.0397799 0.0396696 0.0356011 0.0398184 0.0314264 0.0151954 0.0151357 0.0113165 0.0113209 0.0273834 0.0113566 0.0151415 0.0075239 0.0397799 0.0273199 0.0273095 0.0151415 0.0113636 0.0395378 0.0075239 0.0306148 0.0426079 0.0119159 0.0190390 0.0113165 0.0113209 0.0230093 0.0336934 0.0301910 
37521      0.0435186 0.0230491 0.0227874 0.0192316 0.0392886 0.0227877 0.0254908 0.0306017 0.0266576 0.0305733 0.0227874 0.0228565 0.0385599 0.0227965 0.0522338 0.0227874 0.0227965 0.0249681 0.0267537 0.0292289 0.0268605 0.0112868 0.0037244 0.0229297 0.0000000 0.0227874 0.0227874 0.0227877 0.0189381 0.0363769 0.0190846 0.0189381 0.0299727 0.0227877 0.0228084 0.0165325 0.0150958 0.0269703 0.0189381 0.0266579 0.0122975 0.0151035 0.0189478 0.0228565 0.0151096 0.0299596 0.0227877 0.0190098 0.0228693 0.0228084 0.0227874 0.0477418 0.0394347 0.0228776 0.0266930 0.0266790 0.0227877 0.0189308 0.0227965 0.0189381 0.0228688 0.0359567 0.0474117 0.0227965 0.0516839 0.0268605 0.0189381 0.0256015 0.0392886 0.0305895 0.0207355 0.0322787 0.0200173 0.0438806 0.0428062 0.0394347 0.0479225 0.0477883 0.0436820 0.0479687 0.0394347 0.0228782 0.0227877 0.0189308 0.0189381 0.0273091 0.0189983 0.0227965 0.0151035 0.0479225 0.0352605 0.0352465 0.0227965 0.0190098 0.0476287 0.0151035 0.0384109 0.0505448 0.0199373 0.0267540 0.0189308 0.0189381 0.0347398 0.0422895 0.0301005 
89233      0.0352413 0.0075624 0.0074779 0.0037859 0.0311116 0.0074781 0.0041627 0.0150620 0.0112470 0.0227152 0.0074779 0.0075001 0.0305565 0.0074810 0.0437365 0.0074779 0.0074810 0.0040788 0.0112868 0.0081851 0.0113309 0.0112472 0.0189208 0.0151354 0.0227874 0.0000000 0.0074779 0.0074781 0.0112518 0.0363563 0.0113378 0.0112518 0.0211850 0.0074781 0.0074847 0.0040771 0.0150426 0.0113770 0.0037290 0.0112472 0.0040711 0.0074781 0.0112574 0.0075001 0.0074847 0.0211759 0.0074781 0.0037429 0.0075044 0.0074847 0.0074779 0.0393750 0.0312255 0.0075069 0.0112617 0.0112560 0.0074781 0.0112475 0.0074810 0.0037290 0.0150956 0.0359366 0.0391065 0.0074810 0.0337919 0.0189956 0.0037290 0.0168894 0.0311116 0.0074810 0.0040771 0.0158740 0.0039382 0.0355318 0.0382141 0.0312255 0.0395217 0.0394128 0.0353716 0.0395598 0.0312255 0.0075072 0.0074781 0.0112475 0.0112518 0.0193196 0.0112871 0.0074810 0.0074781 0.0395217 0.0271466 0.0271364 0.0074810 0.0112940 0.0392827 0.0074781 0.0226860 0.0344383 0.0039226 0.0112871 0.0112475 0.0037290 0.0189956 0.0291801 0.0212746 
1390227    0.0352413 0.0075624 0.0074779 0.0037859 0.0311116 0.0074781 0.0041627 0.0150620 0.0037257 0.0227152 0.0074779 0.0075001 0.0305565 0.0074810 0.0437365 0.0074779 0.0074810 0.0040788 0.0037388 0.0081851 0.0113309 0.0112472 0.0189208 0.0151354 0.0227874 0.0074779 0.0000000 0.0074781 0.0112518 0.0363563 0.0113378 0.0112518 0.0211850 0.0074781 0.0074847 0.0040771 0.0150426 0.0113770 0.0037290 0.0112472 0.0040711 0.0074781 0.0112574 0.0075001 0.0074847 0.0211759 0.0074781 0.0037429 0.0075044 0.0074847 0.0000010 0.0393750 0.0312255 0.0075069 0.0112617 0.0112560 0.0074781 0.0112475 0.0074810 0.0037290 0.0150956 0.0359366 0.0391065 0.0074810 0.0337919 0.0189956 0.0037290 0.0168894 0.0311116 0.0150560 0.0040771 0.0158740 0.0039382 0.0355318 0.0382141 0.0312255 0.0395217 0.0394128 0.0353716 0.0395598 0.0312255 0.0075072 0.0074781 0.0112475 0.0112518 0.0193196 0.0112871 0.0074810 0.0074781 0.0395217 0.0271466 0.0271364 0.0074810 0.0112940 0.0392827 0.0074781 0.0226860 0.0344383 0.0039226 0.0112871 0.0112475 0.0037290 0.0189956 0.0291801 0.0212746 
29332      0.0352415 0.0075626 0.0074781 0.0037860 0.0311119 0.0074783 0.0083503 0.0150623 0.0112472 0.0227155 0.0074781 0.0075003 0.0305568 0.0074812 0.0437365 0.0074781 0.0074812 0.0081817 0.0075044 0.0123139 0.0113312 0.0112475 0.0189211 0.0151357 0.0227877 0.0074781 0.0074781 0.0000000 0.0112520 0.0363565 0.0113381 0.0112520 0.0211854 0.0074783 0.0074849 0.0081783 0.0150429 0.0113773 0.0037291 0.0112475 0.0040712 0.0074783 0.0112577 0.0075003 0.0074849 0.0211762 0.0074783 0.0037430 0.0075046 0.0074849 0.0074781 0.0393750 0.0312258 0.0075071 0.0112619 0.0112563 0.0074783 0.0112478 0.0074812 0.0037291 0.0150959 0.0359367 0.0391066 0.0074812 0.0280476 0.0189960 0.0037291 0.0168898 0.0311119 0.0150563 0.0040772 0.0158744 0.0039383 0.0355320 0.0382142 0.0312258 0.0395218 0.0394129 0.0353718 0.0395599 0.0312258 0.0075074 0.0074783 0.0112478 0.0112520 0.0193200 0.0112874 0.0074812 0.0074783 0.0395218 0.0271469 0.0271367 0.0074812 0.0112942 0.0392828 0.0074783 0.0226863 0.0344385 0.0039227 0.0112874 0.0112478 0.0037291 0.0189960 0.0249375 0.0212750 
37524      0.0312382 0.0113793 0.0112518 0.0075956 0.0271474 0.0112520 0.0125685 0.0188862 0.0150426 0.0265838 0.0112518 0.0112853 0.0344839 0.0112563 0.0396474 0.0112518 0.0112563 0.0123139 0.0150961 0.0164740 0.0151553 0.0074781 0.0150958 0.0113209 0.0189381 0.0112518 0.0112518 0.0112520 0.0000000 0.0322232 0.0075382 0.0074812 0.0255106 0.0112520 0.0112619 0.0040771 0.0112518 0.0152170 0.0074812 0.0150429 0.0081699 0.0037291 0.0074849 0.0112853 0.0112619 0.0254996 0.0112520 0.0075092 0.0112917 0.0112619 0.0112518 0.0353381 0.0272463 0.0112955 0.0150623 0.0150547 0.0112520 0.0074783 0.0112563 0.0074812 0.0112912 0.0318525 0.0350983 0.0112563 0.0338116 0.0151553 0.0074812 0.0211854 0.0271474 0.0188786 0.0040772 0.0199076 0.0079021 0.0314951 0.0338650 0.0272463 0.0354691 0.0353719 0.0313531 0.0355033 0.0272463 0.0112960 0.0112520 0.0074783 0.0074812 0.0232577 0.0075046 0.0112563 0.0037291 0.0354691 0.0232042 0.0231956 0.0112563 0.0075092 0.0352556 0.0037291 0.0265493 0.0383846 0.0078707 0.0150964 0.0074783 0.0074812 0.0228664 0.0291928 0.0256187 
37526      0.0590750 0.0368010 0.0363563 0.0327552 0.0544483 0.0363565 0.0409784 0.0447765 0.0405135 0.0532283 0.0363563 0.0364743 0.0620117 0.0363715 0.0686456 0.0363563 0.0363715 0.0400802 0.0406689 0.0446968 0.0408427 0.0322097 0.0322097 0.0365989 0.0363769 0.0363563 0.0363563 0.0363565 0.0322232 0.0000000 0.0324894 0.0322232 0.0555250 0.0363565 0.0363922 0.0309468 0.0363563 0.0368086 0.0322232 0.0405135 0.0124861 0.0281013 0.0322413 0.0364743 0.0363922 0.0554986 0.0363565 0.0323527 0.0364954 0.0363922 0.0363563 0.0636750 0.0546663 0.0365104 0.0405705 0.0405472 0.0363565 0.0322100 0.0363715 0.0322232 0.0364953 0.0367929 0.0632025 0.0322232 0.0686960 0.0322100 0.0322232 0.0507065 0.0544483 0.0447579 0.0354945 0.0473971 0.0296859 0.0595984 0.0644861 0.0546663 0.0639349 0.0637418 0.0593140 0.0639995 0.0546663 0.0322232 0.0363565 0.0322100 0.0322232 0.0502337 0.0323325 0.0363715 0.0281013 0.0639349 0.0501106 0.0500882 0.0363715 0.0323527 0.0635138 0.0281013 0.0531521 0.0662720 0.0340374 0.0406689 0.0322100 0.0322232 0.0493214 0.0589034 0.0557803 
37527      0.0314882 0.0114673 0.0113378 0.0076544 0.0273630 0.0113381 0.0126760 0.0190319 0.0151581 0.0267904 0.0113378 0.0113719 0.0347549 0.0113424 0.0357214 0.0113378 0.0113424 0.0124171 0.0152124 0.0166126 0.0152725 0.0075351 0.0152121 0.0114080 0.0190846 0.0113378 0.0113378 0.0113381 0.0075382 0.0324894 0.0000000 0.0075382 0.0257327 0.0113381 0.0113481 0.0041110 0.0113378 0.0153352 0.0075382 0.0151584 0.0082379 0.0037574 0.0075419 0.0113719 0.0113481 0.0257214 0.0113381 0.0075666 0.0113783 0.0113481 0.0113378 0.0356228 0.0233790 0.0113823 0.0151781 0.0151704 0.0113381 0.0075353 0.0113424 0.0075382 0.0075353 0.0321125 0.0353790 0.0113424 0.0342038 0.0113783 0.0075382 0.0213690 0.0273630 0.0190242 0.0082500 0.0199823 0.0079657 0.0317493 0.0296663 0.0233790 0.0315622 0.0314759 0.0274634 0.0315929 0.0233790 0.0113827 0.0113381 0.0075353 0.0075382 0.0234421 0.0075619 0.0113424 0.0037574 0.0315622 0.0193574 0.0233790 0.0113424 0.0075666 0.0313724 0.0037574 0.0267554 0.0386869 0.0079339 0.0152127 0.0075353 0.0075382 0.0190755 0.0250516 0.0258427 
37530      0.0312382 0.0113793 0.0112518 0.0075956 0.0271474 0.0112520 0.0125685 0.0188862 0.0150426 0.0265838 0.0112518 0.0112853 0.0266642 0.0037305 0.0396474 0.0112518 0.0112563 0.0123139 0.0150961 0.0164740 0.0151553 0.0074781 0.0150958 0.0113209 0.0189381 0.0112518 0.0112518 0.0112520 0.0074812 0.0322232 0.0075382 0.0000000 0.0255106 0.0112520 0.0112619 0.0040771 0.0112518 0.0152170 0.0074812 0.0150429 0.0081699 0.0037291 0.0074849 0.0112853 0.0112619 0.0254996 0.0112520 0.0075092 0.0112917 0.0112619 0.0112518 0.0353381 0.0272463 0.0112955 0.0150623 0.0150547 0.0112520 0.0074783 0.0112563 0.0074812 0.0112912 0.0318525 0.0350983 0.0112563 0.0280476 0.0151553 0.0074812 0.0211854 0.0271474 0.0188786 0.0081817 0.0199076 0.0079021 0.0234793 0.0338650 0.0272463 0.0354691 0.0353719 0.0313531 0.0355033 0.0272463 0.0112960 0.0112520 0.0074783 0.0074812 0.0232577 0.0075046 0.0112563 0.0037291 0.0354691 0.0232042 0.0231956 0.0112563 0.0075092 0.0272571 0.0037291 0.0265493 0.0305287 0.0078707 0.0150964 0.0074783 0.0074812 0.0228664 0.0291928 0.0256187 
693411     0.0535796 0.0170370 0.0211850 0.0171896 0.0487316 0.0211854 0.0240282 0.0212159 0.0254988 0.0211850 0.0211850 0.0212567 0.0299542 0.0211945 0.0586275 0.0168970 0.0211945 0.0234714 0.0256015 0.0234714 0.0257156 0.0211854 0.0299727 0.0300624 0.0299727 0.0211850 0.0211850 0.0211854 0.0255106 0.0555250 0.0257327 0.0255106 0.0000000 0.0168970 0.0168970 0.0234602 0.0255106 0.0258331 0.0168970 0.0211850 0.0186762 0.0211854 0.0255255 0.0212567 0.0168970 0.0083906 0.0211854 0.0169684 0.0212700 0.0126348 0.0211850 0.0584118 0.0489362 0.0212786 0.0255366 0.0255217 0.0168970 0.0254996 0.0211945 0.0168970 0.0299725 0.0547921 0.0533288 0.0211945 0.0474341 0.0345139 0.0168970 0.0041827 0.0487316 0.0298830 0.0187054 0.0271155 0.0179780 0.0540824 0.0545004 0.0489362 0.0537490 0.0584764 0.0538082 0.0587263 0.0489362 0.0212792 0.0211854 0.0254996 0.0255106 0.0306576 0.0256018 0.0211945 0.0211854 0.0537490 0.0441625 0.0441420 0.0168970 0.0256190 0.0582554 0.0211854 0.0168894 0.0299542 0.0178974 0.0212700 0.0254996 0.0168970 0.0345139 0.0479651 0.0000010 
29358      0.0352415 0.0075626 0.0074781 0.0037860 0.0311119 0.0074783 0.0083503 0.0150623 0.0112472 0.0227155 0.0074781 0.0075003 0.0305568 0.0074812 0.0437365 0.0074781 0.0074812 0.0081817 0.0112871 0.0123139 0.0113312 0.0112475 0.0189211 0.0151357 0.0227877 0.0074781 0.0074781 0.0074783 0.0112520 0.0363565 0.0113381 0.0112520 0.0168970 0.0000000 0.0074849 0.0081783 0.0150429 0.0113773 0.0037291 0.0112475 0.0040712 0.0074783 0.0112577 0.0075003 0.0074849 0.0168898 0.0074783 0.0037430 0.0075046 0.0074849 0.0074781 0.0393750 0.0312258 0.0075071 0.0112619 0.0112563 0.0074783 0.0112478 0.0074812 0.0037291 0.0150959 0.0359367 0.0391066 0.0074812 0.0337922 0.0189960 0.0037291 0.0126291 0.0311119 0.0150563 0.0040772 0.0158744 0.0039383 0.0355320 0.0338650 0.0312258 0.0395218 0.0394129 0.0353718 0.0395599 0.0312258 0.0075074 0.0074783 0.0112478 0.0112520 0.0193200 0.0112874 0.0074812 0.0074783 0.0395218 0.0271469 0.0271367 0.0074812 0.0112942 0.0392828 0.0074783 0.0226863 0.0344385 0.0039227 0.0112874 0.0112478 0.0037291 0.0189960 0.0291804 0.0169684 
29359      0.0352750 0.0075693 0.0074847 0.0037893 0.0311411 0.0074849 0.0083585 0.0150757 0.0112571 0.0227360 0.0074847 0.0075069 0.0305849 0.0074877 0.0437791 0.0074847 0.0074877 0.0081896 0.0112971 0.0123258 0.0113412 0.0112574 0.0189381 0.0151492 0.0228084 0.0074847 0.0074847 0.0074849 0.0112619 0.0363922 0.0113481 0.0112619 0.0168970 0.0074849 0.0000000 0.0081862 0.0150563 0.0113874 0.0037323 0.0112574 0.0040751 0.0074849 0.0112676 0.0075069 0.0074914 0.0168898 0.0074849 0.0037463 0.0075111 0.0074914 0.0074847 0.0394128 0.0312552 0.0075137 0.0112719 0.0112662 0.0074849 0.0112577 0.0074877 0.0037323 0.0151094 0.0359716 0.0391438 0.0074877 0.0338382 0.0190131 0.0037323 0.0126291 0.0311411 0.0150696 0.0040810 0.0158893 0.0039419 0.0355660 0.0338650 0.0312552 0.0395598 0.0394507 0.0354055 0.0395980 0.0312552 0.0075140 0.0074849 0.0112577 0.0112619 0.0193377 0.0112973 0.0074877 0.0074849 0.0395598 0.0271722 0.0271619 0.0074877 0.0113042 0.0393204 0.0074849 0.0227068 0.0344705 0.0039262 0.0112973 0.0112577 0.0037323 0.0190131 0.0292097 0.0169684 
64698      0.0299116 0.0082793 0.0081781 0.0041452 0.0211329 0.0040771 0.0085055 0.0123139 0.0040771 0.0248708 0.0081781 0.0082047 0.0334842 0.0081817 0.0391052 0.0081781 0.0040771 0.0081817 0.0082097 0.0123139 0.0124036 0.0040753 0.0123505 0.0082328 0.0165325 0.0040771 0.0040771 0.0081783 0.0040771 0.0309468 0.0041110 0.0040771 0.0234602 0.0081783 0.0081862 0.0000000 0.0081781 0.0124589 0.0040771 0.0123034 0.0044894 0.0000010 0.0040793 0.0082047 0.0081862 0.0186967 0.0040771 0.0040938 0.0082097 0.0081862 0.0040771 0.0299879 0.0255489 0.0082128 0.0081817 0.0123139 0.0081783 0.0000010 0.0081817 0.0040771 0.0082094 0.0305569 0.0341372 0.0081817 0.0321796 0.0124036 0.0040771 0.0186967 0.0254476 0.0123207 0.0044969 0.0174605 0.0043285 0.0301811 0.0326861 0.0255489 0.0345322 0.0344287 0.0300319 0.0345687 0.0255489 0.0082132 0.0081783 0.0040755 0.0040771 0.0211948 0.0040910 0.0081817 0.0000010 0.0345322 0.0211414 0.0211329 0.0081817 0.0040771 0.0343047 0.0000010 0.0248357 0.0377450 0.0041511 0.0123511 0.0040755 0.0040771 0.0208054 0.0275595 0.0234602 
37563      0.0352413 0.0152136 0.0150426 0.0114244 0.0311116 0.0150429 0.0168080 0.0227246 0.0188539 0.0304638 0.0150426 0.0150877 0.0384203 0.0150487 0.0437365 0.0150426 0.0150487 0.0164668 0.0189211 0.0206531 0.0189956 0.0037258 0.0112812 0.0151354 0.0150958 0.0150426 0.0150426 0.0150429 0.0112518 0.0363563 0.0113378 0.0112518 0.0255106 0.0150429 0.0150563 0.0081781 0.0000000 0.0190730 0.0112518 0.0188542 0.0122907 0.0074781 0.0112574 0.0150877 0.0150563 0.0254996 0.0150429 0.0112940 0.0150961 0.0150563 0.0150426 0.0393750 0.0312255 0.0151014 0.0188786 0.0188690 0.0150429 0.0112475 0.0150487 0.0112518 0.0150956 0.0359366 0.0391065 0.0150487 0.0396053 0.0189956 0.0112518 0.0211854 0.0311116 0.0227155 0.0081781 0.0239570 0.0118866 0.0355318 0.0338650 0.0312255 0.0395217 0.0394128 0.0353716 0.0395598 0.0312255 0.0151019 0.0150429 0.0112475 0.0112518 0.0272093 0.0112871 0.0150487 0.0074781 0.0395217 0.0271466 0.0271364 0.0150487 0.0112940 0.0392827 0.0074781 0.0304241 0.0423383 0.0118393 0.0189214 0.0112475 0.0112518 0.0267502 0.0334625 0.0256187 
